created_time,id,message_max_processed,m_m_p_replaced_to_abbreviation,shares,status_type,full_picture,reactions_like,reactions_haha,reactions_wow,reactions_sad,reactions_angry,reactions_love,has_textual_message
2020-02-29T11:23:27+0000,904277726319518_2878974912183113,bolsonavirus nada erroneo considerar bolsonaro acidente percurso recidiva agressiva patologias insuperadas face sistema imunologico debilitado tanto intui mentiras dissemina nao sao camufladas permite aferir precisao grau adesao cega movimento pestilento,bolsonavirus nada erroneo considerar jb acidente percurso recidiva agressiva patologias insuperadas face sistema imunologico debilitado tanto intui mentiras dissemina nao sao camufladas permite aferir precisao grau adesao cega movimento pestilento,818,shared_story,https://external-gru1-1.xx.fbcdn.net/safe_image.php?d=AQD2jceDZYu4wEoI&url=https%3A%2F%2Ff.i.uol.com.br%2Ffotografia%2F2020%2F02%2F18%2F15820719605e4c8098d4f67_1582071960_3x2_xl.jpg&_nc_hash=AQCny0oyYOE5VXH-,4996,209,19,40,58,636,True
2020-02-29T09:21:22+0000,904277726319518_2878783568868914,bolsonavirus nada erroneo considerar bolsonaro raio ceu azul acidente percurso bolsonaro recidiva agressiva patologias insuperadas face sistema imunologico debilitado tanto intui mentiras dissemina nao sao camufladas permite aferir precisao grau adesao cega movimento pestilento,bolsonavirus nada erroneo considerar jb raio ceu azul acidente percurso jb recidiva agressiva patologias insuperadas face sistema imunologico debilitado tanto intui mentiras dissemina nao sao camufladas permite aferir precisao grau adesao cega movimento pestilento,477,shared_story,https://external-gru1-1.xx.fbcdn.net/safe_image.php?d=AQD2jceDZYu4wEoI&url=https%3A%2F%2Ff.i.uol.com.br%2Ffotografia%2F2020%2F02%2F18%2F15820719605e4c8098d4f67_1582071960_3x2_xl.jpg&_nc_hash=AQCny0oyYOE5VXH-,2602,84,14,26,19,130,True
2020-02-28T00:14:25+0000,904277726319518_2875616525852285,cristiano zanin advogado lula fernando haddad discutem novidades processos contra lula revelacoes policia federal admitiu arquivos odebrecht usados lava jato podem ter sido manipulados existencia documentos provam sergio moro abriu inquerito contra lula pf lei seguranca nacional mentiu descoberto video ricardo stuckert,cristiano zanin advogado lula fh discutem novidades processos contra lula revelacoes policia federal admitiu arquivos odebrecht usados lava jato podem ter sido manipulados existencia documentos provam sergio moro abriu inquerito contra lula pf lei seguranca nacional mentiu descoberto video ricardo stuckert,540,mobile_status_update,https://scontent-gru2-2.xx.fbcdn.net/v/t15.5256-10/83906387_613842776137198_1347248987836514304_n.jpg?_nc_cat=102&_nc_sid=ad6a45&_nc_ohc=yttTWUYQGuwAX_r2WdL&_nc_ht=scontent-gru2-2.xx&oh=d9c65eb63ef539bf9f3787f44192dac8&oe=5EAFF0BF,3068,120,23,4,20,140,True
2020-02-26T12:12:56+0000,904277726319518_2872245456189392,disney pao ha ano governo bolsonaro ja sabia falta dinheiro bolsa familia menos cinco vezes ministerio cidadania pediu dinheiro fila espera continuasse zerada junta orcamentaria barrou pleitos,disney pao ha ano governo jb ja sabia falta dinheiro bolsa familia menos cinco vezes ministerio cidadania pediu dinheiro fila espera continuasse zerada junta orcamentaria barrou pleitos,1068,shared_story,https://external-gru1-1.xx.fbcdn.net/safe_image.php?d=AQC8X8xxZqPbMKtE&url=https%3A%2F%2Ff.i.uol.com.br%2Ffotografia%2F2020%2F02%2F09%2F15812871595e4086f7c08a3_1581287159_3x2_rt.jpg&_nc_hash=AQDP-uo8tNI_goY6,3148,48,24,1306,616,8,True
2020-02-26T00:58:59+0000,904277726319518_2871255852955019,bolsonaro tudo indica cometeu crime responsabilidade previsto constituicao jurou respeitar certamente nunca leu,jb tudo indica cometeu crime responsabilidade previsto constituicao jurou respeitar certamente nunca leu,1369,mobile_status_update,None,21619,524,79,68,77,1923,True
2020-02-24T19:51:01+0000,904277726319518_2868531243227480,impacto fundeb criamos qualidade educacao nordeste,impacto fundeb criamos qualidade educacao nordeste,3249,shared_story,https://external-gru1-1.xx.fbcdn.net/safe_image.php?d=AQBlYFJmfACk2VWY&url=https%3A%2F%2Fogimg.infoglobo.com.br%2Fin%2F24267237-ec0-cbe%2FFT1086A%2F652%2FLarissa.jpeg.jpg&_nc_hash=AQAEgzEDi5eQcXUr,10571,86,45,9,2,2635,True
2020-02-22T13:03:28+0000,904277726319518_2863199017094036,cronica semana nao podemos descuidar dois problemas ascensao extrema direita fez ressurgir fortalecimento milicias conflito federativo bolsonaro criouse perigosa tensao governos estaduais policias militares,cronica semana nao podemos descuidar dois problemas ascensao extrema direita fez ressurgir fortalecimento milicias conflito federativo jb criouse perigosa tensao governos estaduais policias militares,528,shared_story,https://external-gru1-1.xx.fbcdn.net/safe_image.php?d=AQBL459wIT5gfB30&url=https%3A%2F%2Ff.i.uol.com.br%2Ffotografia%2F2020%2F02%2F20%2F15822009245e4e785c22807_1582200924_3x2_rt.jpg&_nc_hash=AQDP6OEsLQ2FAIgV,2718,80,31,130,34,31,True
2020-02-22T00:18:55+0000,904277726319518_2862087573871847,bem falaram carnaval rua sp nao ia rolar triste ne,bem falaram carnaval rua sp nao ia rolar triste ne,1289,added_photos,https://scontent-gru1-1.xx.fbcdn.net/v/t1.0-9/s720x720/84204757_2862087510538520_2217392916576337920_n.jpg?_nc_cat=110&_nc_sid=110474&_nc_ohc=ud1QxEMObxQAX90Lqxg&_nc_ht=scontent-gru1-1.xx&_nc_tp=7&oh=c32c82ba8d6299783f87128e3edcf65f&oe=5EACFD98,29857,1003,132,25,14,12585,True
2020-02-20T11:28:49+0000,904277726319518_2858610960886175,ha clara tentativa desestabilizar melhores governos historia ceara camilo santana habitual firmeza sobriedade sabera enfrentar desafio todo apoio governador desejo pronto restabelecimento senador cid gomes melhores quadros politicos nordeste,ha clara tentativa desestabilizar melhores governos historia ceara camilo santana habitual firmeza sobriedade sabera enfrentar desafio todo apoio governador desejo pronto restabelecimento senador cid gomes melhores quadros politicos nordeste,588,mobile_status_update,None,9914,223,12,19,7,820,True
2020-02-18T20:38:19+0000,904277726319518_2855332637880674,brasilia discutindo oposicao brasil justo democratico foto ricardo stuckert,brasilia discutindo oposicao brasil justo democratico foto ricardo stuckert,541,added_photos,https://scontent-gru2-1.xx.fbcdn.net/v/t1.0-9/s720x720/86969815_2855332584547346_7403754617294553088_n.jpg?_nc_cat=107&_nc_sid=110474&_nc_ohc=jDYkgVM8BtkAX_KryqW&_nc_ht=scontent-gru2-1.xx&_nc_tp=7&oh=c05cb0e33b873fc66fdc28ecb0b100f9&oe=5EAEC0D7,9555,369,32,3,20,2114,True
2020-02-18T20:17:48+0000,904277726319518_2855299197884018,ser abjeto presidencia republica,ser abjeto presidencia republica,937,shared_story,https://external-gru1-1.xx.fbcdn.net/safe_image.php?d=AQCpFjn9HXscyOD_&url=https%3A%2F%2Ff.i.uol.com.br%2Ffotografia%2F2020%2F02%2F18%2F15820283015e4bd60d29f92_1582028301_3x2_lg.jpg&_nc_hash=AQBZwa3wxM1HuaDi,4588,177,44,723,2333,36,True
2020-02-17T10:51:16+0000,904277726319518_2852021088211829,bolsonaro sempre odiou nordeste impacto corte bolsas posgraduacao feito bolsonaro maior nordeste cursos atingidos sao areas engenharia educacao medicina,jb sempre odiou nordeste impacto corte bolsas posgraduacao feito jb maior nordeste cursos atingidos sao areas engenharia educacao medicina,2674,shared_story,https://external-gru1-1.xx.fbcdn.net/safe_image.php?d=AQAOxy2uyR6aetcm&url=https%3A%2F%2Ff.i.uol.com.br%2Ffotografia%2F2019%2F12%2F22%2F15770525435dffe97fb9805_1577052543_3x2_rt.jpg&_nc_hash=AQBKkVTsLyD0_xET,3466,65,47,1307,2333,9,True
2020-02-15T11:59:30+0000,904277726319518_2847768221970449,coluna semana sobre livros estados tentam institucionalizar censura literaria elites dirigentes menos tomassem gosto leitura antes procurar dirigila teriamos avanco cultural extraordinario,coluna semana sobre livros estados tentam institucionalizar censura literaria elites dirigentes menos tomassem gosto leitura antes procurar dirigila teriamos avanco cultural extraordinario,252,shared_story,https://external-gru1-1.xx.fbcdn.net/safe_image.php?d=AQDTwWNkR-rx9zoV&url=https%3A%2F%2Ff.i.uol.com.br%2Ffotografia%2F2020%2F02%2F14%2F15817069875e46eeeb7f2a3_1581706987_3x2_xl.jpg&_nc_hash=AQB41uYOnAvD43_S,1693,33,8,13,3,168,True
2020-02-13T22:16:20+0000,904277726319518_2844398988974039,vaticano encontro lula papa francisco conversar sobre mundo justo fraterno lulacomfrancisco fotos ricardo stuckert,vaticano encontro lula papa francisco conversar sobre mundo justo fraterno lulacomfrancisco fotos ricardo stuckert,966,added_photos,https://scontent-gru1-1.xx.fbcdn.net/v/t1.0-9/s720x720/86353770_2844398245640780_4461873818226393088_n.jpg?_nc_cat=110&_nc_sid=110474&_nc_ohc=Gp11lmWhveEAX-R8GTt&_nc_ht=scontent-gru1-1.xx&_nc_tp=7&oh=760cc4ce0875259f66de8edf3ddba438&oe=5EAEBEFE,12894,325,48,6,22,5176,True
2020-02-12T23:32:25+0000,904277726319518_2842368455843759,cara idiota vai ter pedir desculpas vez,cara idiota vai ter pedir desculpas vez,4111,shared_story,https://external-gru1-1.xx.fbcdn.net/safe_image.php?d=AQD4a3IzbncsTT7D&url=https%3A%2F%2Fogimg.infoglobo.com.br%2Feconomia%2F24219236-164-4ab%2FFT1086A%2F652%2F84445720_EN-Rio-de-Janeiro-RJ-06-09-2019Brasil-e-Argentina-anunciam-acordo-comercial-automoti.jpg&_nc_hash=AQBeTSFqXDZjAwjB,8865,190,140,893,4436,71,True
2020-02-11T12:35:18+0000,904277726319518_2839135976167007,investimento drenagem gestao doriacovas cai relacao media r miano r miano,investimento drenagem gestao doriacovas cai relacao media r miano r miano,1747,shared_story,https://external-gru1-1.xx.fbcdn.net/safe_image.php?d=AQC2xr7PcmTg7fEq&url=https%3A%2F%2Fconteudo.imguol.com.br%2Fc%2Fnoticias%2Fff%2F2020%2F02%2F10%2F10fev2020---avenida-mofarrej-ficou-completamente-alagada-apos-a-chuva-em-sao-paulo-moradores-nao-conseguem-sair-dos-predios-1581350811365_v2_615x300.jpg&_nc_hash=AQB3ofy8OCwwyoeT,4478,45,91,699,693,9,True
2020-02-10T23:36:00+0000,904277726319518_2838092716271333,lembrete estado sao paulo governado grupo politico desde,lembrete estado sao paulo governado grupo politico desde,1029,mobile_status_update,None,10066,74,50,329,80,117,True
2020-02-10T20:29:15+0000,904277726319518_2837850746295530,desmonte orgaos controle continua sob bolsonaro moro pf reduz operacoes nao bate meta,desmonte orgaos controle continua sob jb moro pf reduz operacoes nao bate meta,1408,shared_story,https://external-gru1-1.xx.fbcdn.net/safe_image.php?d=AQCJ9d1iFDwYau3U&url=https%3A%2F%2Fconteudo.imguol.com.br%2Fc%2Fnoticias%2F1c%2F2020%2F01%2F23%2Fpresidente-jair-bolsonaro-e-ministro-da-justica-sergio-moro-durante-cerimonia-no-palacio-do-planalto-1579803716131_v2_615x300.jpg&_nc_hash=AQCtIqwSYIuN7vQm,2653,283,79,91,599,3,True
2020-02-10T14:34:47+0000,904277726319518_2837302123017059,hoje estarei programa arte encontro barbara paz h canal brasil mina incrivel,hoje estarei programa arte encontro barbara paz h canal brasil mina incrivel,330,added_photos,https://scontent-gru2-1.xx.fbcdn.net/v/t1.0-9/s720x720/86183507_2837302066350398_994501455505260544_n.jpg?_nc_cat=111&_nc_sid=110474&_nc_ohc=tWTWgkIlB7IAX87qjpQ&_nc_ht=scontent-gru2-1.xx&_nc_tp=7&oh=1cef192830637a6f3705bb52dfa3d8f2&oe=5EAFB4B3,7519,80,27,1,8,1349,True
2020-02-10T10:31:12+0000,904277726319518_2836859526394652,maldade deste homem nao limites,maldade deste homem nao limites,6044,shared_story,https://external-gru1-1.xx.fbcdn.net/safe_image.php?d=AQC8X8xxZqPbMKtE&url=https%3A%2F%2Ff.i.uol.com.br%2Ffotografia%2F2020%2F02%2F09%2F15812871595e4086f7c08a3_1581287159_3x2_rt.jpg&_nc_hash=AQDP-uo8tNI_goY6,7425,202,125,4997,3350,19,True
2020-02-09T21:30:40+0000,904277726319518_2835867573160514,sera bolsonaros estao tristes perda amigo,sera jbs estao tristes perda amigo,568,mobile_status_update,None,7559,2188,87,25,29,148,True
2020-02-08T22:34:15+0000,904277726319518_2833631630050775, , ,378,mobile_status_update,https://scontent-gru2-1.xx.fbcdn.net/v/t15.5256-10/75640928_813860412455286_551673413706448896_n.jpg?_nc_cat=109&_nc_sid=ad6a45&_nc_ohc=MTKww4YbDkIAX-rcx4F&_nc_ht=scontent-gru2-1.xx&oh=800f1d39c30a4d34033727d29ff60a20&oe=5EAFDF06,3362,115,9,0,21,796,False
2020-02-08T19:18:17+0000,904277726319518_2833315943415677,hora ir rua defender partido legado botar fascistas correr gente ficar medo fake news medo rede social medo fascista vao avancar gente mostrar garra gente vao recuar pais volta ser governado gente decente fotos diego padilha,hora ir rua defender partido legado botar fascistas correr gente ficar medo fake news medo rede social medo fascista vao avancar gente mostrar garra gente vao recuar pais volta ser governado gente decente fotos diego padilha,2515,added_photos,https://scontent-gru1-1.xx.fbcdn.net/v/t1.0-0/p480x480/84633249_2833315303415741_6761865299571507200_n.jpg?_nc_cat=108&_nc_sid=110474&_nc_ohc=lbfoPmvvHh8AX9ztuxm&_nc_ht=scontent-gru1-1.xx&_nc_tp=6&oh=5397a25b5944e512472bff24fd88d668&oe=5EAE17C8,13489,2767,57,3,265,3082,True
2020-02-08T11:05:38+0000,904277726319518_2832460256834579,coluna semana sobre sociologia critica anos entendia discurso fascista,coluna semana sobre sociologia critica anos entendia discurso fascista,384,shared_story,https://external-gru1-1.xx.fbcdn.net/safe_image.php?d=AQDTEBuDga-WPv6C&url=https%3A%2F%2Ff.i.uol.com.br%2Ffotografia%2F2018%2F10%2F19%2F15399894735bca5fe1278b7_1539989473_3x2_xl.jpg&_nc_hash=AQCWD-hEJw-r602M,1894,60,11,0,5,127,True
2020-02-08T00:03:16+0000,904277726319518_2831565216924083,guedes chamaria servidor publico ficou anos trabalhar ainda rachava salario funcionarios gabinete,guedes chamaria servidor publico ficou anos trabalhar ainda rachava salario funcionarios gabinete,2225,mobile_status_update,None,11227,1478,57,27,57,888,True
2020-02-06T22:47:49+0000,904277726319518_2829292070484731,trevas governo rondonia chefiado coronel marcos rocha psl ja chefe centro inteligencia pmro secretario municipal educacao porto velho pede recolhimento livros macunaima sertoes,trevas governo rondonia chefiado coronel marcos rocha psl ja chefe centro inteligencia pmro secretario municipal educacao porto velho pede recolhimento livros macunaima sertoes,3383,shared_story,https://external-gru1-1.xx.fbcdn.net/safe_image.php?d=AQCCy2iNx8bKTxOm&url=https%3A%2F%2Fimg.estadao.com.br%2Ffotos3%2Ficon%2Festadao.gif&_nc_hash=AQBAQ2_R_Bo2lGrx,2768,24,439,1782,4117,10,True
2020-02-03T13:23:18+0000,904277726319518_2822205094526762, , ,1118,shared_story,https://external-gru1-1.xx.fbcdn.net/safe_image.php?d=AQDY3QuNGTbeirL-&url=https%3A%2F%2Ff.i.uol.com.br%2Ffotografia%2F2020%2F02%2F02%2F15806918665e37719a6674c_1580691866_3x2_rt.jpg&_nc_hash=AQDA8LP1JdCSqxcy,2247,33,70,1155,314,4,False
2020-02-02T21:45:41+0000,904277726319518_2820908857989719,cv contas bancarias usadas abastecer queiroz duas parentes nomeadas gabinete senador flavio b defendido bolsonaro discurso camara condenado homicidio condecorado flavio b medalha tiradentes,cv contas bancarias usadas abastecer queiroz duas parentes nomeadas gabinete senador flavio b defendido jb discurso camara condenado homicidio condecorado flavio b medalha tiradentes,1637,shared_story,https://external-gru1-1.xx.fbcdn.net/safe_image.php?d=AQAkyIBBvB9wakDU&url=https%3A%2F%2Ff.i.uol.com.br%2Ffotografia%2F2020%2F01%2F31%2F15804718695e34163db983a_1580471869_3x2_md.jpg&_nc_hash=AQD08rOhiiBJtpGj,3037,111,96,69,1043,8,True
2020-02-01T23:12:31+0000,904277726319518_2819007631513175,entrevista dei brasil,entrevista dei brasil,89,shared_story,https://external-gru1-1.xx.fbcdn.net/safe_image.php?d=AQARflV2jzjnGzSA&w=480&h=360&url=https%3A%2F%2Fi.ytimg.com%2Fvi%2F-NJOjOt4ecQ%2Fhqdefault.jpg&crop&sx=0&sy=0&sw=480&sh=360&_nc_hash=AQDBICBt2yxrOpHt,1182,43,7,1,3,140,True
2020-02-01T10:55:48+0000,904277726319518_2817903148290290,coluna semana sobre mec frangalhos,coluna semana sobre mec frangalhos,243,shared_story,https://external-gru1-1.xx.fbcdn.net/safe_image.php?d=AQAOxy2uyR6aetcm&url=https%3A%2F%2Ff.i.uol.com.br%2Ffotografia%2F2019%2F12%2F22%2F15770525435dffe97fb9805_1577052543_3x2_rt.jpg&_nc_hash=AQBKkVTsLyD0_xET,1503,31,5,193,35,13,True
2020-01-31T12:33:09+0000,904277726319518_2816086435138628,prefeito bruno covas nova vitima sindrome fakenews reiterado diversas entrevistas manifestacoes publicas estranhamente ser contraditado antecessor joao doria jr recebeu prefeitura sao paulo rombo financas tratase mentira deslavada todas agencias verificacao dados inclusive lupa tribunal contas municipio ate agencia internacional checagem atestaram gestao fernando haddad deixou r bilhoes caixa restos pagar r bilhoes passados tres anos frente prefeitura municipal sao paulo gestao doriacovas nao conseguiu responder necessidades cidade diversos problemas estruturais apela agora descadaramente fake news absurda,prefeito bruno covas nova vitima sindrome fakenews reiterado diversas entrevistas manifestacoes publicas estranhamente ser contraditado antecessor joao doria jr recebeu prefeitura sao paulo rombo financas tratase mentira deslavada todas agencias verificacao dados inclusive lupa tribunal contas municipio ate agencia internacional checagem atestaram gestao fh deixou r bilhoes caixa restos pagar r bilhoes passados tres anos frente prefeitura municipal sao paulo gestao doriacovas nao conseguiu responder necessidades cidade diversos problemas estruturais apela agora descadaramente fake news absurda,996,mobile_status_update,None,8365,47,31,74,115,180,True
2020-01-31T11:33:15+0000,904277726319518_2815993118481293,alem carnaval rua sp hoje maior pais maiores acertos gestao sp criacao spcine salas publicas cinema ceus,alem carnaval rua sp hoje maior pais maiores acertos gestao sp criacao spcine salas publicas cinema ceus,103,shared_story,https://external-gru1-1.xx.fbcdn.net/safe_image.php?d=AQBe58CulLexnruz&url=https%3A%2F%2Ff.i.uol.com.br%2Ffotografia%2F2019%2F12%2F17%2F15765976235df8f877702f7_1576597623_3x2_lg.jpg&_nc_hash=AQDdLZLemDunNhuE,1225,8,2,0,2,187,True
2020-01-30T11:49:56+0000,904277726319518_2813976112016327,acelera,acelera,2503,shared_story,https://external-gru1-1.xx.fbcdn.net/safe_image.php?d=AQBNjiFdHNr9UQhi&url=https%3A%2F%2Fimg.estadao.com.br%2Fresources%2Fjpg%2F8%2F3%2F1576873774438.jpg&_nc_hash=AQAmB8z84dYS6CM2,4354,1405,90,458,264,32,True
2020-01-29T21:20:17+0000,904277726319518_2812827805464491,weintraub hoje funcionarios mec afirmam resultado enem nao confiavel mpf encontra indicio falha sisu reserva vagas pessoas deficiencia novo problema sisu estudantes dizem nao conseguir inscrever lista espera,weintraub hoje funcionarios mec afirmam resultado enem nao confiavel mpf encontra indicio falha sisu reserva vagas pessoas deficiencia novo problema sisu estudantes dizem nao conseguir inscrever lista espera,440,mobile_status_update,None,2940,26,43,627,564,4,True
2020-01-29T21:00:46+0000,904277726319518_2812792968801308,acompanhe daqui pouco brasil,acompanhe daqui pouco brasil,104,added_photos,https://scontent-gru2-1.xx.fbcdn.net/v/t1.0-0/p600x600/83718901_2812792625468009_2370736168305164288_o.jpg?_nc_cat=109&_nc_sid=8024bb&_nc_ohc=s5pGagbQHrgAX-oRz9V&_nc_ht=scontent-gru2-1.xx&_nc_tp=6&oh=7cee0c2e3b1b0b009778e3ebc87c6f59&oe=5EAC59A5,2116,66,4,1,2,215,True
2020-01-27T15:11:56+0000,904277726319518_2808076015939670,devemos baiano secretario cultura exministro juca ferreira resultado extraordinario,devemos baiano secretario cultura exministro juca ferreira resultado extraordinario,712,shared_story,https://external-gru1-1.xx.fbcdn.net/safe_image.php?url=https%3A%2F%2Fogimg.infoglobo.com.br%2Fin%2F24212975-117-270%2FFT1086A%2F652%2FTuristas.jpg&_nc_hash=AQAyZCwKhRwyNSEY,8370,98,151,24,7,2002,True
2020-01-26T16:58:51+0000,904277726319518_2806271942786744,queriamos agradecer mensagens carinho passagem aniversario bom ter amigos queridos voces,queriamos agradecer mensagens carinho passagem aniversario bom ter amigos queridos voces,576,added_photos,https://scontent-gru2-2.xx.fbcdn.net/v/t1.0-9/s720x720/84138844_2806271866120085_1122600482901065728_n.jpg?_nc_cat=106&_nc_sid=110474&_nc_ohc=GgncyQg1vMsAX9Y30q4&_nc_ht=scontent-gru2-2.xx&_nc_tp=7&oh=d88d66951e5735632f9d233e4633d0cf&oe=5EAE4F13,29387,78,47,2,6,9080,True
2020-01-25T14:34:52+0000,904277726319518_2803986739681931,cronica semana sobre historia bndes caixapreta vazia,cronica semana sobre historia bndes caixapreta vazia,507,shared_story,https://external-gru1-1.xx.fbcdn.net/safe_image.php?d=AQAPDeRdO5oOb9lk&url=https%3A%2F%2Ff.i.uol.com.br%2Ffotografia%2F2020%2F01%2F24%2F15799119845e2b8b302f930_1579911984_3x2_rt.jpg&_nc_hash=AQDXKVZqXkudUNnZ,2543,38,15,6,7,197,True
2020-01-23T23:08:01+0000,904277726319518_2800724786674793,bolsonaro errou extinguir ministerio seguranca publica agora vaidade quer recrialo moro esvaziado ameaca deixar governo alguem saira bem menor episodio,jb errou extinguir ministerio seguranca publica agora vaidade quer recrialo moro esvaziado ameaca deixar governo alguem saira bem menor episodio,360,mobile_status_update,None,6194,995,37,12,9,194,True
2020-01-22T17:19:28+0000,904277726319518_2798299066917365,sisu coisas inovadoras fizemos mec nenhum paralelo mundo boa sorte mocada,sisu coisas inovadoras fizemos mec nenhum paralelo mundo boa sorte mocada,395,mobile_status_update,None,7453,55,9,11,4,1558,True
2020-01-22T15:06:06+0000,904277726319518_2798081073605831,editorial new york times brasil considera crime reportagens glenn greenwald enfrentou ameacas continuas desde revelou textos vazados mostravam atividade ilegal juiz ajudou abrir caminho eleicao jair bolsonaro,editorial new york times brasil considera crime reportagens glenn greenwald enfrentou ameacas continuas desde revelou textos vazados mostravam atividade ilegal juiz ajudou abrir caminho eleicao jb,851,shared_story,https://external-gru1-1.xx.fbcdn.net/safe_image.php?d=AQDb7LCcXhTWPTmR&url=https%3A%2F%2Fstatic01.nyt.com%2Fimages%2F2020%2F01%2F21%2Fopinion%2F21greenwald%2F21greenwald-facebookJumbo.jpg&_nc_hash=AQBEUlzw6YWAmVBN,3784,77,27,106,49,51,True
2020-01-22T11:59:49+0000,904277726319518_2797774900303115,melhor artigo li sobre crise episodio alvim,melhor artigo li sobre crise episodio alvim,336,shared_story,https://external-gru1-1.xx.fbcdn.net/safe_image.php?d=AQBqJtZ4UjjWKmKk&url=https%3A%2F%2Ff.i.uol.com.br%2Ffotografia%2F2019%2F11%2F07%2F15731576535dc47b1516994_1573157653_3x2_rt.jpg&_nc_hash=AQCHA_MLrObz9hD9,1863,37,6,0,8,39,True
2020-01-20T14:43:19+0000,904277726319518_2794272223986716,vivendas barra pesada presidente casa moeda destitui comite garantir contratacao amigo r milmes eduardo zimmer sampaio saudir filimberti dividem casa condominio presidente jair bolsonaro mamata pesada,vivendas barra pesada presidente casa moeda destitui comite garantir contratacao amigo r milmes eduardo zimmer sampaio saudir filimberti dividem casa condominio presidente jb mamata pesada,2119,shared_story,https://external-gru1-1.xx.fbcdn.net/safe_image.php?d=AQBrzomfrBu009xz&url=https%3A%2F%2Ff.i.uol.com.br%2Ffotografia%2F2020%2F01%2F17%2F15792625725e21a26c40d1e_1579262572_3x2_xl.jpg&_nc_hash=AQAqrxfizTKnuWty,2623,66,179,97,1498,6,True
2020-01-17T13:50:39+0000,904277726319518_2788143047932967,semiotica problema definitivamente nao secretario,semiotica problema definitivamente nao secretario,897,added_photos,https://scontent-gru2-1.xx.fbcdn.net/v/t1.0-9/82345241_2788142911266314_556835573554216960_n.jpg?_nc_cat=111&_nc_sid=110474&_nc_ohc=XjFDh4MDhOwAX9wwYDP&_nc_ht=scontent-gru2-1.xx&oh=754791b6382bda10dc74c2ffeb311877&oe=5EAE1205,8327,2102,66,145,112,173,True
2020-01-17T00:17:14+0000,904277726319518_2787053274708611,bolsonaro diz vida acabou apos eleicao nao vida ferias anos deve ser duro,jb diz vida acabou apos eleicao nao vida ferias anos deve ser duro,2342,shared_story,https://external-gru1-1.xx.fbcdn.net/safe_image.php?d=AQB-pbzCXykR-cNL&url=https%3A%2F%2Fconteudo.imguol.com.br%2Fc%2Fentretenimento%2Fc2%2F2020%2F01%2F16%2Fo-presidente-com-jovens-venezuelanos-que-visitaram-nesta-tarde-o-palacio-do-planalto-e-fizeram-uma-apresentacao-musical-1579203741298_v2_615x300.jpg&_nc_hash=AQBDkzWbFBw0tjbh,8331,6415,65,13,85,457,True
2020-01-14T12:03:25+0000,904277726319518_2781359461944659,wagner moura ancine censurou filme censura diferente usa instrumentos burocraticos dificultar producoes quais governo discorda nao menor duvida marighella nao estreou ainda questao politica ano investiram destruicao cinema bacurau vida invisivel ganharam premios festival cannes agora democracia vertigem indicado oscar duvido qualquer desses filmes conseguisse financiamento ancine hoje,wagner moura ancine censurou filme censura diferente usa instrumentos burocraticos dificultar producoes quais governo discorda nao menor duvida marighella nao estreou ainda questao politica ano investiram destruicao cinema bacurau vida invisivel ganharam premios festival cannes agora democracia vertigem indicado oscar duvido qualquer desses filmes conseguisse financiamento ancine hoje,3543,shared_story,https://external-gru1-1.xx.fbcdn.net/safe_image.php?d=AQB8tJHJCsrPL6o6&url=https%3A%2F%2Fconteudo.imguol.com.br%2Fc%2Fentretenimento%2F05%2F2019%2F06%2F27%2Fo-ator-wagner-moura-no-festival-de-berlim-1561680877481_v2_615x300.jpg&_nc_hash=AQDmg4ESKPUvGDph,10136,156,35,1723,335,109,True
2020-01-13T23:48:59+0000,904277726319518_2780344738712798,ha quanto tempo gente nao faz bom filme pais questionou genio bolsonaro ignorante,ha quanto tempo gente nao faz bom filme pais questionou genio jb ignorante,1317,shared_story,https://external-gru1-1.xx.fbcdn.net/safe_image.php?d=AQCocSjM_OMGIvd1&url=https%3A%2F%2Ff.i.uol.com.br%2Ffotografia%2F2019%2F08%2F16%2F15659809845d56f93835b9f_1565980984_3x2_rt.jpg&_nc_hash=AQBmV_-CeN8HWSGu,5275,3307,57,77,971,105,True
2020-01-11T12:15:03+0000,904277726319518_2774713159275956,gestao doriacovas custo acabar mural grafite av maio r milhao ano,gestao doriacovas custo acabar mural grafite av maio r milhao ano,443,shared_story,https://external-gru1-1.xx.fbcdn.net/safe_image.php?d=AQBdpqMY8oUhTc-Y&url=https%3A%2F%2Ff.i.uol.com.br%2Ffotografia%2F2020%2F01%2F10%2F15787000695e190d25a7037_1578700069_3x2_rt.jpg&_nc_hash=AQAi7pAIpQ6WCj_6,1572,43,86,205,541,7,True
2020-01-11T11:08:32+0000,904277726319518_2774602482620357,coluna semana sobre causas queda homicidios discute sistema penitenciario federal forca nacional criados presidente lula,coluna semana sobre causas queda homicidios discute sistema penitenciario federal forca nacional criados presidente lula,137,shared_story,https://external-gru1-1.xx.fbcdn.net/safe_image.php?d=AQDTxzx2pb1yiXC7&url=https%3A%2F%2Ff.i.uol.com.br%2Ffotografia%2F2018%2F12%2F08%2F15443151185c0c60eec4639_1544315118_3x2_rt.jpg&_nc_hash=AQDBSnyWdTQdGQCh,976,158,2,8,5,65,True
2020-01-09T21:42:56+0000,904277726319518_2771145596299379, , ,1340,mobile_status_update,https://scontent-gru1-1.xx.fbcdn.net/v/t15.5256-10/73033737_1228378860885811_8427447376372826112_n.jpg?_nc_cat=101&_nc_sid=ad6a45&_nc_ohc=4P8XHgeE8n0AX-jDXx-&_nc_ht=scontent-gru1-1.xx&oh=468812d176d5ee3db5980ef04b79d520&oe=5EAD8C3D,6103,301,26,52,15,1084,False
2020-01-08T11:38:53+0000,904277726319518_2767920453288560,alem diretamente envolvidos conflito euaira algum outro pais sofreu danos alem brasil imagem brasil exterior toda historia nunca tao comprometida governo tenta equilibrar propria incompetencia lastimavel,alem diretamente envolvidos conflito euaira algum outro pais sofreu danos alem brasil imagem brasil exterior toda historia nunca tao comprometida governo tenta equilibrar propria incompetencia lastimavel,958,mobile_status_update,None,11305,335,39,1789,90,83,True
2020-01-05T20:27:00+0000,904277726319518_2762416943838911,entrevista tv assembleia mg concedi final ano passado,entrevista tv assembleia mg concedi final ano passado,371,added_video,https://scontent-gru1-1.xx.fbcdn.net/v/t15.5256-10/69841151_2205016949801259_764739658859937792_n.jpg?_nc_cat=101&_nc_sid=ad6a45&_nc_ohc=JT4GUhc-T7EAX_2s_On&_nc_ht=scontent-gru1-1.xx&oh=e00d98d7de6a0ec33008c9392f8e901d&oe=5EAEB542,2048,57,5,0,5,279,True
2020-01-05T20:25:06+0000,904277726319518_2762413740505898,pt oposicao governo bolsonaro entrevista tv assembleia mg concedi final ano passado,pt oposicao governo jb entrevista tv assembleia mg concedi final ano passado,597,added_video,https://scontent-gru2-2.xx.fbcdn.net/v/t15.5256-10/75210534_592684984890270_685828503903404032_n.jpg?_nc_cat=105&_nc_sid=ad6a45&_nc_ohc=ur9LA_34yOoAX9_vusS&_nc_ht=scontent-gru2-2.xx&oh=7df7051ab70cf5e636dfb286c750e219&oe=5EAD738F,3400,134,16,1,7,432,True
2020-01-04T11:04:09+0000,904277726319518_2759272564153349,coluna semana sobre industria burguesia nacional afinidades ideologicas empresarios fascismo anos bolsonaro hoje,coluna semana sobre industria burguesia nacional afinidades ideologicas empresarios fascismo anos jb hoje,256,shared_story,https://external-gru1-1.xx.fbcdn.net/safe_image.php?d=AQDOsmgVbnQk2ZaJ&url=https%3A%2F%2Ff.i.uol.com.br%2Ffotografia%2F2019%2F08%2F13%2F15657321075d532d0bb07a0_1565732107_3x2_rt.jpg&_nc_hash=AQBCUUnPz30Tncvy,1396,73,12,20,16,60,True
2019-12-30T13:14:22+0000,904277726319518_2748169108597028,olavo carvalho manda pais fernando haddad criou plano pt cujo resumo elevacao politica lumpemproletariado sao bandidos prostitutas drogados loucos lumpemproletariado domina panorama nacional,olavo carvalho manda pais fh criou plano pt cujo resumo elevacao politica lumpemproletariado sao bandidos prostitutas drogados loucos lumpemproletariado domina panorama nacional,1010,shared_story,https://external-gru1-1.xx.fbcdn.net/safe_image.php?d=AQAlJ-mL8FGNeLS4&url=https%3A%2F%2Fuploads.metropoles.com%2Fwp-content%2Fuploads%2F2019%2F05%2F06173116%2FOlavo-de-Carvalho1.jpg&_nc_hash=AQCnktnq21s0dFYL,3501,8789,200,29,110,588,True
2019-12-29T12:01:59+0000,904277726319518_2745934372153835,grande mulher tristeza,grande mulher tristeza,604,shared_story,https://external-gru1-1.xx.fbcdn.net/safe_image.php?d=AQDRJHklZSFgNFXY&url=https%3A%2F%2Ff.i.uol.com.br%2Ffotografia%2F2019%2F12%2F29%2F15775960785e0834aed13d3_1577596078_3x2_rt.jpg&_nc_hash=AQCI4KMUVMzJMsfH,4304,31,28,3848,8,88,True
2019-12-28T10:22:13+0000,904277726319518_2743657325714873,coluna semana sobre ataques bolsonaro universidade publica recente medida provisoria sobre escolha reitor,coluna semana sobre ataques jb universidade publica recente medida provisoria sobre escolha reitor,324,shared_story,https://external-gru1-1.xx.fbcdn.net/safe_image.php?d=AQCc5dvfpXJzPkk2&url=https%3A%2F%2Ff.i.uol.com.br%2Ffotografia%2F2019%2F12%2F25%2F15773134825e03e4ca6e702_1577313482_3x2_rt.jpg&_nc_hash=AQBQyVQfpqFu-Rcn,1793,59,10,225,35,27,True
2019-12-26T21:43:23+0000,904277726319518_2740611092686163, , ,715,shared_story,https://external-gru1-1.xx.fbcdn.net/safe_image.php?d=AQBNAPg7LfecPCgE&url=https%3A%2F%2Fconteudo.imguol.com.br%2Fc%2Fnoticias%2F6f%2F2019%2F09%2F05%2F5set2019---o-presidente-jair-bolsonaro-seu-vice-hamilton-mourao-e-o-ministro-da-educacao-abraham-weintraub-participam-do-lancamento-do-programa-nacional-das-escolas-civico-militares-1567693712434_v2_615x300.jpg&_nc_hash=AQAncSuIrmjWucDR,1862,35,35,275,887,15,False
2019-12-24T18:00:28+0000,904277726319518_2735834633163809,feliz natal,feliz natal,87,shared_story,https://external-gru1-1.xx.fbcdn.net/safe_image.php?d=AQBEk-PcC41wdwZ0&w=1280&h=720&url=https%3A%2F%2Fi.ytimg.com%2Fvi%2FOR07r0ZMFb8%2Fmaxresdefault.jpg&crop&sx=0&sy=0&sw=1280&sh=720&_nc_hash=AQD1uz-ck6q3STzE,1793,18,32,1,0,580,True
2019-12-23T01:02:05+0000,904277726319518_2732180580195881,lema time coracao mente espirito x,lema time coracao mente espirito x,274,added_photos,https://scontent-gru1-1.xx.fbcdn.net/v/t1.0-0/p480x480/80053892_2732180500195889_6790785796866572288_n.jpg?_nc_cat=108&_nc_sid=110474&_nc_ohc=R40z3dA4GGMAX8jNKU5&_nc_ht=scontent-gru1-1.xx&_nc_tp=6&oh=647acafdae4aebd1b6147c7ab40ef5b5&oe=5EACAD59,8529,111,29,0,1,2101,True
2019-12-22T22:25:49+0000,904277726319518_2731984840215455,hoje partida futebol amigos lula chico buarque contra amigos mst foto ricardo stuckert,hoje partida futebol amigos lula chico buarque contra amigos mst foto ricardo stuckert,779,added_photos,https://scontent-gru2-2.xx.fbcdn.net/v/t1.0-9/s720x720/80394244_2731983616882244_6153400280634359808_n.jpg?_nc_cat=102&_nc_sid=110474&_nc_ohc=Q9GM7YQpZqAAX9GLTAL&_nc_ht=scontent-gru2-2.xx&_nc_tp=7&oh=2100e9b126100ed53c748db1f80b896d&oe=5EAFA4D4,17430,291,46,0,13,4114,True
2019-12-21T11:28:53+0000,904277726319518_2728687927211813,coluna semana sobre aumento desigualdade sob bolsonaro penaliza pobres razoes novas ameacas governo,coluna semana sobre aumento desigualdade sob jb penaliza pobres razoes novas ameacas governo,353,shared_story,https://external-gru1-1.xx.fbcdn.net/safe_image.php?d=AQDvtG_m2bMOxmhs&url=https%3A%2F%2Ff.i.uol.com.br%2Ffotografia%2F2019%2F11%2F05%2F15729857445dc1db90353d3_1572985744_3x2_xl.jpg&_nc_hash=AQD3QmLQ1SRsdhvS,1740,83,8,291,64,10,True
2019-12-19T22:42:18+0000,904277726319518_2725475510866388,moro responsabilizou supremo aumento percepcao social corrupcao deveria pedir corte negar habeas corpus pedido flavio bolsonaro,moro responsabilizou supremo aumento percepcao social corrupcao deveria pedir corte negar habeas corpus pedido flavio jb,696,mobile_status_update,None,6411,462,24,6,12,353,True
2019-12-19T12:11:13+0000,904277726319518_2724480117632594,ato defesa cultura lula valeu rio janeiro fotos ricardo stuckert,ato defesa cultura lula valeu rio janeiro fotos ricardo stuckert,639,added_photos,https://scontent-gru1-1.xx.fbcdn.net/v/t1.0-9/s720x720/80494435_2724479027632703_3839981709319733248_n.jpg?_nc_cat=108&_nc_sid=110474&_nc_ohc=ETq2HyARVG8AX_FNFvW&_nc_ht=scontent-gru1-1.xx&_nc_tp=7&oh=5a6605df7e7953f8fad704f36ce55cbb&oe=5EAF575C,8963,184,31,2,6,2373,True
2019-12-16T23:00:59+0000,904277726319518_482776805692148,fernando haddad entrevista economista paulo nogueira batista jr,fh entrevista economista paulo nogueira batista jr,464,added_video,https://scontent-gru2-1.xx.fbcdn.net/v/t15.13418-10/72923159_612338309507585_3697049952237649920_n.jpg?_nc_cat=107&_nc_sid=ad6a45&_nc_ohc=ID6bsK--MeYAX9G8wXP&_nc_ht=scontent-gru2-1.xx&oh=16b34ed486fab562a78e24a841668d60&oe=5EACFBF0,1977,59,2,0,5,311,True
2019-12-15T14:00:43+0000,904277726319518_2716175305129742,proxima segunda entrevisto economista paulo nogueira batista jr h alltv redes sociais,proxima segunda entrevisto economista paulo nogueira batista jr h alltv redes sociais,172,added_photos,https://scontent-gru1-1.xx.fbcdn.net/v/t1.0-9/p720x720/80248261_2716174685129804_256904830314872832_n.jpg?_nc_cat=103&_nc_sid=110474&_nc_ohc=-1ljnbp1zL4AX-SfeDj&_nc_ht=scontent-gru1-1.xx&_nc_tp=6&oh=96dc5a228354671a6da518519ec0f7cb&oe=5EAE38DB,3631,57,16,1,7,348,True
2019-12-15T12:47:13+0000,904277726319518_2716032381810701,compreensivel anos ferias aposentado anos bolsonaro relata cansaco extremo quer diminuir ritmo agenda,compreensivel anos ferias aposentado anos jb relata cansaco extremo quer diminuir ritmo agenda,7020,shared_story,https://external-gru1-1.xx.fbcdn.net/safe_image.php?d=AQD61D3eK73BVQ8d&url=https%3A%2F%2Fogimg.infoglobo.com.br%2Fin%2F24138405-08f-cb2%2FFT1086A%2F652%2Fbolsonaro2019.jpg&_nc_hash=AQBhQ9vrkQkCwLvt,9946,15323,176,76,1394,280,True
2019-12-14T11:29:36+0000,904277726319518_2713590142054925,ano bolsonaro,ano jb,151,shared_story,https://external-gru1-1.xx.fbcdn.net/safe_image.php?d=AQArlhH8UPb0HxVC&url=https%3A%2F%2Ff.i.uol.com.br%2Ffotografia%2F2019%2F12%2F09%2F15759123625dee83aa9b3c9_1575912362_3x2_rt.jpg&_nc_hash=AQDUjk1wsKXelm4G,1711,172,16,904,136,49,True
2019-12-13T18:48:44+0000,904277726319518_2712145788866027,boa noticia henrique schaumann reboucas terao ciclovia via exclusiva radial ira ate centro plano mobilidade urbana reconhecido internacionalmente pedestres ciclistas usuarios transporte publico devem ser priorizados viva sp,boa noticia henrique schaumann reboucas terao ciclovia via exclusiva radial ira ate centro plano mobilidade urbana reconhecido internacionalmente pedestres ciclistas usuarios transporte publico devem ser priorizados viva sp,361,shared_story,https://external-gru1-1.xx.fbcdn.net/safe_image.php?d=AQCSSSccxepOEF8q&url=https%3A%2F%2Fimg.estadao.com.br%2Fresources%2Fjpg%2F2%2F4%2F1576253326842.jpg&_nc_hash=AQAVOcM2DfF93tin,4490,48,22,1,2,932,True
2019-12-11T23:57:24+0000,904277726319518_2708048415942431,sera bolsonaro aceitaria debate greta,sera jb aceitaria debate greta,1734,mobile_status_update,None,13803,9151,79,5,11,2136,True
2019-12-09T23:00:34+0000,904277726319518_1042647922746492,fernando haddad entrevista diplomata exministro relacoes exteriores celso amorim,fh entrevista diplomata exministro relacoes exteriores celso amorim,408,added_video,https://scontent-gru2-1.xx.fbcdn.net/v/t15.13418-10/75349900_1036490336684442_7891638919022772224_n.jpg?_nc_cat=107&_nc_sid=ad6a45&_nc_ohc=q7kVYQBCRuEAX84TUY9&_nc_ht=scontent-gru2-1.xx&oh=d1d2a9a9ed942b0d1e85a0fe4498dede&oe=5EAE592A,1644,32,9,0,0,261,True
2019-12-07T21:38:14+0000,904277726319518_2698848960195710, , ,1300,added_photos,https://scontent-gru1-1.xx.fbcdn.net/v/t1.0-9/79385653_2698848853529054_5718482340234133504_n.jpg?_nc_cat=101&_nc_sid=110474&_nc_ohc=3yGNURATeAAAX_epVpp&_nc_ht=scontent-gru1-1.xx&oh=d272b729741d44bcb847cbd7694b587b&oe=5EAC9F77,9306,128,30,95,35,739,False
2019-12-07T10:33:45+0000,904277726319518_2697696636977609,coluna semana comento resultados pisa brasil evoluiu tanto ate estagnou ca exploro hipoteses faltaram recursos educacao regioes ricas pais podem ter decepcionado,coluna semana comento resultados pisa brasil evoluiu tanto ate estagnou ca exploro hipoteses faltaram recursos educacao regioes ricas pais podem ter decepcionado,124,shared_story,https://external-gru1-1.xx.fbcdn.net/safe_image.php?d=AQC92ayP8joWu2VF&url=https%3A%2F%2Ff.i.uol.com.br%2Ffotografia%2F2019%2F12%2F02%2F15753258625de590a6a3c89_1575325862_3x2_rt.jpg&_nc_hash=AQDHMgxKqZox8MDe,795,36,3,1,2,40,True
2019-12-03T12:10:11+0000,904277726319518_2688844101196196,atacar direitos negros indigenas lgbts mulheres pobres geral governo desobriga empresa cumprir cota trabalhador deficiencia,atacar direitos negros indigenas lgbts mulheres pobres geral governo desobriga empresa cumprir cota trabalhador deficiencia,7438,shared_story,https://external-gru1-1.xx.fbcdn.net/safe_image.php?d=AQACMLhoWP-H2RrQ&url=https%3A%2F%2Ff.i.uol.com.br%2Ffotografia%2F2018%2F11%2F28%2F15433713105bfdfa2e4836a_1543371310_3x2_xl.jpg&_nc_hash=AQDQfekjncizhm9B,4010,40,128,3178,2866,13,True
2019-12-02T17:54:14+0000,904277726319518_2687191001361506,governo tera oportunidade medir resultados nova diplomacia vassalagem,governo tera oportunidade medir resultados nova diplomacia vassalagem,75,mobile_status_update,None,2343,182,5,96,6,13,True
2019-12-02T23:00:13+0000,904277726319518_1694779503985268,fernando haddad entrevista economista antonio delfim netto,fh entrevista economista antonio delfim netto,450,added_video,https://scontent-gru2-2.xx.fbcdn.net/v/t15.13418-10/75210577_755866131557628_6638172754002575360_n.jpg?_nc_cat=100&_nc_sid=ad6a45&_nc_ohc=PiY62RDtQO0AX_ANy5q&_nc_ht=scontent-gru2-2.xx&oh=301e86dd79f88e8e31a2468fc73682be&oe=5EAC3D06,2039,44,20,2,13,262,True
2019-11-30T11:12:45+0000,904277726319518_2681682781912328,coluna semana sobre dolar contas externas rumos economia,coluna semana sobre dolar contas externas rumos economia,79,shared_story,https://external-gru1-1.xx.fbcdn.net/safe_image.php?d=AQDvtG_m2bMOxmhs&url=https%3A%2F%2Ff.i.uol.com.br%2Ffotografia%2F2019%2F11%2F05%2F15729857445dc1db90353d3_1572985744_3x2_xl.jpg&_nc_hash=AQD3QmLQ1SRsdhvS,830,45,3,16,13,49,True
2019-11-25T23:00:07+0000,904277726319518_2671431079604165,fernando haddad entrevista senador humberto costa ptpe,fh entrevista senador humberto costa ptpe,294,added_video,https://scontent-gru1-1.xx.fbcdn.net/v/t15.13418-10/71570218_577110973063146_6754805322524655616_n.jpg?_nc_cat=104&_nc_sid=ad6a45&_nc_ohc=xS6dSYdzObkAX9_XL9g&_nc_ht=scontent-gru1-1.xx&oh=7695573fd910fd85dfda85f20a2251bc&oe=5EAF6D6E,2006,57,8,1,12,336,True
2019-11-25T15:18:11+0000,904277726319518_2670632116350728,parabens companheira gleisi disposicao liderar pt mandato coragem nao falta grande abraco foto ricardo stuckert,parabens companheira gleisi disposicao liderar pt mandato coragem nao falta grande abraco foto ricardo stuckert,327,added_photos,https://scontent-gru1-1.xx.fbcdn.net/v/t1.0-9/s720x720/76968018_2670631636350776_2181279607485890560_n.jpg?_nc_cat=103&_nc_sid=110474&_nc_ohc=AkxIvEHZusEAX80Vv-0&_nc_ht=scontent-gru1-1.xx&_nc_tp=7&oh=758e7a75ca44f626f92f4e1f19faf604&oe=5EAEE714,8096,269,23,16,16,1406,True
2019-11-23T14:25:44+0000,904277726319518_2665632440184029,presidente lula abertura congresso pt foto ricardo stuckert,presidente lula abertura congresso pt foto ricardo stuckert,417,added_photos,https://scontent-gru2-2.xx.fbcdn.net/v/t1.0-9/s720x720/75552830_2665630750184198_3211502280222179328_n.jpg?_nc_cat=106&_nc_sid=110474&_nc_ohc=tmr5Zepm8bsAX8AL5ti&_nc_ht=scontent-gru2-2.xx&_nc_tp=7&oh=41d85a64b3f4abf85b113202d6930431&oe=5EACFC72,7433,184,23,0,12,1669,True
2019-11-23T12:13:03+0000,904277726319518_2665370230210250,proximo painel haddad querido amigo humberto costa lider pt senado acompanhe redes proxima segundafeira h,proximo painel fh querido amigo humberto costa lider pt senado acompanhe redes proxima segundafeira h,181,added_photos,https://scontent-gru1-1.xx.fbcdn.net/v/t1.0-9/s720x720/74881492_2665369543543652_8092859055963373568_n.jpg?_nc_cat=101&_nc_sid=110474&_nc_ohc=ssopQAR1fUYAX_gha6Z&_nc_ht=scontent-gru1-1.xx&_nc_tp=7&oh=8f9ee385aa96feb8f5f09317ca375958&oe=5EACD917,5119,112,7,2,11,544,True
2019-11-23T10:22:50+0000,904277726319518_2665184326895507,coluna semana sobre recrudescimento racismo sob bolsonaro,coluna semana sobre recrudescimento racismo sob jb,108,shared_story,https://external-gru1-1.xx.fbcdn.net/safe_image.php?d=AQAf9x3oHTa8NEnw&url=https%3A%2F%2Ff.i.uol.com.br%2Ffotografia%2F2019%2F11%2F20%2F15742773625dd590f24666d_1574277362_3x2_rt.jpg&_nc_hash=AQBLIYrM3TXcUrvu,1143,58,5,19,4,97,True
2019-11-20T14:52:33+0000,904277726319518_2658779977535942,africa escolas mec traduzimos oito volumes obra historia geral africa unesco portugues sintetizamos dois livros prefeito sp transformamos material livro didatico fazer parte formacao basica estudantes rede municipal,africa escolas mec traduzimos oito volumes obra historia geral africa unesco portugues sintetizamos dois livros prefeito sp transformamos material livro didatico fazer parte formacao basica estudantes rede municipal,2365,added_video,https://scontent-gru2-1.xx.fbcdn.net/v/t15.13418-10/74688381_2622317067859776_8650524636242509824_n.jpg?_nc_cat=109&_nc_sid=ad6a45&_nc_ohc=dV92XBd6qVEAX9xkJ4A&_nc_ht=scontent-gru2-1.xx&oh=d13eec2c417f245ef9fce224c8032414&oe=5EAC8033,9381,28,81,2,9,2647,True
2019-11-19T17:12:46+0000,904277726319518_2656883197725620,moro sempre agente politico entrevista dei fabio pannunzio,moro sempre agente politico entrevista dei fabio pannunzio,545,shared_story,https://external-gru1-1.xx.fbcdn.net/safe_image.php?d=AQAZ2To1vKQWxxXV&w=480&h=360&url=https%3A%2F%2Fi.ytimg.com%2Fvi%2FvZfOd_UJ46k%2Fhqdefault.jpg&crop&sx=0&sy=0&sw=480&sh=360&_nc_hash=AQBr3DR4WcTP4o8n,3264,127,11,8,12,273,True
2019-11-18T23:00:31+0000,904277726319518_467618857207259,fernando haddad entrevista economista eduardo moreira,fh entrevista economista eduardo moreira,2091,added_video,https://scontent-gru2-1.xx.fbcdn.net/v/t15.13418-10/73430862_2383243995261237_5817499946500227072_n.jpg?_nc_cat=111&_nc_sid=ad6a45&_nc_ohc=WQopk8-hDpEAX_zroxO&_nc_ht=scontent-gru2-1.xx&oh=ff7ed6cb57c5bb2a7de33e56757d53fd&oe=5EAC6A60,5234,104,35,3,16,1054,True
2019-11-18T10:55:30+0000,904277726319518_2654140924666514,alguma saida modelo liberal ortodoxo ministro paulo guedes sistema financeiro alimenta pobreza maioria populacao outros temas vou debater economista eduardo moreira hoje painel haddad h,alguma saida modelo liberal ortodoxo ministro paulo guedes sistema financeiro alimenta pobreza maioria populacao outros temas vou debater economista eduardo moreira hoje painel fh h,649,added_photos,https://scontent-gru2-1.xx.fbcdn.net/v/t1.0-9/s720x720/69249269_2654140631333210_5052528329341534208_n.jpg?_nc_cat=107&_nc_sid=110474&_nc_ohc=kak5p2VDMZsAX-xNA0T&_nc_ht=scontent-gru2-1.xx&_nc_tp=7&oh=9e495e882ec7e9ae7b22356a44dc1133&oe=5EAE257C,10074,337,39,15,10,1025,True
2019-11-18T01:17:16+0000,904277726319518_2653317308082209,valeu recife festival lula livre foto ricardo stuckert,valeu recife festival lula livre foto ricardo stuckert,996,added_photos,https://scontent-gru2-2.xx.fbcdn.net/v/t1.0-9/s720x720/75557554_2653315224749084_2590159793985421312_n.jpg?_nc_cat=105&_nc_sid=110474&_nc_ohc=B7VC9uDFUwMAX9apPcW&_nc_ht=scontent-gru2-2.xx&_nc_tp=7&oh=4ecb1b283480d9a68e7683f63ce5ca12&oe=5EAEB874,17202,261,78,3,24,5319,True
2019-11-18T00:13:29+0000,904277726319518_2149882978649266,vivo festival lula livre recife festivalcomlulalivre,vivo festival lula livre recife festivalcomlulalivre,305,added_video,https://scontent-gru1-1.xx.fbcdn.net/v/t15.5256-10/72658027_2149926461978251_531830454345531392_n.jpg?_nc_cat=103&_nc_sid=ad6a45&_nc_ohc=FMFnpn0bNIYAX9mUVrc&_nc_ht=scontent-gru1-1.xx&oh=2861db3762a88b713377b485478324ba&oe=5EAEDBBF,3266,172,14,3,71,1030,True
2019-11-17T15:58:35+0000,904277726319518_556456315181560,vivo festival lula livre direto recife,vivo festival lula livre direto recife,948,added_video,https://scontent-gru2-2.xx.fbcdn.net/v/t15.5256-10/74286405_556575995169592_6303162105163939840_n.jpg?_nc_cat=106&_nc_sid=ad6a45&_nc_ohc=WvmrNByCP_gAX_DXP9N&_nc_ht=scontent-gru2-2.xx&oh=f103ca17be4e107021f3f9fa655feb3f&oe=5EAC73E9,5257,271,29,9,89,2300,True
2019-11-16T11:17:16+0000,904277726319518_2649510065129600,coluna desta semana sobre golpes america latina aparentemente inofensivos hibridos soft hard,coluna desta semana sobre golpes america latina aparentemente inofensivos hibridos soft hard,257,shared_story,https://external-gru1-1.xx.fbcdn.net/safe_image.php?d=AQBzo3NfRa3S1mjp&url=https%3A%2F%2Ff.i.uol.com.br%2Ffotografia%2F2019%2F11%2F11%2F15734793685dc963c82f32a_1573479368_3x2_xl.jpg&_nc_hash=AQB7dinPc4UaGhJD,1523,100,14,32,9,91,True
2019-11-11T23:00:45+0000,904277726319518_2639518476128759,fernando haddad entrevista fernando meirelles parte,fh entrevista fh meirelles parte,265,added_video,https://scontent-gru2-2.xx.fbcdn.net/v/t15.13418-10/71184822_2488494231423328_8269926676243152896_n.jpg?_nc_cat=106&_nc_sid=ad6a45&_nc_ohc=eQspnn_suBMAX-0Bjgu&_nc_ht=scontent-gru2-2.xx&oh=44f8e7e041e03f726c5aacd1049f87cd&oe=5EAD29A9,2150,43,13,1,10,668,True
2019-11-11T13:13:05+0000,904277726319518_2638532779560662,hoje h vai ar entrevista dei querido gilberto gil canal brasil foto ricardo stuckert,hoje h vai ar entrevista dei querido gilberto gil canal brasil foto ricardo stuckert,178,added_photos,https://scontent-gru2-2.xx.fbcdn.net/v/t1.0-9/s720x720/74395477_2638531812894092_867914084798955520_n.jpg?_nc_cat=100&_nc_sid=110474&_nc_ohc=xvRNp1eNBEYAX8kXaip&_nc_ht=scontent-gru2-2.xx&_nc_tp=7&oh=88d0c858539812b767ed1faba7d65a48&oe=5EAD953F,3491,57,16,1,4,670,True
2019-11-11T12:49:39+0000,904277726319518_2638485776232029, , ,598,mobile_status_update,https://scontent-gru1-1.xx.fbcdn.net/v/t1.0-9/s720x720/75348991_2620600354675615_4685212864942702592_n.jpg?_nc_cat=108&_nc_sid=110474&_nc_ohc=ptYII6wI5ZQAX_D9ntX&_nc_ht=scontent-gru1-1.xx&_nc_tp=7&oh=67472bf1f42082d36b80abf897c8d4eb&oe=5EAF4806,12357,159,52,3,19,4251,False
2019-11-11T00:09:18+0000,904277726319518_2637395089674431,oea abriu caminho golpe bolivia podia manifestar sobre acha ultimos acontecimentos,oea abriu caminho golpe bolivia podia manifestar sobre acha ultimos acontecimentos,210,mobile_status_update,None,4831,202,15,680,87,27,True
2019-11-10T14:58:41+0000,904277726319518_2636527093094564,fico impressionado medo tanta gente armada homem desarmado,fico impressionado medo tanta gente armada homem desarmado,2281,mobile_status_update,None,25625,1297,71,41,10,5622,True
2019-11-09T20:19:52+0000,904277726319518_2634874279926512,bracos povo lulalivre foto ricardo stuckert,bracos povo lulalivre foto ricardo stuckert,1414,added_photos,https://scontent-gru2-2.xx.fbcdn.net/v/t1.0-9/s720x720/74687721_2634873166593290_3417997564715204608_n.jpg?_nc_cat=105&_nc_sid=110474&_nc_ohc=nqfklvE6piwAX9tivSX&_nc_ht=scontent-gru2-2.xx&_nc_tp=7&oh=7d9e3eb9f044390561b7429e2e1a9e70&oe=5EAE7C15,13958,125,234,5,31,6812,True
2019-11-09T12:14:23+0000,904277726319518_2634034716677135,lulalivre foto ricardo stuckert,lulalivre foto ricardo stuckert,2931,added_photos,https://scontent-gru2-2.xx.fbcdn.net/v/t1.0-9/s720x720/75258489_2634033660010574_7901016593566531584_n.jpg?_nc_cat=100&_nc_sid=110474&_nc_ohc=jsk5JHJf_Z4AX_EmeBT&_nc_ht=scontent-gru2-2.xx&_nc_tp=7&oh=a0487fcd94830fe37a67219b93ac4d7f&oe=5EACE4C2,40297,369,114,16,78,19300,True
2019-11-08T01:03:43+0000,904277726319518_2630865796994027,stf ja declarou conducao coercitiva lula ilegal vazamento conversas dilma ilegal impedimento lula tomasse posse ministro manipulado falta declarar suspeicao moro parcialidade,stf ja declarou conducao coercitiva lula ilegal vazamento conversas dilma ilegal impedimento lula tomasse posse ministro manipulado falta declarar suspeicao moro parcialidade,3244,mobile_status_update,None,23929,172,188,10,61,4993,True
2019-11-07T21:39:20+0000,904277726319518_2630575127023094,glenn gigante jornalismo internacional diante rebotalho jornalismo local augusto nunes pedido desculpas jovem pan importante nao suficiente mal sujeito faz democracia brasileira augusto nunes nao honra profissao,glenn gigante jornalismo internacional diante rebotalho jornalismo local augusto nunes pedido desculpas jovem pan importante nao suficiente mal sujeito faz democracia brasileira augusto nunes nao honra profissao,871,mobile_status_update,None,17388,327,47,72,46,2234,True
2019-11-06T10:51:51+0000,904277726319518_2627444690669471,saude educacao pacote guedes envolve infinidade medidas consequencia inegavel entende financas publicas drenagem dezenas bilhoes reais recursos educacao saude,saude educacao pacote guedes envolve infinidade medidas consequencia inegavel entende financas publicas drenagem dezenas bilhoes reais recursos educacao saude,233,mobile_status_update,None,2905,54,14,568,252,20,True
2019-11-04T23:02:10+0000,904277726319518_731504774018175,fernando haddad entrevista cineasta fernando meirelles,fh entrevista cineasta fh meirelles,513,added_video,https://scontent-gru2-1.xx.fbcdn.net/v/t15.13418-10/75280621_269059887322292_332380054384279552_n.jpg?_nc_cat=107&_nc_sid=ad6a45&_nc_ohc=zQdI51Y19XwAX-xQiIK&_nc_ht=scontent-gru2-1.xx&oh=0017ab5a7b269977a158d7cb14d3223f&oe=5EAD728E,3071,47,14,3,21,715,True
2019-11-04T14:01:23+0000,904277726319518_2623440541069886,hoje h entrevisto cineasta fernando meirelles vamos conversar sobre atual momento cinema brasileiro sobre filmes cidade deus principalmente dois papas recentemente apresentou mostra internacional cinema sao paulo,hoje h entrevisto cineasta fh meirelles vamos conversar sobre atual momento cinema brasileiro sobre filmes cidade deus principalmente dois papas recentemente apresentou mostra internacional cinema sao paulo,54,mobile_status_update,None,2315,50,7,0,1,203,True
2019-11-02T17:48:01+0000,904277726319518_2619643821449558,crime,crime,2714,shared_story,https://external-gru1-1.xx.fbcdn.net/safe_image.php?d=AQAN0xpAfmSMGnpY&url=https%3A%2F%2Fs2.glbimg.com%2FRV9l8M011E0YO4cuhSyBKOb527c%3D%2F1200x%2Fsmart%2Ffilters%3Acover%28%29%3Astrip_icc%28%29%2Fs04.video.glbimg.com%2Fx720%2F8049603.jpg&_nc_hash=AQCw7Yr4oVr6s_22,8748,182,715,133,2410,32,True
2019-11-02T11:25:45+0000,904277726319518_2618982318182375,coluna semana sobre geringonca brasileira composta tres partes autoritarismo fundamentalismo neoliberalismo,coluna semana sobre geringonca brasileira composta tres partes autoritarismo fundamentalismo neoliberalismo,444,shared_story,https://external-gru1-1.xx.fbcdn.net/safe_image.php?d=AQAYhwKRzxeWoN9Q&url=https%3A%2F%2Ff.i.uol.com.br%2Ffotografia%2F2019%2F07%2F18%2F15634906565d30f960d0412_1563490656_3x2_rt.jpg&_nc_hash=AQCckIIPUgidGVVR,3882,212,16,137,25,100,True
2019-11-01T21:55:03+0000,904277726319518_2617832678297339,reformulamos integralmente enem pudesse enfim acabar vestibular permitir criacao sisu muita gente torceu nariz hoje acesso classe trabalhadora universidade realidade prouni sisu duas conquistas governo lula bom enem,reformulamos integralmente enem pudesse enfim acabar vestibular permitir criacao sisu muita gente torceu nariz hoje acesso classe trabalhadora universidade realidade prouni sisu duas conquistas governo lula bom enem,3114,mobile_status_update,None,21815,156,69,4,8,6811,True
2019-11-01T11:54:51+0000,904277726319518_2616925681721372,proxima segunda entrevisto cineasta fernando meirelles vamos falar sobre cinema cultura politica brasileira acompanhe alltv redes h,proxima segunda entrevisto cineasta fh meirelles vamos falar sobre cinema cultura politica brasileira acompanhe alltv redes h,232,added_photos,https://scontent-gru2-1.xx.fbcdn.net/v/t1.0-9/p720x720/75233970_2616925528388054_5002855525029773312_n.jpg?_nc_cat=111&_nc_sid=110474&_nc_ohc=vm6FPP6c9eYAX9ffECZ&_nc_ht=scontent-gru2-1.xx&_nc_tp=6&oh=ee8a80964c96f90bc62c78cac9e3889e&oe=5EAE4DF3,5631,60,26,1,14,688,True
2019-10-31T18:22:13+0000,904277726319518_2615437628536844,haddad sobre eduardo bolsonaro unica punicao cabivel perda mandato,fh sobre eduardo jb unica punicao cabivel perda mandato,1487,shared_story,https://external-gru1-1.xx.fbcdn.net/safe_image.php?d=AQCXydiLt3bEYMBl&url=https%3A%2F%2Fpainel.blogfolha.uol.com.br%2Ffiles%2F2018%2F10%2Fhaddad_datafolha.jpg&_nc_hash=AQCvC9oQHJA2NfP3,5938,201,20,4,13,942,True
2019-10-29T16:03:19+0000,904277726319518_2611138895633384,bolsonaro pediu desculpas stf podia pedir desculpas povo argentino povo brasileiro toda humanidade seres vivos maneira geral deus invocar nome vao,jb pediu desculpas stf podia pedir desculpas povo argentino povo brasileiro toda humanidade seres vivos maneira geral deus invocar nome vao,3233,mobile_status_update,None,23230,1937,45,22,47,4939,True
2019-10-28T14:39:06+0000,904277726319518_2608922922521648,caro bruno covas desejo voce pronto restabelecimento forca,caro bruno covas desejo voce pronto restabelecimento forca,278,shared_story,https://external-gru1-1.xx.fbcdn.net/safe_image.php?d=AQAMw-BI_QW0bPWr&url=https%3A%2F%2Ff.i.uol.com.br%2Ffotografia%2F2019%2F04%2F05%2F15544742415ca765013fb17_1554474241_3x2_rt.jpg&_nc_hash=AQAjfENBniUWZSsR,7462,12,35,772,4,465,True
2019-10-28T23:00:40+0000,904277726319518_1684979824972538,fernando haddad entrevista preta ferreira produtora cultural ativista movimento teto centro carmen silva fundadora movimento teto centro,fh entrevista preta ferreira produtora cultural ativista movimento teto centro carmen silva fundadora movimento teto centro,532,added_video,https://scontent-gru2-1.xx.fbcdn.net/v/t15.13418-10/71809117_2419482688292531_8321847019761041408_n.jpg?_nc_cat=109&_nc_sid=ad6a45&_nc_ohc=z7topFvSQgEAX-E1p99&_nc_ht=scontent-gru2-1.xx&oh=fa2b9e9de208049417e4c46010b63796&oe=5EAFFF8A,3000,49,11,6,8,665,True
2019-10-27T12:37:38+0000,904277726319518_2606606279419979, , ,1129,mobile_status_update,https://scontent-gru2-2.xx.fbcdn.net/v/t15.13418-10/72966852_2457491301009048_7653764006464716800_n.jpg?_nc_cat=106&_nc_sid=ad6a45&_nc_ohc=p2_9WycRauMAX_TkFm2&_nc_ht=scontent-gru2-2.xx&oh=784531a6d0af3fa52ceeefcf182d3d56&oe=5EAF635E,6239,131,18,30,6,2880,False
2019-10-27T11:27:13+0000,904277726319518_2606466012767339,parabenslula brevemente voce reencontre povo,parabenslula brevemente voce reencontre povo,367,mobile_status_update,None,17233,445,31,1,20,6177,True
2019-10-26T10:52:37+0000,904277726319518_2604230622990878,coluna semana sobre papel stf ameacas veladas nao vem sofrendo,coluna semana sobre papel stf ameacas veladas nao vem sofrendo,175,shared_story,https://external-gru1-1.xx.fbcdn.net/safe_image.php?d=AQAJK7cL_rAJ4nJW&url=https%3A%2F%2Ff.i.uol.com.br%2Ffotografia%2F2019%2F10%2F25%2F15720279805db33e4c78895_1572027980_3x2_rt.jpg&_nc_hash=AQC1n8vT-NXAtDKj,1545,33,7,3,9,74,True
2019-10-24T20:51:15+0000,904277726319518_2601016843312256,fernando haddad entrevista carmen silva preta ferreira movimento semteto centro sao paulo segundafeira alltv redes sociais horas,fh entrevista carmen silva preta ferreira movimento semteto centro sao paulo segundafeira alltv redes sociais horas,131,added_photos,https://scontent-gru1-1.xx.fbcdn.net/v/t1.0-9/s720x720/73474986_2601016676645606_2176945165145473024_n.jpg?_nc_cat=110&_nc_sid=110474&_nc_ohc=4lEH69KiBG0AX9B6gbX&_nc_ht=scontent-gru1-1.xx&_nc_tp=7&oh=3737471baebeacb8304363ae981969e7&oe=5EAF4631,1956,46,13,0,3,274,True
2019-10-23T11:14:42+0000,904277726319518_2598018730278734,entrevista dei uolfolha ciro doria terao dificuldades descolar daquilo ajudaram construir voce nao consegue ter identidade pessoas comecam nao ter seguranca voce fato representa,entrevista dei uolfolha ciro doria terao dificuldades descolar daquilo ajudaram construir voce nao consegue ter identidade pessoas comecam nao ter seguranca voce fato representa,547,shared_story,https://external-gru1-1.xx.fbcdn.net/safe_image.php?d=AQAPLDOhyoX7soqy&url=https%3A%2F%2Fconteudo.imguol.com.br%2Fc%2Fnoticias%2F15%2F2019%2F10%2F21%2Fo-ex-prefeito-de-sao-paulo--fernando-haddad-durante-entrevista-exclusiva-ao-uol-e-folha-de-spaulo-no-estudio-de-brasilia-1571697207194_v2_615x300.jpg&_nc_hash=AQDVAlHs-299FFWu,2081,220,5,1,10,382,True
2019-10-22T20:00:50+0000,904277726319518_2596763903737550,carta aberta redigida tres expresidentes cortes superiores justica europeias pede colegas stf brasileiro reflitam sobre vicios processos iniciados contra lula justica brasileira nao tera credibilidade lula preso,carta aberta redigida tres expresidentes cortes superiores justica europeias pede colegas stf brasileiro reflitam sobre vicios processos iniciados contra lula justica brasileira nao tera credibilidade lula preso,1090,shared_story,https://external-gru1-1.xx.fbcdn.net/safe_image.php?d=AQA43U8vG-tAnZxO&url=https%3A%2F%2Ff.i.uol.com.br%2Ffotografia%2F2019%2F04%2F26%2F15563020335cc348d147f69_1556302033_3x2_rt.jpg&_nc_hash=AQD9qWnP9EzN9RX8,4352,204,24,9,9,485,True
2019-10-21T23:00:15+0000,904277726319518_2144775529158964,fernando haddad entrevista antropologa historiadora lilia moritz schwarcz,fh entrevista antropologa historiadora lilia moritz schwarcz,1488,added_video,https://scontent-gru2-2.xx.fbcdn.net/v/t15.13418-10/70356216_1201799740008548_5677151204224794624_n.jpg?_nc_cat=102&_nc_sid=ad6a45&_nc_ohc=pb7yyMO76hsAX-Qzh9g&_nc_ht=scontent-gru2-2.xx&oh=5d62eda66a419dd5da6d2fb5aa6897d3&oe=5EADA8D0,4498,67,28,3,9,954,True
2019-10-19T13:33:22+0000,904277726319518_2589677814446159,nao perca bolsonaro extinguiu comites plano acao incidentes oleo bolsonaro tentou comprar deputados diz lider psl justica deixa prescrever processo contra edir macedo pronto julgamento juiz moro ordenou busca apreensao provocacao mp,nao perca jb extinguiu comites plano acao incidentes oleo jb tentou comprar deputados diz lider psl justica deixa prescrever processo contra edir macedo pronto julgamento juiz moro ordenou busca apreensao provocacao mp,1413,mobile_status_update,None,7406,80,88,556,1050,34,True
2019-10-19T12:18:15+0000,904277726319518_2589554634458477,coluna semana sobre sus estrategia saude familia medicos tres grandes conquistas risco,coluna semana sobre sus estrategia saude familia medicos tres grandes conquistas risco,215,shared_story,https://external-gru1-1.xx.fbcdn.net/safe_image.php?d=AQB0ehPs0DcsSFmJ&url=https%3A%2F%2Ff.i.uol.com.br%2Ffotografia%2F2019%2F05%2F24%2F15587525425ce8ad1ea398c_1558752542_3x2_rt.jpg&_nc_hash=AQDL5xEcvqvvOTgA,1441,30,8,186,8,60,True
2019-10-18T18:58:14+0000,904277726319518_2588117911268816,encontrei turma terrinhas vigilia lula livre lula recebeu hoje advogados visita dessa criancada certeza revigorou expresidente fico resposta pureza criancas fotos claudio kbene,encontrei turma terrinhas vigilia lula livre lula recebeu hoje advogados visita dessa criancada certeza revigorou expresidente fico resposta pureza criancas fotos claudio kbene,592,added_photos,https://scontent-gru2-1.xx.fbcdn.net/v/t1.0-9/s720x720/73523469_2588104307936843_8195412416746487808_o.jpg?_nc_cat=107&_nc_sid=8024bb&_nc_ohc=U8KACsS1kWcAX8oj3HC&_nc_ht=scontent-gru2-1.xx&_nc_tp=7&oh=dec52cdb8394b4cc971d5c557e18ad10&oe=5EAF7CDB,8035,180,32,8,18,1945,True
2019-10-18T17:43:15+0000,904277726319518_1102027703336820, , ,866,added_video,https://scontent-gru2-2.xx.fbcdn.net/v/t15.5256-10/70127621_1102031483336442_5737370884847435776_n.jpg?_nc_cat=102&_nc_sid=ad6a45&_nc_ohc=cmPqCh8kBsYAX-3DhwF&_nc_ht=scontent-gru2-2.xx&oh=221a8454405d13f3f8677947c1207291&oe=5EAF0B44,5274,105,24,3,34,1480,False
2019-10-15T20:27:20+0000,904277726319518_2581943135219627,feliz dia professor,feliz dia professor,5426,added_video,https://scontent-gru1-1.xx.fbcdn.net/v/t15.5256-10/71074375_682314615622750_3327830769354670080_n.jpg?_nc_cat=108&_nc_sid=ad6a45&_nc_ohc=7uGyKs3cvEcAX8vPGgx&_nc_ht=scontent-gru1-1.xx&oh=e7b809ffbace034fb8c9568243c1709e&oe=5EAFA7BC,21409,191,76,1,15,8326,True
2019-10-15T14:49:09+0000,904277726319518_2581427951937812,professores brasil nao fogem luta educacao sozinha nao transforma sociedade tampouco sociedade muda paulo freire diadoprofessor valorizeoprofessor arte sobre foto gladson targa,professores brasil nao fogem luta educacao sozinha nao transforma sociedade tampouco sociedade muda paulo freire diadoprofessor valorizeoprofessor arte sobre foto gladson targa,1872,added_photos,https://scontent-gru1-1.xx.fbcdn.net/v/t1.0-9/p720x720/73088345_2581427888604485_6692383908522098688_o.jpg?_nc_cat=104&_nc_sid=110474&_nc_ohc=Ptb8WAmyQW4AX_D8Bnb&_nc_ht=scontent-gru1-1.xx&_nc_tp=6&oh=0c27aa4556bccedf45177d36ed525dca&oe=5EAF7FAB,18474,143,71,2,6,5719,True
2019-10-15T12:05:35+0000,904277726319518_2581159065298034,hoje agradecimento especial professoras tornam sonho inclusao convivencia diferentes realidade aprovada todos orgulho ter feito parte dessa historia,hoje agradecimento especial professoras tornam sonho inclusao convivencia diferentes realidade aprovada todos orgulho ter feito parte dessa historia,164,shared_story,https://external-gru1-1.xx.fbcdn.net/safe_image.php?d=AQC6TlFKiWNvVADB&url=https%3A%2F%2Ff.i.uol.com.br%2Ffotografia%2F2019%2F10%2F15%2F15711087785da537aa1b2ab_1571108778_3x2_rt.jpg&_nc_hash=AQAMKpXSuqxlD17D,1288,4,8,0,0,256,True
2019-10-14T23:00:06+0000,904277726319518_398898817455763,fernando haddad entrevista humorista gregorio duvivier,fh entrevista humorista gregorio duvivier,1173,added_video,https://scontent-gru2-2.xx.fbcdn.net/v/t15.13418-10/70378088_2783903058307751_2693461651604111360_n.jpg?_nc_cat=100&_nc_sid=ad6a45&_nc_ohc=8ri1KsDn_ycAX8lRxL5&_nc_ht=scontent-gru2-2.xx&oh=fca193beea724e97ca2b3aa27bcf9e39&oe=5EAEA5D6,4654,138,16,2,13,1241,True
2019-10-14T00:36:58+0000,904277726319518_2578288925585048,nesta segunda h canal mynews,nesta segunda h canal mynews,262,added_photos,https://scontent-gru1-1.xx.fbcdn.net/v/t1.0-9/s720x720/72550244_2578288285585112_582831318379790336_n.jpg?_nc_cat=108&_nc_sid=110474&_nc_ohc=CJ_SeR9BENEAX-e2m5y&_nc_ht=scontent-gru1-1.xx&_nc_tp=7&oh=766d7876b4d466a8657477ba383aead4&oe=5EAEE706,4185,125,19,3,5,697,True
2019-10-12T13:06:28+0000,904277726319518_2575198442560763,proxima segunda entrevisto humorista ator roteirista gregorio duvivier acompanhe alltv redes sociais h,proxima segunda entrevisto humorista ator roteirista gregorio duvivier acompanhe alltv redes sociais h,474,added_photos,https://scontent-gru1-1.xx.fbcdn.net/v/t1.0-0/p180x540/71875063_2575197989227475_1092900427566940160_n.jpg?_nc_cat=110&_nc_sid=110474&_nc_ohc=lmEKwOhItN0AX8w_WiV&_nc_ht=scontent-gru1-1.xx&_nc_tp=6&oh=e9bf2a762a5b216ce9e8aa2d6eda623e&oe=5EAD1477,10453,251,34,1,12,1903,True
2019-10-12T12:00:08+0000,904277726319518_2575088749238399,coluna semana trata completa ausencia formuladores politica equipe economica guedes,coluna semana trata completa ausencia formuladores politica equipe economica guedes,90,shared_story,https://external-gru1-1.xx.fbcdn.net/safe_image.php?d=AQCTigAzIg-Lb0gO&url=https%3A%2F%2Ff.i.uol.com.br%2Ffotografia%2F2019%2F10%2F11%2F15708190715da0cbff94cb1_1570819071_3x2_rt.jpg&_nc_hash=AQDQfMc-Qj4A40gc,1045,87,6,6,3,88,True
2019-10-11T18:05:56+0000,904277726319518_2573723706041570,ato justica lula neste domingo h av paulista lulalivre,ato justica lula neste domingo h av paulista lulalivre,1065,added_video,https://scontent-gru1-1.xx.fbcdn.net/v/t15.5256-10/71686621_2880473318652593_7204609550853341184_n.jpg?_nc_cat=108&_nc_sid=ad6a45&_nc_ohc=iUWRyzH_mdEAX-MFYxG&_nc_ht=scontent-gru1-1.xx&oh=c85aa665b5c23ccb1153dcca62649f6b&oe=5EAFD520,4181,410,14,3,17,649,True
2019-10-11T18:05:48+0000,904277726319518_2573723479374926,ato justica lula neste domingo h av paulista lulalivre,ato justica lula neste domingo h av paulista lulalivre,765,added_video,https://scontent-gru1-1.xx.fbcdn.net/v/t15.5256-10/69780323_2480119765643835_2050226381324812288_n.jpg?_nc_cat=104&_nc_sid=ad6a45&_nc_ohc=KNoRgHKNXwwAX_4q0N8&_nc_ht=scontent-gru1-1.xx&oh=18b16ee9b16a49d69920ff41e518bae3&oe=5EAC27F6,3912,401,21,3,16,654,True
2019-10-08T23:00:06+0000,904277726319518_2568484353232172,segunda parte entrevista manuela davila,segunda parte entrevista manuela davila,601,added_video,https://scontent-gru2-2.xx.fbcdn.net/v/t15.13418-10/70521881_2363669157230805_659574584298700800_n.jpg?_nc_cat=106&_nc_sid=ad6a45&_nc_ohc=52Ce5DqDsuoAX-UHL9T&_nc_ht=scontent-gru2-2.xx&oh=7cbcff9c2cd616ea0cd211b722baa4a6&oe=5EAC747E,2760,109,12,0,13,731,True
2019-10-08T20:07:54+0000,904277726319518_2568274006586540,espero cpmi fakenews esclareca definitivamente fatos puna responsaveis sera moro vai ajudar acho sim so nao sei,espero cpmi fakenews esclareca definitivamente fatos puna responsaveis sera moro vai ajudar acho sim so nao sei,1168,shared_story,https://external-gru1-1.xx.fbcdn.net/safe_image.php?d=AQAQic6TUVZfMO4o&url=https%3A%2F%2Ff.i.uol.com.br%2Ffotografia%2F2018%2F12%2F01%2F15436844455c02c15d4cb17_1543684445_3x2_lg.jpg&_nc_hash=AQBUSQvqD0hJCKOI,4804,320,71,64,341,50,True
2019-10-08T11:33:50+0000,904277726319518_2567486246665316,bolsonaro precisa alimentar hipotese facada mandante afastar tese so loucura explica ascensao poder,jb precisa alimentar hipotese facada mandante afastar tese so loucura explica ascensao poder,613,mobile_status_update,None,9173,1183,29,12,28,829,True
2019-10-07T23:01:54+0000,904277726319518_2566597636754177,segunda parte entrevista manuela davila,segunda parte entrevista manuela davila,110,shared_story,https://external-gru1-1.xx.fbcdn.net/safe_image.php?d=AQB5FVe1ZNJ4lHIZ&w=1280&h=720&url=https%3A%2F%2Fi.ytimg.com%2Fvi%2FnIfyJt7VEv4%2Fmaxresdefault.jpg&crop&_nc_hash=AQDqA5Eig2YXlViH,1268,112,6,1,4,231,True
2019-10-06T12:32:26+0000,904277726319518_2563805487033392,brasil episodio hoje planilha implica bolsonaro caixa ta mae responde bolsonaro pergunta sobre queiroz gal heleno manda fhc calar boca apos critica expresidente governo sergio moro estrategia permanente acuar instituicoes diz maia,brasil episodio hoje planilha implica jb caixa ta mae responde jb pergunta sobre queiroz gal heleno manda fhc calar boca apos critica expresidente governo sergio moro estrategia permanente acuar instituicoes diz maia,1013,mobile_status_update,None,6878,163,314,854,248,33,True
2019-10-05T10:58:29+0000,904277726319518_2561677157246225,coluna semana verdade prevalecer suprema corte libertar amarras querem impor poderemos voltar arena livre disputa democratica lula,coluna semana verdade prevalecer suprema corte libertar amarras querem impor poderemos voltar arena livre disputa democratica lula,244,shared_story,https://external-gru1-1.xx.fbcdn.net/safe_image.php?d=AQCjIJzezhaJtEj8&url=https%3A%2F%2Ff.i.uol.com.br%2Ffotografia%2F2019%2F02%2F07%2F15495868555c5cd1a76aa7e_1549586855_3x2_rt.jpg&_nc_hash=AQA255GQGwNh-CRy,1983,92,6,1,6,340,True
2019-10-01T12:29:49+0000,904277726319518_2553894781357796,nesta quartafeira participo programa foco andreia sadi acompanhe globonews h,nesta quartafeira participo programa foco andreia sadi acompanhe globonews h,455,added_photos,https://scontent-gru1-1.xx.fbcdn.net/v/t1.0-0/p600x600/71527252_2553893564691251_7921262257651056640_n.jpg?_nc_cat=103&_nc_sid=110474&_nc_ohc=dqBF4BxJwdcAX-Z8qw_&_nc_ht=scontent-gru1-1.xx&_nc_tp=6&oh=ce84131774ac28d7341b27770c740fc4&oe=5EAE3EBE,3224,114,16,0,10,491,True
2019-10-01T01:03:27+0000,904277726319518_2552857851461489,nao ha qualquer duvida sobre veracidade sido divulgado sobre lava jato todo material checado confirmado deram legitimidade denuncias tanto ate procuradora pediu desculpas conteudo preciso anular imediatamente processo contra lula foto ricardo stuckert,nao ha qualquer duvida sobre veracidade sido divulgado sobre lava jato todo material checado confirmado deram legitimidade denuncias tanto ate procuradora pediu desculpas conteudo preciso anular imediatamente processo contra lula foto ricardo stuckert,495,added_photos,https://scontent-gru1-1.xx.fbcdn.net/v/t1.0-9/s720x720/71141497_2552857468128194_9101723118329659392_n.jpg?_nc_cat=101&_nc_sid=110474&_nc_ohc=G3HimJduWv4AX9JIxdq&_nc_ht=scontent-gru1-1.xx&_nc_tp=7&oh=8dabc96faa31e780937e4a713f4f6d10&oe=5EAF2405,5463,196,15,4,4,729,True
2019-09-30T23:02:05+0000,904277726319518_2552705564810051,fernando haddad entrevista manuela davila,fh entrevista manuela davila,1277,added_video,https://scontent-gru1-1.xx.fbcdn.net/v/t15.13418-10/71081902_391257058486791_4303153207313432576_n.jpg?_nc_cat=110&_nc_sid=ad6a45&_nc_ohc=L7D2Kwn3mBkAX-QPgBT&_nc_ht=scontent-gru1-1.xx&oh=0a68477b0aebb6b893ae1e22a2ebeffa&oe=5EADD88C,3516,206,16,4,39,1195,True
2019-09-30T14:02:13+0000,904277726319518_2551994071547867,hoje entrevisto amiga manuela davila acompanhe alltv redes h,hoje entrevisto amiga manuela davila acompanhe alltv redes h,310,added_photos,https://scontent-gru1-1.xx.fbcdn.net/v/t1.0-9/p720x720/71142992_2551993394881268_2914140666160218112_n.jpg?_nc_cat=110&_nc_sid=110474&_nc_ohc=6SGYMVu7_x4AX-LjcwM&_nc_ht=scontent-gru1-1.xx&_nc_tp=6&oh=6ace2b72c641d039486adceeb3f951ba&oe=5EAD6F21,5892,260,33,2,10,1628,True
2019-09-29T12:23:30+0000,904277726319518_2550013698412571,preso politico ha dias foto ricardo stuckert,preso politico ha dias foto ricardo stuckert,1708,added_photos,https://scontent-gru2-2.xx.fbcdn.net/v/t1.0-9/s720x720/70955963_2550013285079279_3139714968476188672_n.jpg?_nc_cat=100&_nc_sid=110474&_nc_ohc=Rx6jb8m_op0AX_fPLfz&_nc_ht=scontent-gru2-2.xx&_nc_tp=7&oh=d2108330d192c717977cf2bda2e50698&oe=5EAF7CF9,16015,4101,51,3808,157,1004,True
2019-09-28T10:23:27+0000,904277726319518_2547911145289493,ja viu filme coluna semana comento bacurau museu spoilers,ja viu filme coluna semana comento bacurau museu spoilers,193,shared_story,https://external-gru1-1.xx.fbcdn.net/safe_image.php?d=AQDjOYJDP7tm-d7v&url=https%3A%2F%2Ff.i.uol.com.br%2Ffotografia%2F2019%2F05%2F17%2F15580669225cde36eaa9294_1558066922_3x2_rt.jpg&_nc_hash=AQBqCkvtf1WA-ftx,2004,42,12,0,3,336,True
2019-09-27T10:53:11+0000,904277726319518_2546010512146223,brasil episodio hoje lava jato usou provas ilegais exterior prender futuros delatores janot diz cogitou matar gilmar mendes dentro supremo pgr lava jato manipulou impeachment dilma diz aloysio nunes psdb,brasil episodio hoje lava jato usou provas ilegais exterior prender futuros delatores janot diz cogitou matar gilmar mendes dentro supremo pgr lava jato manipulou impeachment dilma diz aloysio nunes psdb,1484,mobile_status_update,None,8458,144,596,336,850,56,True
2019-09-26T12:00:43+0000,904277726319518_2544204315660176,entrevista dei bob fernandes,entrevista dei bob fernandes,325,shared_story,https://external-gru1-1.xx.fbcdn.net/safe_image.php?d=AQDDbBQ9LRqExNRB&w=1280&h=720&url=https%3A%2F%2Fi.ytimg.com%2Fvi%2F25s7IL7PtrM%2Fmaxresdefault.jpg&crop&sx=0&sy=0&sw=1280&sh=720&_nc_hash=AQCLHhOOUlGTHOrj,2358,135,12,7,7,279,True
2019-09-24T18:19:31+0000,904277726319518_2541086802638594,bolsonaro sempre aproveitou oportunidade mostrar,jb sempre aproveitou oportunidade mostrar,399,mobile_status_update,None,12697,317,20,880,92,541,True
2019-09-23T23:02:05+0000,904277726319518_2468844493181930,fernando haddad entrevista professor luiz carlos bresserpereira,fh entrevista professor luiz carlos bresserpereira,609,added_video,https://scontent-gru2-1.xx.fbcdn.net/v/t15.13418-10/69005728_2143142972649172_4629140756928397312_n.jpg?_nc_cat=109&_nc_sid=ad6a45&_nc_ohc=KP2jQh7G7VMAX-w9DzF&_nc_ht=scontent-gru2-1.xx&oh=e4def799dd857ef913057879e4693f39&oe=5EADDBAA,2348,34,11,1,7,411,True
2019-09-21T17:29:24+0000,904277726319518_2535570366523571,witzel evitado tuitar dias coisas absurdas acontecendo toda sinceridade realmente penso ha razoes sobra peca impeachment witzel grande responsavel atrocidades cometem rio janeiro assassino,witzel evitado tuitar dias coisas absurdas acontecendo toda sinceridade realmente penso ha razoes sobra peca impeachment witzel grande responsavel atrocidades cometem rio janeiro assassino,1131,mobile_status_update,None,16901,334,53,2268,154,284,True
2019-09-21T13:48:51+0000,904277726319518_2535212403226034,coluna semana sobre governo vem cuidando dados oficiais pretende cuidar privatizacao serpro dataprev,coluna semana sobre governo vem cuidando dados oficiais pretende cuidar privatizacao serpro dataprev,163,shared_story,https://external-gru1-1.xx.fbcdn.net/safe_image.php?d=AQBMF1j4RNiqQPJQ&url=https%3A%2F%2Ff.i.uol.com.br%2Ffotografia%2F2019%2F07%2F16%2F15633188875d2e5a675f45a_1563318887_3x2_rt.jpg&_nc_hash=AQDCs-doCb1j3r8R,1251,52,9,9,22,72,True
2019-09-19T22:27:42+0000,904277726319518_2532174780196463,queridos amigos chico buarque carol proner celso amorim lulalivre foto ricardo stuckert,queridos amigos chico buarque carol proner celso amorim lulalivre foto ricardo stuckert,770,added_photos,https://scontent-gru1-1.xx.fbcdn.net/v/t1.0-9/s720x720/70663250_2532174373529837_8246347353032753152_n.jpg?_nc_cat=101&_nc_sid=110474&_nc_ohc=-2Phu0wQmBsAX-wZdQG&_nc_ht=scontent-gru1-1.xx&_nc_tp=7&oh=10e3fcafe392d121d86b0f57d07dc20f&oe=5EAF6378,11257,242,34,0,9,2565,True
2019-09-17T18:43:23+0000,904277726319518_2528302380583703,hoje partir h,hoje partir h,371,added_photos,https://scontent-gru2-2.xx.fbcdn.net/v/t1.0-0/p600x600/70260225_2528301730583768_7518432821078130688_n.jpg?_nc_cat=105&_nc_sid=110474&_nc_ohc=ogPGZiLTpjUAX_NCayZ&_nc_ht=scontent-gru2-2.xx&_nc_tp=6&oh=6da1bbfa0d0d56492a02cb0f8c15c0ff&oe=5EAEF7AD,4996,123,17,1,9,773,True
2019-09-16T23:02:05+0000,904277726319518_519976838813539,segunda parte entrevista fernando haddad governador maranhao flavio dino,segunda parte entrevista fh governador maranhao flavio dino,614,added_video,https://scontent-gru1-1.xx.fbcdn.net/v/t15.13418-10/68961713_518671832224424_6388154345401090048_n.jpg?_nc_cat=103&_nc_sid=ad6a45&_nc_ohc=6dgQli6yjlEAX_cOuY1&_nc_ht=scontent-gru1-1.xx&oh=67aff8977c2b06bf062e9d3300d8a40c&oe=5EAF2ABB,2695,54,6,1,3,540,True
2019-09-16T01:55:49+0000,904277726319518_1155583484638438,entrevista lula canal argentina,entrevista lula canal argentina,649,added_video,https://scontent-gru2-1.xx.fbcdn.net/v/t15.5256-10/70168083_1155649257965194_2427599967641141248_n.jpg?_nc_cat=107&_nc_sid=ad6a45&_nc_ohc=rYif9f4uI2wAX-YFj7k&_nc_ht=scontent-gru2-1.xx&oh=38b5ca3409c241226d26a2eb07a6676c&oe=5EAF798A,2283,103,18,3,22,904,True
2019-09-14T11:00:40+0000,904277726319518_2522330111180930,coluna semana sobre vazamentos legais ilegais interesse publico criminosos etc relacao democracia,coluna semana sobre vazamentos legais ilegais interesse publico criminosos etc relacao democracia,217,shared_story,https://external-gru1-1.xx.fbcdn.net/safe_image.php?d=AQB5xw-881uWdOA3&url=https%3A%2F%2Ff.i.uol.com.br%2Ffotografia%2F2019%2F09%2F13%2F15684210085d7c349063bf7_1568421008_3x2_rt.jpg&_nc_hash=AQAjAJpiGDEMzD6h,2065,87,14,3,5,176,True
2019-09-09T23:00:59+0000,904277726319518_2514549408625667,fernando haddad entrevista governador maranhao flavio dino,fh entrevista governador maranhao flavio dino,1252,added_video,https://scontent-gru1-1.xx.fbcdn.net/v/t15.13418-10/69228468_400862423950395_8937942778243973120_n.jpg?_nc_cat=101&_nc_sid=ad6a45&_nc_ohc=OVbg_lFzGxIAX86O8bf&_nc_ht=scontent-gru1-1.xx&oh=c836ea7b2e9e5c45b8276a564f862e2b&oe=5EAC4CF3,4517,97,27,1,7,935,True
2019-09-09T11:13:14+0000,904277726319518_2513641305383144,pt mao progressistas defesa direitos sociais ambientais trabalhistas mao democratas defesa direitos civis politicos resto gente enfrenta ha quarenta anos parabens pt,pt mao progressistas defesa direitos sociais ambientais trabalhistas mao democratas defesa direitos civis politicos resto gente enfrenta ha quarenta anos parabens pt,541,mobile_status_update,None,8929,310,23,3,9,1390,True
2019-09-08T11:09:27+0000,904277726319518_2511805992233342,revista piaui junho vivi bastidores episodio merece relato dia marco participei reuniao ministro fazenda nelson barbosa presentes diversas liderancas sindicais alguns economistas assessores expresidente lula tema economia debate enveredou politica muitos acreditavamos governo dilma agonizava nao resistiria tempo semanas tentavamos convencer lula assumir governo condicao ministrochefe casa civil ouviamos sempre mesma resposta proprio nao cabem dois presidentes so palacio outro argumento contrario midia tentaria caracterizar gesto busca foro privilegiado altura lula nao reu relutancia expresidente ideia enorme apenas insistentes apelos lula concordou conversar dilma sobre condicoes eventual ida governo aceitas apenas longa negociacao anuncio feito historia conhecida grampo ilegal telefonema improprio vazamento ilegal conversa surreal liminar impede posse justica fazendo politica junho estopim impeachment marco viria pa cal,revista piaui junho vivi bastidores episodio merece relato dia marco participei reuniao ministro fazenda nelson barbosa presentes diversas liderancas sindicais alguns economistas assessores expresidente lula tema economia debate enveredou politica muitos acreditavamos governo dilma agonizava nao resistiria tempo semanas tentavamos convencer lula assumir governo condicao ministrochefe casa civil ouviamos sempre mesma resposta proprio nao cabem dois presidentes so palacio outro argumento contrario midia tentaria caracterizar gesto busca foro privilegiado altura lula nao reu relutancia expresidente ideia enorme apenas insistentes apelos lula concordou conversar dilma sobre condicoes eventual ida governo aceitas apenas longa negociacao anuncio feito historia conhecida grampo ilegal telefonema improprio vazamento ilegal conversa surreal liminar impede posse justica fazendo politica junho estopim impeachment marco viria pa cal,596,shared_story,https://external-gru1-1.xx.fbcdn.net/safe_image.php?d=AQBT2bt04af3Je1Y&url=http%3A%2F%2Fpiaui.folha.uol.com.br%2Fwp-content%2Fuploads%2F2017%2F06%2F129_tribunalivre_FB.jpg&_nc_hash=AQAOuL-NVMOE1uNf,3744,57,12,299,12,199,True
2019-09-08T11:04:03+0000,904277726319518_2511796972234244,testemunha quanto lula relutou meses aceitar convite dilma integrar governo ate cedeu apelos hoje ficamos sabendo moro pf conheciam fatos cometeram crime vazamento seletivo ilegal fortalecer impeachment,testemunha quanto lula relutou meses aceitar convite dilma integrar governo ate cedeu apelos hoje ficamos sabendo moro pf conheciam fatos cometeram crime vazamento seletivo ilegal fortalecer impeachment,1845,shared_story,https://external-gru1-1.xx.fbcdn.net/safe_image.php?d=AQBZNL0TPeoi-MJO&url=https%3A%2F%2Ff.i.uol.com.br%2Ffotografia%2F2019%2F09%2F07%2F15678276365d7326b4d13fb_1567827636_3x2_xl.jpg&_nc_hash=AQChKnSiaEKthN48,7939,196,89,937,726,115,True
2019-09-07T11:37:37+0000,904277726319518_2509991815748093,coluna semana sobre conflitos religiosos promovidos governo catolicos evangelicos algo novo perigoso,coluna semana sobre conflitos religiosos promovidos governo catolicos evangelicos algo novo perigoso,350,shared_story,https://external-gru1-1.xx.fbcdn.net/safe_image.php?d=AQBvvxK3Zh7gdGVp&url=https%3A%2F%2Ff.i.uol.com.br%2Ffotografia%2F2019%2F09%2F06%2F15678169335d72fce52cbb1_1567816933_3x2_rt.jpg&_nc_hash=AQD8bIFGHYgiaSXE,1924,98,10,201,26,32,True
2019-09-07T02:13:26+0000,904277726319518_2509349005812374,proxima segundafeira entrevisto amigo flavio dino papo otimo acompanhe redes alltv h,proxima segundafeira entrevisto amigo flavio dino papo otimo acompanhe redes alltv h,495,added_photos,https://scontent-gru1-1.xx.fbcdn.net/v/t1.0-0/p180x540/70380089_2509348975812377_5636564106874978304_n.jpg?_nc_cat=103&_nc_sid=110474&_nc_ohc=g9ec9rNXSDsAX_YmTwc&_nc_ht=scontent-gru1-1.xx&_nc_tp=6&oh=48e97d05c8d0b2e6da24f8190d48da6b&oe=5EADDBF0,8677,100,36,2,12,1299,True
2019-09-06T00:55:17+0000,904277726319518_2507465186000756,grandes mulheres michelle bachelet convida ana estela haddad rede protecao primeira infancia,grandes mulheres michelle bachelet convida ana estela fh rede protecao primeira infancia,781,shared_story,https://external-gru1-1.xx.fbcdn.net/safe_image.php?d=AQAU-xsmwEbRuT0v&url=https%3A%2F%2Ff.i.uol.com.br%2Ffotografia%2F2019%2F09%2F04%2F15676393045d7047082498e_1567639304_3x2_rt.jpg&_nc_hash=AQDj0QULePGZ3rNs,6265,94,51,1,3,2062,True
2019-09-06T00:54:18+0000,904277726319518_2507464176000857, , ,212,mobile_status_update,https://scontent-gru2-1.xx.fbcdn.net/v/t1.0-9/s720x720/69841698_2477199365682382_3372346473290137600_n.jpg?_nc_cat=109&_nc_sid=110474&_nc_ohc=bm9s599DXm0AX_-UpsZ&_nc_ht=scontent-gru2-1.xx&_nc_tp=7&oh=d5acd371bc1b04e6cbe72b3e22523ad0&oe=5EAC1F3C,4570,113,20,3,8,645,False
2019-09-05T20:40:46+0000,904277726319518_2507170456030229, , ,118,mobile_status_update,https://scontent-gru2-2.xx.fbcdn.net/v/t15.5256-10/68667649_457680631755275_1779206463114182656_n.jpg?_nc_cat=105&_nc_sid=ad6a45&_nc_ohc=gH87EFAZelgAX8HPNrm&_nc_ht=scontent-gru2-2.xx&oh=ffc5885467976fc18d0aa700f23a22e2&oe=5EADDA10,895,27,3,2,1,138,False
2019-09-04T15:21:32+0000,904277726319518_2505003539580254,ato defesa soberania nacional popular brasilia foto lula marques,ato defesa soberania nacional popular brasilia foto lula marques,321,added_photos,https://scontent-gru2-2.xx.fbcdn.net/v/t1.0-9/s720x720/69845887_2505003512913590_4484835241671786496_n.jpg?_nc_cat=106&_nc_sid=110474&_nc_ohc=MWCpKcU5zAEAX8Hvxvu&_nc_ht=scontent-gru2-2.xx&_nc_tp=7&oh=b0fd591130657b4f0814f4c149c91fe7&oe=5EAC90C2,5931,141,30,1,6,827,True
2019-09-02T23:10:53+0000,904277726319518_2502188139861794,fernando haddad entrevista escritor roteirista antonio prata,fh entrevista escritor roteirista antonio prata,585,added_video,https://scontent-gru2-2.xx.fbcdn.net/v/t15.13418-10/67693425_517276932433198_6961682279286439936_n.jpg?_nc_cat=100&_nc_sid=ad6a45&_nc_ohc=HUuI1ITUA8YAX_uZmfq&_nc_ht=scontent-gru2-2.xx&oh=f266478ac4cced9a6b31f278b8d587b4&oe=5EADC87D,3330,75,18,3,12,615,True
2019-09-02T00:48:51+0000,904277726319518_2500488280031780,encerramento caravana lula livre ato grito nordeste monteiro volta aguas transposicao sao francisco fotos ricardo stuckert,encerramento caravana lula livre ato grito nordeste monteiro volta aguas transposicao sao francisco fotos ricardo stuckert,739,added_photos,https://scontent-gru2-1.xx.fbcdn.net/v/t1.0-9/s720x720/69413072_2500488220031786_5017449360045113344_n.jpg?_nc_cat=107&_nc_sid=110474&_nc_ohc=psG7OTRhkv8AX_zaF6j&_nc_ht=scontent-gru2-1.xx&_nc_tp=7&oh=0d89f0c4e5ecf91514dbd5fc945e77bc&oe=5EAFEC61,7689,190,28,1,12,1392,True
2019-09-01T17:00:51+0000,904277726319518_2499918906755384, , ,162,mobile_status_update,https://scontent-gru2-2.xx.fbcdn.net/v/t15.5256-10/68997557_378660979498523_8029301953823506432_n.jpg?_nc_cat=102&_nc_sid=ad6a45&_nc_ohc=T8RFPCfAFUIAX9xXCfc&_nc_ht=scontent-gru2-2.xx&oh=0ac1ae9dc2c8d21aeeefb80ef18e4858&oe=5EAE3467,1361,63,12,1,7,257,False
2019-08-31T22:28:20+0000,904277726319518_2498506450229963,recife atividades caravana lula livre fotos ricardo stuckert,recife atividades caravana lula livre fotos ricardo stuckert,688,added_photos,https://scontent-gru1-1.xx.fbcdn.net/v/t1.0-9/s720x720/69642549_2498506370229971_8430168654766669824_n.jpg?_nc_cat=104&_nc_sid=110474&_nc_ohc=kmYY7h0_lQYAX8Ej2-N&_nc_ht=scontent-gru1-1.xx&_nc_tp=7&oh=3caf58b2826712fc4b717152dc7038b5&oe=5EADE14D,9157,184,36,1,14,2062,True
2019-08-31T14:36:48+0000,904277726319518_1420532878113136,ato caravana lula livre mercado casa amarela recife defesa educacao amazonia,ato caravana lula livre mercado casa amarela recife defesa educacao amazonia,511,added_video,https://scontent-gru1-1.xx.fbcdn.net/v/t15.5256-10/68723340_1420534021446355_5799962328015306752_n.jpg?_nc_cat=101&_nc_sid=ad6a45&_nc_ohc=DjmhemPBe_sAX86SMun&_nc_ht=scontent-gru1-1.xx&oh=5cb16b5355008e26e32f7f3bb8b1fe9f&oe=5EAE96B8,2897,74,21,3,14,801,True
2019-08-31T14:08:27+0000,904277726319518_1116687741868590,ato caravana lula livre mercado casa amarela recife defesa educacao amazonia,ato caravana lula livre mercado casa amarela recife defesa educacao amazonia,1430,added_video,https://scontent-gru1-1.xx.fbcdn.net/v/t15.5256-10/67787442_1116706785200019_4965713382293372928_n.jpg?_nc_cat=101&_nc_sid=ad6a45&_nc_ohc=q44tgcA7QJkAX8JaOJT&_nc_ht=scontent-gru1-1.xx&oh=854146f39681651e6f8286fe2152be67&oe=5EAF5A9D,5063,132,21,6,77,1314,True
2019-08-31T14:03:06+0000,904277726319518_2286183585028297,ato caravana lula livre mercado casa amarela recife defesa educacao amazonia,ato caravana lula livre mercado casa amarela recife defesa educacao amazonia,1477,added_video,https://scontent-gru1-1.xx.fbcdn.net/v/t15.5256-10/67191640_2286186858361303_4955623305819193344_n.jpg?_nc_cat=104&_nc_sid=ad6a45&_nc_ohc=lfsL4ldG530AX8FC6-W&_nc_ht=scontent-gru1-1.xx&oh=e5d1a967354d35c274b37d7eb92527f9&oe=5EAEBA39,6421,98,26,5,37,1735,True
2019-08-31T13:54:09+0000,904277726319518_955720028104754,ato caravana lula livre mercado casa amarela recife defesa educacao amazonia,ato caravana lula livre mercado casa amarela recife defesa educacao amazonia,662,added_video,https://scontent-gru2-2.xx.fbcdn.net/v/t15.5256-10/67563704_955724868104270_261559037265444864_n.jpg?_nc_cat=106&_nc_sid=ad6a45&_nc_ohc=pqHg6UrnzIgAX8Z9oP3&_nc_ht=scontent-gru2-2.xx&oh=23d7fe7e514eae1861429549fba509ed&oe=5EAEEB18,3807,78,21,2,26,1014,True
2019-08-31T10:37:03+0000,904277726319518_2497469913666950,coluna desta semana fala combate corrupcao antes lavajato,coluna desta semana fala combate corrupcao antes lavajato,165,shared_story,https://external-gru1-1.xx.fbcdn.net/safe_image.php?d=AQD7mTUKMI3HIcgI&url=https%3A%2F%2Ff.i.uol.com.br%2Ffotografia%2F2018%2F01%2F06%2F15152519415a50e8e590bef_1515251941_3x2_rt.jpg&_nc_hash=AQCdWb2T2FNmnKSP,1693,188,5,1,4,203,True
2019-08-31T03:20:54+0000,904277726319518_2497061973707744,revi amigo cirogomes estreia filme vida invisivel grande karim ainouz fortaleza caravana lulalivre segue pernambuco paraiba,revi amigo cirogomes estreia filme vida invisivel grande karim ainouz fortaleza caravana lulalivre segue pernambuco paraiba,1217,added_photos,https://scontent-gru2-2.xx.fbcdn.net/v/t1.0-9/s720x720/69386500_2497061950374413_4435470330680573952_n.jpg?_nc_cat=105&_nc_sid=110474&_nc_ohc=VLrd4z5ADvcAX9CIxsM&_nc_ht=scontent-gru2-2.xx&_nc_tp=7&oh=bc6b505b57cc52e353d0a521eea883ac&oe=5EAF5E9B,22425,704,135,25,85,4268,True
2019-08-31T01:53:44+0000,904277726319518_2496957017051573,fernando haddad chegando cine ceara fortaleza,fh chegando cine ceara fortaleza,3164,added_video,https://scontent-gru2-1.xx.fbcdn.net/v/t15.5256-10/67552218_1016889248702447_8547213823617007616_n.jpg?_nc_cat=107&_nc_sid=ad6a45&_nc_ohc=ZeVx1wOZrHAAX9los2Z&_nc_ht=scontent-gru2-1.xx&oh=731087a60e23240b9d7d0b06d1d1229c&oe=5EAF5F7A,12677,293,90,2,17,4593,True
2019-08-30T22:27:37+0000,904277726319518_225851745031351,ato abertura caravana lula livre nordeste defesa educacao amazonia,ato abertura caravana lula livre nordeste defesa educacao amazonia,2684,added_video,https://scontent-gru1-1.xx.fbcdn.net/v/t15.5256-10/66908659_225865468363312_5000131802799538176_n.jpg?_nc_cat=101&_nc_sid=ad6a45&_nc_ohc=REKK_Z6jd4cAX8EwtS8&_nc_ht=scontent-gru1-1.xx&oh=983df8de56b35500da41f43b11961c09&oe=5EAEE809,8014,294,39,15,198,2537,True
2019-08-30T21:57:56+0000,904277726319518_2690551794297340,ato abertura caravana lula livre nordeste defesa educacao amazonia,ato abertura caravana lula livre nordeste defesa educacao amazonia,2448,added_video,https://scontent-gru1-1.xx.fbcdn.net/v/t15.5256-10/68637972_2690557767630076_3716494123885133824_n.jpg?_nc_cat=101&_nc_sid=ad6a45&_nc_ohc=h0sdwX4oEs8AX_-GeRF&_nc_ht=scontent-gru1-1.xx&oh=919f320407b39c8cecc8258042a1aed4&oe=5EAD72C8,11243,190,28,4,38,3244,True
2019-08-29T22:02:33+0000,904277726319518_2494983087248966,proxima segundafeira entrevisto escritor roteirista antonio prata acompanhe alltv redes sociais partir h,proxima segundafeira entrevisto escritor roteirista antonio prata acompanhe alltv redes sociais partir h,154,added_photos,https://scontent-gru2-1.xx.fbcdn.net/v/t1.0-9/p720x720/69698103_2494983003915641_2441850033474109440_n.jpg?_nc_cat=111&_nc_sid=110474&_nc_ohc=Lrotu7TahkYAX9IxOQI&_nc_ht=scontent-gru2-1.xx&_nc_tp=6&oh=d32431f8bc54aca8743f954d8b41614d&oe=5EAC7E0A,4800,54,15,0,1,463,True
2019-08-29T17:20:10+0000,904277726319518_2494633173950624,caravana lula livre haddad nordeste partir amanha fortaleza recife monteiro,caravana lula livre fh nordeste partir amanha fortaleza recife monteiro,340,added_photos,https://scontent-gru1-1.xx.fbcdn.net/v/t1.0-0/p600x600/69395905_2494633110617297_8227949761836089344_n.jpg?_nc_cat=104&_nc_sid=110474&_nc_ohc=vD9AsIyf8-0AX9RwjJw&_nc_ht=scontent-gru1-1.xx&_nc_tp=6&oh=40b2257ead83a994ac06fb076f88c73f&oe=5EACFB47,2802,152,17,0,7,570,True
2019-08-29T12:28:05+0000,904277726319518_2494210833992858,mensagem sugere vazamentos iniciativa promotores podiam ser facilmente utilizados fins politicos seletivos vazamentos objetivam sempre fazer pensem investigacoes sao inevitaveis incentivar colaboracao,mensagem sugere vazamentos iniciativa promotores podiam ser facilmente utilizados fins politicos seletivos vazamentos objetivam sempre fazer pensem investigacoes sao inevitaveis incentivar colaboracao,1709,shared_story,https://external-gru1-1.xx.fbcdn.net/safe_image.php?d=AQCu_0ybd0HsUowu&url=https%3A%2F%2Fconteudo.imguol.com.br%2Fc%2Fnoticias%2F42%2F2019%2F08%2F15%2Fo-procurador-da-republica-deltan-dallagnol-coordenador-da-forca-tarefa-da-operacao-lava-jato-em-curitiba-1565901894313_v2_615x300.jpg&_nc_hash=AQDMI5XAagFcbynl,3706,45,111,209,1126,5,True
2019-08-28T12:25:46+0000,904277726319518_2492532414160700,recebo noticia marcas suspenderam compra couro brasileiro funcao desatinos bolsonaristas timberland dickies kipling vans kodiak terra walls workrite eagle creek eastpack the north face napapijri bulwark altra icebreaker smartwoll horace small,recebo noticia marcas suspenderam compra couro brasileiro funcao desatinos bolsonaristas timberland dickies kipling vans kodiak terra walls workrite eagle creek eastpack the north face napapijri bulwark altra icebreaker smartwoll horace small,1467,mobile_status_update,None,9544,163,417,1972,118,494,True
2019-08-27T13:10:09+0000,904277726319518_2490887197658555,triste troca mensagens promotores sobre familia lula realmente faltavam sobriedade isencao sobravam preconceito odio mortes esposa irmao neto nao minimamente respeitadas,triste troca mensagens promotores sobre familia lula realmente faltavam sobriedade isencao sobravam preconceito odio mortes esposa irmao neto nao minimamente respeitadas,716,mobile_status_update,None,8791,76,16,3983,672,19,True
2019-08-26T23:00:16+0000,904277726319518_2489942034419738,fernando haddad entrevista jornalista professor ecausp eugenio bucci,fh entrevista jornalista professor ecausp eugenio bucci,469,added_video,https://scontent-gru1-1.xx.fbcdn.net/v/t15.13418-10/68934865_2446419828938639_2904238739318374400_n.jpg?_nc_cat=103&_nc_sid=ad6a45&_nc_ohc=wPKk8PV9a-gAX9kABnS&_nc_ht=scontent-gru1-1.xx&oh=ec42bfa01ddfcd885564216421418e22&oe=5EAD0DDD,3142,61,15,1,4,597,True
2019-08-26T19:17:07+0000,904277726319518_2489687494445192,hoje h entrevisto jornalista professor ecausp eugenio bucci acompanhe alltv redes,hoje h entrevisto jornalista professor ecausp eugenio bucci acompanhe alltv redes,40,mobile_status_update,None,1667,42,7,0,3,157,True
2019-08-24T11:29:42+0000,904277726319518_2485584568188818,rebato nesta coluna sentenca condena desinteresse checar notas fiscais campanha algo jamais acusado,rebato nesta coluna sentenca condena desinteresse checar notas fiscais campanha algo jamais acusado,623,shared_story,https://external-gru1-1.xx.fbcdn.net/safe_image.php?d=AQADzzotbcXhrGxH&url=https%3A%2F%2Ff.i.uol.com.br%2Ffotografia%2F2019%2F08%2F23%2F15665932185d6050c2b0fff_1566593218_3x2_rt.jpg&_nc_hash=AQDSTKsVA9rJQmuX,4568,306,66,508,98,110,True
2019-08-22T19:42:10+0000,904277726319518_2482664048480870,bracos abertos reconhecimento internacional escritorio nacoes unidas sobre drogas crime unodc parceria unaids oms lancaram guia tecnico sobre prevalencia hiv pessoas fazem uso drogas estimulantes oito casos sucesso sao citados guia tecnico demonstrando situacoes reais impactos positivos comunidade desses dois sao brasileiros programa viva melhor sabendo vms programa bracos abertos objetivo primeiro principalmente realizar testagem diagnostico orientacao quanto virus hiv segundo vez foca suporte social saude pessoas usam crack visando recuperacao reinsercao social,bracos abertos reconhecimento internacional escritorio nacoes unidas sobre drogas crime unodc parceria unaids oms lancaram guia tecnico sobre prevalencia hiv pessoas fazem uso drogas estimulantes oito casos sucesso sao citados guia tecnico demonstrando situacoes reais impactos positivos comunidade desses dois sao brasileiros programa viva melhor sabendo vms programa bracos abertos objetivo primeiro principalmente realizar testagem diagnostico orientacao quanto virus hiv segundo vez foca suporte social saude pessoas usam crack visando recuperacao reinsercao social,141,shared_story,https://external-gru1-1.xx.fbcdn.net/safe_image.php?d=AQCNGliEejG-H7lz&url=https%3A%2F%2Fwww.unodc.org%2Fimages%2Ffrontpage%2Ficons%2Ffacebook_colour.jpg&_nc_hash=AQCJGXlM0fQC_Eyq,1259,6,12,0,2,178,True
2019-08-22T19:16:52+0000,904277726319518_2482633638483911,bati papo querido joao gordo felizmente ja casa recuperando hoje h canal panelaco youtube,bati papo querido joao gordo felizmente ja casa recuperando hoje h canal panelaco youtube,267,added_photos,https://scontent-gru1-1.xx.fbcdn.net/v/t1.0-9/s720x720/69143425_2482633421817266_3915164536310595584_n.jpg?_nc_cat=104&_nc_sid=110474&_nc_ohc=uyAe2ogPlbgAX9I96OI&_nc_ht=scontent-gru1-1.xx&_nc_tp=7&oh=581647c3895ea173db04dd6e1f1ab554&oe=5EAE1F66,8207,102,31,0,5,1229,True
2019-08-20T21:17:32+0000,904277726319518_2479319275482014,nota defesa fernando haddad defesa fernando haddad recorrera decisao juiz francisco shintate primeira vara eleitoral primeiro lugar porque condenacao sustenta campanha entao prefeito indicado prestacao contas gastos material grafico inexistente testemunhas documentos comprovam gastos declarados apresentados nao ha razoabilidade materialidade sustentem decisao segundo lugar sentenca nula carecer logica juiz absolveu fernando haddad lavagem dinheiro corrupcao condenouo crime nao acusado estado direito decisoes judiciais devem pautar lei magistrado deve ser imparcial condenar alguem algo ministerio publico acusa juiz perde neutralidade sentenca nula defesa fernando haddad,nota defesa fh defesa fh recorrera decisao juiz francisco shintate primeira vara eleitoral primeiro lugar porque condenacao sustenta campanha entao prefeito indicado prestacao contas gastos material grafico inexistente testemunhas documentos comprovam gastos declarados apresentados nao ha razoabilidade materialidade sustentem decisao segundo lugar sentenca nula carecer logica juiz absolveu fh lavagem dinheiro corrupcao condenouo crime nao acusado estado direito decisoes judiciais devem pautar lei magistrado deve ser imparcial condenar alguem algo ministerio publico acusa juiz perde neutralidade sentenca nula defesa fh,2396,mobile_status_update,None,17298,1958,109,138,68,1959,True
2019-08-20T16:51:17+0000,904277726319518_2478968572183751,dias injustica,dias injustica,352,shared_story,https://external-gru1-1.xx.fbcdn.net/safe_image.php?d=AQC4apyqZl8wVQs0&url=https%3A%2F%2Ff.i.uol.com.br%2Ffotografia%2F2019%2F04%2F26%2F15563133485cc375046eee8_1556313348_3x2_rt.jpg&_nc_hash=AQBo8GkEGytA-Nhc,2499,635,14,648,38,31,True
2019-08-20T16:45:42+0000,904277726319518_2478959995517942, , ,142,mobile_status_update,https://scontent-gru2-2.xx.fbcdn.net/v/t15.5256-10/64634036_2330568103726053_3072789954846261248_n.jpg?_nc_cat=105&_nc_sid=ad6a45&_nc_ohc=GYIYJlWlhSQAX8zVSo-&_nc_ht=scontent-gru2-2.xx&oh=b0a0aa17151c0687d56241c80206bd7e&oe=5EAD077A,990,174,2,21,10,117,False
2019-08-20T11:23:44+0000,904277726319518_2478478575566084,ato moro mente ontem faculdade direito usp fotos ricardo stuckert,ato moro mente ontem faculdade direito usp fotos ricardo stuckert,1533,added_photos,https://scontent-gru1-1.xx.fbcdn.net/v/t1.0-9/s720x720/68525493_2478478518899423_4158569524204929024_n.jpg?_nc_cat=110&_nc_sid=110474&_nc_ohc=yFVn7bnmhlMAX9BUvGb&_nc_ht=scontent-gru1-1.xx&_nc_tp=7&oh=0d67a58160f3b0438f917571844ccfc4&oe=5EADACE5,13152,396,87,6,24,2641,True
2019-08-19T23:36:41+0000,904277726319518_2477712085642733, , ,163,mobile_status_update,https://scontent-gru2-1.xx.fbcdn.net/v/t15.5256-10/66646200_2406221159667257_8041571734790340608_n.jpg?_nc_cat=109&_nc_sid=ad6a45&_nc_ohc=rAVITFtqOZ0AX_vxmz4&_nc_ht=scontent-gru2-1.xx&oh=8a511943ba91bafef2a7b1704fa3b2ce&oe=5EAE93CF,1475,105,8,0,7,220,False
2019-08-19T23:03:15+0000,904277726319518_2477668592313749,fernando haddad entrevista reitora ufrj denise pires carvalho,fh entrevista reitora ufrj denise pires carvalho,967,added_video,https://scontent-gru1-1.xx.fbcdn.net/v/t15.13418-10/64681951_794840134266931_8128665219057582080_n.jpg?_nc_cat=101&_nc_sid=ad6a45&_nc_ohc=D79Am5WjON8AX_aud3o&_nc_ht=scontent-gru1-1.xx&oh=4e1cac8932c2719dde0c8f0813b28134&oe=5EAE2333,4624,94,20,3,16,1131,True
2019-08-19T15:09:05+0000,904277726319518_2477009942379614,caravana lula livre haddad vai ate regiao centrooeste nesta semana,caravana lula livre fh vai ate regiao centrooeste nesta semana,873,added_photos,https://scontent-gru1-1.xx.fbcdn.net/v/t1.0-9/s720x720/68934031_2477009915712950_5383042229025636352_n.jpg?_nc_cat=110&_nc_sid=110474&_nc_ohc=rhSkJj3b77IAX_pmYMW&_nc_ht=scontent-gru1-1.xx&_nc_tp=7&oh=3096ac7c9f37ca02ff34440d17299287&oe=5EAC40C3,8251,408,41,0,29,1536,True
2019-08-19T11:02:22+0000,904277726319518_2476676562412952,hoje h entrevisto reitora ufrj denise pires carvalho acompanhe alltv redes sociais,hoje h entrevisto reitora ufrj denise pires carvalho acompanhe alltv redes sociais,326,added_photos,https://scontent-gru1-1.xx.fbcdn.net/v/t1.0-9/s720x720/68491843_2476676535746288_7836997700837965824_n.jpg?_nc_cat=110&_nc_sid=110474&_nc_ohc=eFehurZSJu8AX8LcRsx&_nc_ht=scontent-gru1-1.xx&_nc_tp=7&oh=910fafa5b3dff0e6e6e72021e9d820ec&oe=5EAEB771,4715,94,19,0,5,606,True
2019-08-17T11:00:44+0000,904277726319518_2473151462765462,coluna sobre idas vindas politica externa estragos ja causados imagem economia brasil,coluna sobre idas vindas politica externa estragos ja causados imagem economia brasil,142,shared_story,https://external-gru1-1.xx.fbcdn.net/safe_image.php?d=AQCe0z5RXaErub_I&url=https%3A%2F%2Ff.i.uol.com.br%2Ffotografia%2F2019%2F08%2F13%2F15657468715d5366b7733b5_1565746871_3x2_xl.jpg&_nc_hash=AQANyUXuE3n-MOGA,1362,41,6,64,10,62,True
2019-08-14T13:31:45+0000,904277726319518_2468192773261331,vivo marcha margaridas brasilia,vivo marcha margaridas brasilia,148,mobile_status_update,https://scontent-gru1-1.xx.fbcdn.net/v/t15.5256-10/67526773_2630882913639445_5092396702569070592_n.jpg?_nc_cat=104&_nc_sid=ad6a45&_nc_ohc=ORFLr1EtldEAX81K5Vv&_nc_ht=scontent-gru1-1.xx&oh=12711732e80e049b4047a49a6e13059b&oe=5EAF65FB,1368,51,6,0,4,263,True
2019-08-12T23:02:51+0000,904277726319518_2465544833526125,fernando haddad entrevista economista professora usp laura carvalho,fh entrevista economista professora usp laura carvalho,1138,added_video,https://scontent-gru2-2.xx.fbcdn.net/v/t15.5256-10/62057167_2488277531236669_2070789056945455104_n.jpg?_nc_cat=105&_nc_sid=ad6a45&_nc_ohc=-ZBSLww899kAX-yTRvO&_nc_ht=scontent-gru2-2.xx&oh=809f9c3626083b81f93df8a4835c7152&oe=5EAF21C0,4725,70,14,4,9,1015,True
2019-08-11T12:24:54+0000,904277726319518_2462943507119591,grupo juristas advogados exministros justica exmembros cortes superiores paises escreveu texto conjunto pede stf libertacao lula anulacao processos responde justica,grupo juristas advogados exministros justica exmembros cortes superiores paises escreveu texto conjunto pede stf libertacao lula anulacao processos responde justica,1923,shared_story,https://external-gru1-1.xx.fbcdn.net/safe_image.php?d=AQBk6qJtSha1Auwd&url=https%3A%2F%2Ff.i.uol.com.br%2Ffotografia%2F2019%2F03%2F26%2F15535733235c99a5cb90825_1553573323_3x2_xl.jpg&_nc_hash=AQAacxgLINMFzAlF,5976,327,32,6,11,858,True
2019-08-10T22:18:17+0000,904277726319518_2461964213884187,contem outra promotor responsavel investigacao pcc diz nao ha ligacao pcc pt preso falou sobre suposta ligacao nao integrante cupula pcc governo federal ministro moro nao ligacao enfrentamento pcc,contem outra promotor responsavel investigacao pcc diz nao ha ligacao pcc pt preso falou sobre suposta ligacao nao integrante cupula pcc governo federal ministro moro nao ligacao enfrentamento pcc,3113,shared_story,https://external-gru1-1.xx.fbcdn.net/safe_image.php?d=AQDdJph4xWCGk2Xj&url=https%3A%2F%2Fconteudo.imguol.com.br%2Fc%2Fnoticias%2F2d%2F2019%2F08%2F09%2Fpromotor-do-gaeco-lincoln-gakiya-que-investiga-o-pcc-desde-2005-e-foi-o-responsavel-por-pedir-transferencia-de-marcola-1565389570652_v2_615x300.jpg&_nc_hash=AQDTAFJP3YNMJa2w,8387,407,38,12,21,536,True
2019-08-10T14:16:26+0000,904277726319518_2461293433951265,fernando haddad conversa economista professora usp laura carvalho discutem reforma tributaria pretendida governo falam confronto liberais x desenvolvimentistas analisam politica economica paulo guedes comentam questoes relacionadas globalizacao desigualdade alltv todas plataformas digitais segunda h,fh conversa economista professora usp laura carvalho discutem reforma tributaria pretendida governo falam confronto liberais x desenvolvimentistas analisam politica economica paulo guedes comentam questoes relacionadas globalizacao desigualdade alltv todas plataformas digitais segunda h,436,added_photos,https://scontent-gru1-1.xx.fbcdn.net/v/t1.0-9/s720x720/68624687_2461293400617935_3475598848590610432_n.jpg?_nc_cat=104&_nc_sid=110474&_nc_ohc=zwU2XwNr0BgAX8UmP_H&_nc_ht=scontent-gru1-1.xx&_nc_tp=7&oh=2a34490ff5078536ea9b957274fbd33a&oe=5EADA760,5316,109,23,1,3,586,True
2019-08-10T12:59:00+0000,904277726319518_2461142563966352,rachadao cpi criada paraguai sobre renegociacao venda energia itaipu vai investigar supostos privilegios empresa brasileira leros ligada empresario alexandre giordano suplente major olimpio pslsp amigo cla niobio,rachadao cpi criada paraguai sobre renegociacao venda energia itaipu vai investigar supostos privilegios empresa brasileira leros ligada empresario alexandre giordano suplente major olimpio pslsp amigo cla niobio,2405,shared_story,https://external-gru1-1.xx.fbcdn.net/safe_image.php?d=AQDXi_ohaCp39JC4&url=https%3A%2F%2Fimg.estadao.com.br%2Fresources%2Fjpg%2F0%2F4%2F1565396974940.jpg&_nc_hash=AQCF0ZfLMIx_fKvY,4366,78,315,32,241,22,True
2019-08-10T12:22:46+0000,904277726319518_2461124330634842,coluna semana sobre meio ambiente bolsonaro trump acordo paris veganos,coluna semana sobre meio ambiente jb trump acordo paris veganos,160,shared_story,https://external-gru1-1.xx.fbcdn.net/safe_image.php?d=AQCNDQ_vmU-knfxO&url=https%3A%2F%2Ff.i.uol.com.br%2Ffotografia%2F2019%2F08%2F09%2F15653973745d4e117ec546c_1565397374_3x2_rt.jpg&_nc_hash=AQCBq7L9PMSGAQn5,1430,26,8,14,48,86,True
2019-08-09T19:27:19+0000,904277726319518_2460003377413604,logo,logo,17628,shared_story,https://external-gru1-1.xx.fbcdn.net/safe_image.php?url=https%3A%2F%2Fogimg.infoglobo.com.br%2Fin%2F23866599-c2d-279%2FFT1086A%2F652%2F84016374_PA-Brasilia-BSB-08-08-2019-O-Presidente-Jair-Bolsonaro-fala-a-imprensa-ao-sair-do-Palacio-d.jpg&_nc_hash=AQA9J0kdlzAqCZ-k,13643,22185,624,586,3905,290,True
2019-08-08T14:08:55+0000,904277726319518_2457887567625185,fakenews finalmente desmentida tjsp negou recurso ministerio publico pretendia ver reconhecida existencia industria multa sp pleiteava condenacao exprefeito fernando haddad ato improbidade,fakenews finalmente desmentida tjsp negou recurso ministerio publico pretendia ver reconhecida existencia industria multa sp pleiteava condenacao exprefeito fh ato improbidade,2616,shared_story,https://external-gru1-1.xx.fbcdn.net/safe_image.php?d=AQCasa5FAJLmsmfn&url=https%3A%2F%2Fwww.conjur.com.br%2Fimg%2Fb%2Ffernando-haddad-20189.png&_nc_hash=AQCDlPEpfFX4P1oi,10804,115,33,6,10,1486,True
2019-08-07T18:03:05+0000,904277726319518_2456515281095747, , ,190,mobile_status_update,https://scontent-gru1-1.xx.fbcdn.net/v/t15.5256-10/64491314_2513844642007115_2652744330845880320_n.jpg?_nc_cat=110&_nc_sid=ad6a45&_nc_ohc=X9sV0XkSvPgAX_V6cRF&_nc_ht=scontent-gru1-1.xx&oh=99f1a936ccce0cf67e57e0fb3b0ef3e8&oe=5EAE6339,1820,122,10,152,23,63,False
2019-08-06T17:27:26+0000,904277726319518_2454811341266141,nao consequencia nada tera republica merce delinquentes,nao consequencia nada tera republica merce delinquentes,1939,shared_story,https://external-gru1-1.xx.fbcdn.net/safe_image.php?d=AQA-26-PLyUpNMSv&url=https%3A%2F%2Farc-anglerfish-eu-central-1-prod-prisa.s3.amazonaws.com%2Fpublic%2F6J6CESLQWSQJ33FDHRQTIQJ34I.jpg&_nc_hash=AQCcjalLJ2f3Dm2P,7745,289,633,158,153,56,True
2019-08-06T13:37:24+0000,904277726319518_2454501277963814,bolsonaro rompe pacto federativo ofende governadores nordeste bem avaliados corta verbas regiao,jb rompe pacto federativo ofende governadores nordeste bem avaliados corta verbas regiao,965,shared_story,https://external-gru1-1.xx.fbcdn.net/safe_image.php?url=https%3A%2F%2Fconteudo.imguol.com.br%2Fad%2F2017%2F03%2F10%2Ffila-em-agencia-da-caixa-no-centro-de-sao-paulo-1489151274461_615x300.jpg&_nc_hash=AQAvBG-vLZzBBU6v,1971,64,54,624,1118,5,True
2019-08-05T23:02:13+0000,904277726319518_2453566564723952,painel haddad fernando haddad entrevista renato sergio lima presidente forum brasileiro seguranca publica,painel fh fh entrevista renato sergio lima presidente forum brasileiro seguranca publica,1167,added_video,https://scontent-gru2-1.xx.fbcdn.net/v/t15.13418-10/66603181_1721428831321820_7335258947009380352_n.jpg?_nc_cat=109&_nc_sid=ad6a45&_nc_ohc=nmncdJ823S4AX8Lpk7e&_nc_ht=scontent-gru2-1.xx&oh=6a31dc65765b4e2f173d2b8f819ebc3d&oe=5EAF52F5,4482,55,24,3,18,1073,True
2019-08-05T18:55:31+0000,904277726319518_2453275581419717,fernando haddad entrevista hoje alltv horas presidente forum brasileiro seguranca publica renato sergio lima pauta massacres presidios projeto anticrime sergio moro,fh entrevista hoje alltv horas presidente forum brasileiro seguranca publica renato sergio lima pauta massacres presidios projeto anticrime sergio moro,91,mobile_status_update,None,2185,51,15,1,5,157,True
2019-08-04T17:33:12+0000,904277726319518_2451405461606729,negocios familia gostaria estar errado indicacao eduardo embaixada americana tratativas sobre itaipu indicam cla comeca pensar grande termos economia domestica,negocios familia gostaria estar errado indicacao eduardo embaixada americana tratativas sobre itaipu indicam cla comeca pensar grande termos economia domestica,3193,shared_story,https://external-gru1-1.xx.fbcdn.net/safe_image.php?d=AQAFZHz7HPQAjfFX&url=https%3A%2F%2Fogimg.infoglobo.com.br%2Fin%2F23837427-b91-e1c%2FFT1086A%2F652%2Fheader-2000x920.png&_nc_hash=AQCYyZvBVsXo8yE_,7338,396,171,272,1580,32,True
2019-08-04T14:49:42+0000,904277726319518_2451178084962800,proximo painel haddad renato sergio lima presidente forum brasileiro seguranca publica professor fgv acompanhe alltv igtv pagina oficial facebook canal youtube painel haddad segundafeira horas,proximo painel fh renato sergio lima presidente forum brasileiro seguranca publica professor fgv acompanhe alltv igtv pagina oficial facebook canal youtube painel fh segundafeira horas,270,added_photos,https://scontent-gru2-1.xx.fbcdn.net/v/t1.0-9/s720x720/67472574_2451178031629472_3662424986754220032_n.jpg?_nc_cat=111&_nc_sid=110474&_nc_ohc=33kfAfm0gKQAX-Xzhgk&_nc_ht=scontent-gru2-1.xx&_nc_tp=7&oh=a27e0037681a498b880793c7e154e348&oe=5EAF0D37,3915,87,26,0,7,378,True
2019-08-03T11:50:27+0000,904277726319518_2449191971828078,coluna semana sobre papel militares passado momento atual torno questao soberania,coluna semana sobre papel militares passado momento atual torno questao soberania,282,shared_story,https://external-gru1-1.xx.fbcdn.net/safe_image.php?d=AQCp8slhf0TMUjmt&url=https%3A%2F%2Ff.i.uol.com.br%2Ffotografia%2F2019%2F03%2F27%2F15536986245c9b8f40a684c_1553698624_3x2_xl.jpg&_nc_hash=AQC8PkqGIwPXKfE0,1913,65,16,9,2,143,True
2019-08-02T18:01:11+0000,904277726319518_2447927881954487,fascismo marcha forcada presidente oab recebe ameaca pede pf investigue,fascismo marcha forcada presidente oab recebe ameaca pede pf investigue,1559,shared_story,https://external-gru1-1.xx.fbcdn.net/safe_image.php?d=AQA9wxYymC2tfc8x&url=https%3A%2F%2Fs2.glbimg.com%2FrAQngfZbPYw_CNR7k7W9ZLeygH4%3D%2F640x424%2Fi.glbimg.com%2Fog%2Fig%2Finfoglobo1%2Ff%2Foriginal%2F2017%2F09%2F22%2F67781535_ba_-_felipe_santa_cruz_presidente_da_oab.jpg&_nc_hash=AQBS2dBg5SHdRB9O,3996,93,146,878,597,15,True
2019-08-02T12:48:56+0000,904277726319518_2447492071998068,perdeu programa djamila ribeiro acompanhe aqui,perdeu programa djamila ribeiro acompanhe aqui,227,mobile_status_update,https://scontent-gru2-2.xx.fbcdn.net/v/t15.13418-10/65818650_917672421904875_8549133094177734656_n.jpg?_nc_cat=100&_nc_sid=ad6a45&_nc_ohc=zuh9tTNWB6IAX83Ah5q&_nc_ht=scontent-gru2-2.xx&oh=e64d97bdc764d032d893f273ba06c51b&oe=5EAD61CD,1612,44,12,1,5,273,True
2019-08-01T14:49:03+0000,904277726319518_2445952702152005,avanco ninguem discute veracidade mensagens divulgadas vazajato diante tantas confirmacoes nada sabem direito tentam agora justificalas miseravelmente crimes cometidos preciso apurar punir exemplarmente,avanco ninguem discute veracidade mensagens divulgadas vazajato diante tantas confirmacoes nada sabem direito tentam agora justificalas miseravelmente crimes cometidos preciso apurar punir exemplarmente,866,mobile_status_update,None,13132,166,18,48,26,944,True
2019-07-30T14:36:08+0000,904277726319518_2442504905830118,miriam leitao bolsonaro mostra militares sempre mentiram sobre crimes ditadura hora lembrar disse grande ulysses guimaraes promulgar carta magna temos odio ditadura odio nojo ontem dia sentir nojo,miriam leitao jb mostra militares sempre mentiram sobre crimes ditadura hora lembrar disse grande ulysses guimaraes promulgar carta magna temos odio ditadura odio nojo ontem dia sentir nojo,2265,shared_story,https://external-gru1-1.xx.fbcdn.net/safe_image.php?d=AQC-zOQLNJ1o38St&url=https%3A%2F%2Fi.glbimg.com%2Fog%2Fig%2Finfoglobo1%2Ff%2Foriginal%2Fblog%2Fimage_share%2Fmiriam-leitao.jpg&_nc_hash=AQDAyqIv5GRLM2Pk,10947,74,27,800,90,360,True
2019-07-29T23:47:51+0000,904277726319518_2441444642602811,liderancas esquerda soltam nota defesa liberdade imprensa afastamento moro dallagnol face graves acontecimentos marcaram ultimos dias brasil vimos publico manifestar defesa firme enfatica liberdades imprensa expressao quais consectario direito sigilo fonte conforme dispoe constituicao federal assim sendo sao absurdas ameacas contra jornalista glenn greenwald palavras presidente republica atos ilegais exemplo portaria ministerio justica modo solidarios jornalista manuela davila nao praticou nenhum ato ilegal tanto colocou telefone disposicao pericia pois nada esconder registrar apoiamos todas investigacoes contra atos invasao privacidade contudo desejamos todo estranho episodio elucidado tecnicamente termos lei interferencias indevidas praticada ministro sergio moro agente publico insiste acumular funcoes nao pertencem curitiba comandava acusacoes proprio julgaria seguida agora ministerio embora parte diretamente interessada suspeita demonstra ter comando investigacoes inclusive revelando atos sigilosos telefonemas autoridades republica postular imediato afastamento ministro sergio moro motivos ja indicados qualquer outro pais democratico mundo ja ocorrido pois evidente moro nao comporta acordo legalidade insistindo espantosos abusos poder modo lava jato curitiba nao pode prosseguir atuacao procurador deltan dallagnol vista escandaloso acervo atos ilicitos exemplo comercio palestras secretas conluio ilegal entao juiz moro sustentar descabida qualquer queima arquivo neste momento diante fatos gravissimos merecem apuracao ate junto supremo tribunal federal congresso nacional neste ultimo caso intermedio comissao parlamentar inquerito republica exige transparencia igualdade todos perante lei altas autoridades estao defendendo queima arquivo parecem ter algo temer nada podem opinar decidir sobre lei ser todos verdade sublinhar favor continuidade todos processos contra atos corrupcao contra atuacao hackers todos culpados punidos tudo feito estrita obediencia constituicao leis neste sentido reiteramos defesa liberdade imediata expresidente lula nao direito julgamento justo sendo vitima processo nulo nulidade decorre parcialidade entao juiz moro ja dialogos revelados imprensa mostram comandava acusacao hostilizava advogados defesa configura grave ilegalidade fim lembramos governantes dao mostras autoritarismo exemplo contamina toda sociedade estimula violencias praticada contra indigenas wajapis amapa assassinato lideranca apos invasao territorio cobramos governo federal especialmente ministerio justica providencias imediatas garantia terra wajapis punicao assassinos chega valetudo ilegalidades abusos nao queremos justica seletiva parcial queremos justica todos assinam fernando haddad flavio dino guilherme boulos ricardo coutinho roberto requiao sonia guajajara,liderancas esquerda soltam nota defesa liberdade imprensa afastamento moro dallagnol face graves acontecimentos marcaram ultimos dias brasil vimos publico manifestar defesa firme enfatica liberdades imprensa expressao quais consectario direito sigilo fonte conforme dispoe constituicao federal assim sendo sao absurdas ameacas contra jornalista glenn greenwald palavras presidente republica atos ilegais exemplo portaria ministerio justica modo solidarios jornalista manuela davila nao praticou nenhum ato ilegal tanto colocou telefone disposicao pericia pois nada esconder registrar apoiamos todas investigacoes contra atos invasao privacidade contudo desejamos todo estranho episodio elucidado tecnicamente termos lei interferencias indevidas praticada ministro sergio moro agente publico insiste acumular funcoes nao pertencem curitiba comandava acusacoes proprio julgaria seguida agora ministerio embora parte diretamente interessada suspeita demonstra ter comando investigacoes inclusive revelando atos sigilosos telefonemas autoridades republica postular imediato afastamento ministro sergio moro motivos ja indicados qualquer outro pais democratico mundo ja ocorrido pois evidente moro nao comporta acordo legalidade insistindo espantosos abusos poder modo lava jato curitiba nao pode prosseguir atuacao procurador deltan dallagnol vista escandaloso acervo atos ilicitos exemplo comercio palestras secretas conluio ilegal entao juiz moro sustentar descabida qualquer queima arquivo neste momento diante fatos gravissimos merecem apuracao ate junto supremo tribunal federal congresso nacional neste ultimo caso intermedio comissao parlamentar inquerito republica exige transparencia igualdade todos perante lei altas autoridades estao defendendo queima arquivo parecem ter algo temer nada podem opinar decidir sobre lei ser todos verdade sublinhar favor continuidade todos processos contra atos corrupcao contra atuacao hackers todos culpados punidos tudo feito estrita obediencia constituicao leis neste sentido reiteramos defesa liberdade imediata expresidente lula nao direito julgamento justo sendo vitima processo nulo nulidade decorre parcialidade entao juiz moro ja dialogos revelados imprensa mostram comandava acusacao hostilizava advogados defesa configura grave ilegalidade fim lembramos governantes dao mostras autoritarismo exemplo contamina toda sociedade estimula violencias praticada contra indigenas wajapis amapa assassinato lideranca apos invasao territorio cobramos governo federal especialmente ministerio justica providencias imediatas garantia terra wajapis punicao assassinos chega valetudo ilegalidades abusos nao queremos justica seletiva parcial queremos justica todos assinam fh flavio dino guilherme boulos ricardo coutinho roberto requiao sonia guajajara,1034,mobile_status_update,None,11227,226,34,5,13,1473,True
2019-07-29T23:02:35+0000,904277726319518_2441399455940663,fernando haddad entrevista djamila ribeiro,fh entrevista djamila ribeiro,1823,added_video,https://scontent-gru2-2.xx.fbcdn.net/v/t15.13418-10/65818650_917672421904875_8549133094177734656_n.jpg?_nc_cat=100&_nc_sid=ad6a45&_nc_ohc=zuh9tTNWB6IAX83Ah5q&_nc_ht=scontent-gru2-2.xx&oh=e64d97bdc764d032d893f273ba06c51b&oe=5EAD61CD,5482,103,24,4,23,2004,True
2019-07-29T15:51:25+0000,904277726319518_2440826889331253,vejo ameaca presidente republica presidente oab grotesco,vejo ameaca presidente republica presidente oab grotesco,3453,shared_story,https://external-gru1-1.xx.fbcdn.net/safe_image.php?d=AQDaabPl-kk_cC1c&url=https%3A%2F%2Ff.i.uol.com.br%2Ffotografia%2F2019%2F02%2F01%2F15489896175c53b4b181b47_1548989617_3x2_md.jpg&_nc_hash=AQBrsQr99_CFNbU_,9794,104,376,3240,4551,31,True
2019-07-29T12:43:27+0000,904277726319518_2440567902690485,enquanto negociava cargo governo moro agia politicamente eleicoes pode permanecer funcao,enquanto negociava cargo governo moro agia politicamente eleicoes pode permanecer funcao,1934,shared_story,https://external-gru1-1.xx.fbcdn.net/safe_image.php?d=AQDR4X3W6bM8c-pt&url=https%3A%2F%2Ff.i.uol.com.br%2Ffotografia%2F2019%2F07%2F26%2F15641727975d3b61fd41a1b_1564172797_3x2_rt.jpg&_nc_hash=AQCqp0MejuKNo1lL,6317,74,76,381,1484,21,True
2019-07-28T12:30:23+0000,904277726319518_2438813066199302,fascista intelectualmente limitado continua sendo fascista precisa ser contido enquanto tempo escalada autoritaria ultimos dias nao precedente periodo democratico conta apoio numeroso zumbis robotizados liberdade vai vencer sempre,fascista intelectualmente limitado continua sendo fascista precisa ser contido enquanto tempo escalada autoritaria ultimos dias nao precedente periodo democratico conta apoio numeroso zumbis robotizados liberdade vai vencer sempre,2051,mobile_status_update,None,23591,325,32,1112,69,1722,True
2019-07-27T17:14:38+0000,904277726319518_2437501772997098,proximo painel haddad escritora feminista djamila ribeiro acompanhe pagina oficial facebook igtv canal youtube painel haddad segundafeira horas,proximo painel fh escritora feminista djamila ribeiro acompanhe pagina oficial facebook igtv canal youtube painel fh segundafeira horas,343,added_photos,https://scontent-gru2-2.xx.fbcdn.net/v/t1.0-9/s720x720/67299148_2437501742997101_8381836760719556608_n.jpg?_nc_cat=102&_nc_sid=110474&_nc_ohc=3IUWNFUCfhAAX9HGx2V&_nc_ht=scontent-gru2-2.xx&_nc_tp=7&oh=1784e379c732200e78dbe6cbfbc409ae&oe=5EB00232,5357,165,51,2,9,1133,True
2019-07-27T14:05:00+0000,904277726319518_2437137086366900,manuela davila sido vitima golpes baixos desde campanha nao curvou orgulho ter enfrentado praticas eleitorais repugnantes lado lado seguiremos firmes ate derrotar fascismo euapoiomanu,manuela davila sido vitima golpes baixos desde campanha nao curvou orgulho ter enfrentado praticas eleitorais repugnantes lado lado seguiremos firmes ate derrotar fascismo euapoiomanu,1286,mobile_status_update,None,25837,506,45,50,22,5157,True
2019-07-27T13:21:41+0000,904277726319518_2437131846367424,impressao deltan nao dava palestras propriamente vendia relacoes informacoes privilegiadas empresas investigadas bancos respectivamente,impressao deltan nao dava palestras propriamente vendia relacoes informacoes privilegiadas empresas investigadas bancos respectivamente,852,mobile_status_update,None,11058,99,408,253,117,95,True
2019-07-27T11:42:24+0000,904277726319518_2436989389715003,coluna semana folha sobre ataques governo ciencia cultura,coluna semana folha sobre ataques governo ciencia cultura,156,shared_story,https://external-gru1-1.xx.fbcdn.net/safe_image.php?d=AQBCfqW2PtG4wXYG&url=https%3A%2F%2Ff.i.uol.com.br%2Ffotografia%2F2019%2F07%2F19%2F15635662045d32207c167fb_1563566204_3x2_rt.jpg&_nc_hash=AQBWQoY0yjJRiFFt,1607,31,0,50,5,84,True
2019-07-26T18:43:28+0000,904277726319518_2435869493160326,perdeu estreia painel haddad guilherme boulos acompanhe aqui,perdeu estreia painel fh guilherme boulos acompanhe aqui,233,mobile_status_update,https://scontent-gru2-2.xx.fbcdn.net/v/t15.13418-10/65841785_412908829326199_2825618765964640256_n.jpg?_nc_cat=105&_nc_sid=ad6a45&_nc_ohc=tjqawg7BkocAX83FnLx&_nc_ht=scontent-gru2-2.xx&oh=08df23fb77528231d081b91458a5fabf&oe=5EAF7FDB,2575,140,14,1,5,475,True
2019-07-26T13:36:35+0000,904277726319518_2435389269875015,moco perigo moro nao devia ter lista hackeados acao sigilosa diz ministro stf moro nunca nocoes basicas direito violou todas normas juiz ja tenta fazelo ministro justica,moco perigo moro nao devia ter lista hackeados acao sigilosa diz ministro stf moro nunca nocoes basicas direito violou todas normas juiz ja tenta fazelo ministro justica,9151,shared_story,https://external-gru1-1.xx.fbcdn.net/safe_image.php?d=AQDFC2SFKh0vQzRt&url=https%3A%2F%2Fconteudo.imguol.com.br%2Fc%2Fnoticias%2F21%2F2019%2F07%2F02%2F2jul2019---o-ministro-sergio-moro-na-comissao-de-constituicao-e-justica-da-camara-ccj-1562097648487_v2_615x300.jpg&_nc_hash=AQBTgNsx3S_DeECe,21065,918,328,267,2522,187,True
2019-07-24T15:12:33+0000,904277726319518_2432130196867589,jornalistas ameacados lider governo liderancas populares presas julgamento professores interrogados pf previamente visita bolsonaro inpe ibge desautorizados universidades publicas autonomia militares intimidando poder judiciario democracia acordem,jornalistas ameacados lider governo liderancas populares presas julgamento professores interrogados pf previamente visita jb inpe ibge desautorizados universidades publicas autonomia militares intimidando poder judiciario democracia acordem,4197,mobile_status_update,None,14677,216,86,3467,1212,101,True
2019-07-22T23:00:00+0000,904277726319518_2429218397158769,painel haddad fernando haddad entrevista guilherme boulos,painel fh fh entrevista guilherme boulos,2773,added_video,https://scontent-gru2-2.xx.fbcdn.net/v/t15.13418-10/65841785_412908829326199_2825618765964640256_n.jpg?_nc_cat=105&_nc_sid=ad6a45&_nc_ohc=tjqawg7BkocAX83FnLx&_nc_ht=scontent-gru2-2.xx&oh=08df23fb77528231d081b91458a5fabf&oe=5EAF7FDB,8230,423,49,5,24,1992,True
2019-07-22T13:23:14+0000,904277726319518_2428500103897265,verdade bem pra,verdade bem pra,4364,shared_story,https://external-gru1-1.xx.fbcdn.net/safe_image.php?d=AQBz9SuYH9ihTFH6&url=https%3A%2F%2Fichef.bbci.co.uk%2Fnews%2F1024%2Fbranded_portuguese%2F2FCB%2Fproduction%2F_107953221_temer1.jpg&_nc_hash=AQBq5Wl64-nER8nY,8592,7578,163,415,1940,102,True
2019-07-21T22:06:30+0000,904277726319518_2427524663994809,painel haddad nesta segunda estreia painel haddad programa entrevistas vai promover dialogo variados representantes sociedade brasileira convidados vao expressar livremente posicoes contar experiencias falar politicas publicas cenario politico brasileiro mundial momento precisamos buscar pontos comuns diversos setores pensamento brasileiro fundamental encontrar aproxima programa sera exibido redes sociais toda segundafeira h estreia sera guilherme boulos professor coordenador mtst candidato presidencia republica psol,painel fh nesta segunda estreia painel fh programa entrevistas vai promover dialogo variados representantes sociedade brasileira convidados vao expressar livremente posicoes contar experiencias falar politicas publicas cenario politico brasileiro mundial momento precisamos buscar pontos comuns diversos setores pensamento brasileiro fundamental encontrar aproxima programa sera exibido redes sociais toda segundafeira h estreia sera guilherme boulos professor coordenador mtst candidato presidencia republica psol,1664,added_photos,https://scontent-gru1-1.xx.fbcdn.net/v/t1.0-9/p720x720/67288930_2427524617328147_7958991999158190080_n.jpg?_nc_cat=108&_nc_sid=110474&_nc_ohc=bEAed09VFHkAX9Hz17f&_nc_ht=scontent-gru1-1.xx&_nc_tp=6&oh=86e52528111d09db65018e3b6e6c045c&oe=5EAF3A4C,12632,522,104,3,4,3293,True
2019-07-21T12:51:50+0000,904277726319518_2426799717400637,antonia pellegrino roteirista bruna surfistinha explica bolsonaro usava auxilio moradia comer gente ja nao pagava aluguel medo mulher,antonia pellegrino roteirista bruna surfistinha explica jb usava auxilio moradia comer gente ja nao pagava aluguel medo mulher,1018,shared_story,https://external-gru1-1.xx.fbcdn.net/safe_image.php?d=AQAXXWUBho1wkgF5&url=https%3A%2F%2Ff.i.uol.com.br%2Ffotografia%2F2019%2F07%2F19%2F15635370675d31aeabe46a5_1563537067_3x2_rt.jpg&_nc_hash=AQAuY2q08coVVXCf,5372,699,39,4,11,594,True
2019-07-20T13:11:56+0000,904277726319518_2425095030904439,total solidariedade governadores nordeste chamados paraibas bolsonaro tom deboche voces sao melhores orgulham nacao trabalho respeito povo viva paraiba viva nordeste,total solidariedade governadores nordeste chamados paraibas jb tom deboche voces sao melhores orgulham nacao trabalho respeito povo viva paraiba viva nordeste,4514,mobile_status_update,None,35694,398,88,110,20,9700,True
2019-07-20T11:59:23+0000,904277726319518_2424969397583669,so unidade progressista podera conter desigualdade crescente coluna folha hoje,so unidade progressista podera conter desigualdade crescente coluna folha hoje,250,shared_story,https://external-gru1-1.xx.fbcdn.net/safe_image.php?d=AQBEBJhNBT21oXnf&url=https%3A%2F%2Ff.i.uol.com.br%2Ffotografia%2F2019%2F07%2F18%2F15634963815d310fbde4fe3_1563496381_3x2_rt.jpg&_nc_hash=AQC4sMmcno-pj1aN,2638,52,6,139,11,174,True
2019-07-19T20:00:32+0000,904277726319518_724823194626731,democracia conquista constroi maos nao vira ideia eternizada manifesto fundacao carregamos junto peito todos governos hoje democracia ajudamos construir risco assim paixao democratica segue inabalavel resistente enfrentando avanco autoritario ai partido trabalhadores inicia congresso nacional ajude escrever historia partido mudou brasil,democracia conquista constroi maos nao vira ideia eternizada manifesto fundacao carregamos junto peito todos governos hoje democracia ajudamos construir risco assim paixao democratica segue inabalavel resistente enfrentando avanco autoritario ai partido trabalhadores inicia congresso nacional ajude escrever historia partido mudou brasil,993,added_video,https://scontent-gru2-1.xx.fbcdn.net/v/t15.5256-10/66454152_2070900569680473_4211114746809679872_n.jpg?_nc_cat=107&_nc_sid=ad6a45&_nc_ohc=xcvG9Yhb9q8AX_5yesN&_nc_ht=scontent-gru2-1.xx&oh=1fa95be5f96f817c79e8d054f0375d1f&oe=5EAC5998,3498,119,10,4,5,820,True
2019-07-18T18:31:16+0000,904277726319518_2422121287868480,vou estar hoje programa miriam leitao globonews h,vou estar hoje programa miriam leitao globonews h,2867,added_photos,https://scontent-gru2-1.xx.fbcdn.net/v/t1.0-0/p180x540/67190854_2422121137868495_5663278567232897024_n.jpg?_nc_cat=107&_nc_sid=110474&_nc_ohc=285ULNRyyBsAX_wPg8D&_nc_ht=scontent-gru2-1.xx&_nc_tp=6&oh=758c64f50e2c17c50e62565e9b96fdd8&oe=5EB00523,23597,464,253,20,48,4393,True
2019-07-17T11:20:27+0000,904277726319518_2419825791431363, , ,1878,mobile_status_update,None,7771,55,9,1248,5,1676,False
2019-07-14T14:52:34+0000,904277726319518_2415103771903565,entendi bem reportagem deltan sugeriu empresa fachada conjuge laranja propina comissoes formatura palestras armadas associacoes representavam empresas investigadas,entendi bem reportagem deltan sugeriu empresa fachada conjuge laranja propina comissoes formatura palestras armadas associacoes representavam empresas investigadas,3249,shared_story,https://external-gru1-1.xx.fbcdn.net/safe_image.php?d=AQAxSSbl2NLBGs2F&url=https%3A%2F%2Ff.i.uol.com.br%2Ffotografia%2F2019%2F02%2F08%2F15496732385c5e2316cc99f_1549673238_3x2_rt.jpg&_nc_hash=AQCCWehNvH-V2QUi,6986,148,637,158,1196,45,True
2019-07-13T18:42:21+0000,904277726319518_2413727228707886,sinceros sentimentos perda presidenta dilma,sinceros sentimentos perda presidenta dilma,106,mobile_status_update,None,7849,11,10,3389,3,354,True
2019-07-13T12:44:56+0000,904277726319518_2413253742088568,coluna semana folha sobre medidas economicas temer agora concluidas,coluna semana folha sobre medidas economicas temer agora concluidas,128,shared_story,https://external-gru1-1.xx.fbcdn.net/safe_image.php?d=AQDmhVIQLg5XlLp5&url=https%3A%2F%2Ff.i.uol.com.br%2Ffotografia%2F2019%2F07%2F11%2F15628152785d26ab2e2a529_1562815278_3x2_rt.jpg&_nc_hash=AQAGjXlBy_T75InY,1147,34,8,18,12,63,True
2019-07-12T02:48:16+0000,904277726319518_2410920948988514,hoje finalmente entendi defesa trabalho infantil,hoje finalmente entendi defesa trabalho infantil,764,mobile_status_update,None,7711,3056,41,1326,40,180,True
2019-07-10T14:00:00+0000,904277726319518_2408311115916164,hoje tambem outra perda irreparavel chico oliveira sociologo criativo destas paragens deixou muita admiracao respeito,hoje tambem outra perda irreparavel chico oliveira sociologo criativo destas paragens deixou muita admiracao respeito,105,mobile_status_update,None,3236,2,36,1422,3,11,True
2019-07-10T13:29:44+0000,904277726319518_2408309849249624,sentimentos familia paulo henrique amorim jornalista altamente comprometido interesses nacionais,sentimentos familia paulo henrique amorim jornalista altamente comprometido interesses nacionais,144,mobile_status_update,None,7594,9,8,2660,4,259,True
2019-07-10T01:09:23+0000,904277726319518_2407507749329834,caras trocavam tipo mensagem fico imaginando falavam pessoalmente,caras trocavam tipo mensagem fico imaginando falavam pessoalmente,474,mobile_status_update,None,8554,788,77,82,54,388,True
2019-07-10T01:04:44+0000,904277726319518_2407502299330379,ciro gomes apresenta didaticamente tremendas injusticas reforma bolsonaroguedes tvs obrigacao levar informacoes conhecimento povo afinal vai pagar conta,ciro gomes apresenta didaticamente tremendas injusticas reforma jbguedes tvs obrigacao levar informacoes conhecimento povo afinal vai pagar conta,2604,mobile_status_update,None,10905,50,39,1051,121,470,True
2019-07-06T21:47:21+0000,904277726319518_2402313549849254,inesquecivel joao gilberto quanta beleza criou,inesquecivel joao gilberto quanta beleza criou,65,mobile_status_update,None,3721,10,1,486,2,317,True
2019-07-06T11:24:39+0000,904277726319518_2401497183264224,artigo semana folha vazajato,artigo semana folha vazajato,400,shared_story,https://external-gru1-1.xx.fbcdn.net/safe_image.php?url=https%3A%2F%2Ff.i.uol.com.br%2Ffotografia%2F2019%2F07%2F05%2F15623639765d1fc8484ec4e_1562363976_3x2_rt.jpg&_nc_hash=AQBQFisc0Mz4aK5z,2760,111,12,3,12,279,True
2019-07-04T14:55:18+0000,904277726319518_2398299870250622,papa defende juizes isentos jesus nao negociem verdade,papa defende juizes isentos jesus nao negociem verdade,4090,added_video,https://scontent-gru2-2.xx.fbcdn.net/v/t15.5256-10/65705428_463641307770071_7712877093058510848_n.jpg?_nc_cat=106&_nc_sid=ad6a45&_nc_ohc=tBGH931O2kYAX8RVBOs&_nc_ht=scontent-gru2-2.xx&oh=af243d6b7ecc782744e7e573474a4466&oe=5EAF9434,7475,112,52,3,3,1517,True
2019-06-29T21:15:01+0000,904277726319518_2390228854391057,francos nao ha diferencas opiniao sobre parcialidade moro todos sabem parcial minions principal virtude,francos nao ha diferencas opiniao sobre parcialidade moro todos sabem parcial minions principal virtude,2164,mobile_status_update,None,19091,771,51,235,89,1605,True
2019-06-29T10:58:10+0000,904277726319518_2389375404476402,tres dias antes turno eleicoes dallagnol tentou forcar mao provocar acoes busca apreensao contra jaques wagner conversas deltan pergunta caros jaques wagner evoluiu agora nunca,tres dias antes turno eleicoes dallagnol tentou forcar mao provocar acoes busca apreensao contra jaques wagner conversas deltan pergunta caros jaques wagner evoluiu agora nunca,2826,shared_story,https://external-gru1-1.xx.fbcdn.net/safe_image.php?d=AQCxGT3pXKXDvJOj&url=https%3A%2F%2Ff.i.uol.com.br%2Ffotografia%2F2018%2F04%2F25%2F15246870485ae0e0c802a4d_1524687048_3x2_rt.jpg&_nc_hash=AQBxaRzSw7fWolcO,4621,84,399,132,1490,20,True
2019-06-29T10:43:41+0000,904277726319518_2389359974477945,artigo semana folha democracia vertigem suscita duvidas sobre futuro,artigo semana folha democracia vertigem suscita duvidas sobre futuro,429,shared_story,https://external-gru1-1.xx.fbcdn.net/safe_image.php?d=AQDTGFstpwpMz93E&url=https%3A%2F%2Ff.i.uol.com.br%2Ffotografia%2F2019%2F06%2F18%2F15609006175d097409bfd48_1560900617_3x2_xl.jpg&_nc_hash=AQBc3fW4tOsVLHEU,3660,97,22,42,9,365,True
2019-06-28T00:22:43+0000,904277726319518_2387050794708863,polishop japao aproveite,polishop japao aproveite,13641,added_video,https://scontent-gru1-1.xx.fbcdn.net/v/t15.5256-10/65543099_2312057575735559_8126133829757829120_n.jpg?_nc_cat=101&_nc_sid=ad6a45&_nc_ohc=2Lh2x5JZ_FwAX_TSe5m&_nc_ht=scontent-gru1-1.xx&oh=aa0c677eda5212e5f182f081d143c11a&oe=5EAF12E0,8127,20935,527,692,2092,180,True
2019-06-26T00:28:10+0000,904277726319518_2383476388399637,fernando haddad flavio dino guilherme boulos ricardo coutinho roberto requiao sonia guajajara opiniao corrupcao lava jato,fh flavio dino guilherme boulos ricardo coutinho roberto requiao sonia guajajara opiniao corrupcao lava jato,625,shared_story,https://external-gru1-1.xx.fbcdn.net/safe_image.php?d=AQC7xqgG2hcEil7W&url=https%3A%2F%2Ff.i.uol.com.br%2Ffotografia%2F2019%2F06%2F23%2F15613276425d0ff81a2d304_1561327642_3x2_rt.jpg&_nc_hash=AQDbKpb8eeyg_lCa,3397,202,26,11,15,255,True
2019-06-22T11:32:20+0000,904277726319518_2376959065718036,artigo hoje liberdade imprensa,artigo hoje liberdade imprensa,805,shared_story,https://external-gru1-1.xx.fbcdn.net/safe_image.php?d=AQBKDxe4eA1jwC1c&url=https%3A%2F%2Ff.i.uol.com.br%2Ffotografia%2F2019%2F06%2F13%2F15604674825d02d81a1055c_1560467482_3x2_rt.jpg&_nc_hash=AQAPO5POzHGcXJt3,4962,140,19,2,6,648,True
2019-06-20T19:02:34+0000,904277726319518_2374022239345052,nacionalismo miope existencia problemas globais degradacao ambiental migracoes pandemias somado alinhamentos automaticos governantes estrangeiros base ideologica podem isolar brasil condenalo insignificancia,nacionalismo miope existencia problemas globais degradacao ambiental migracoes pandemias somado alinhamentos automaticos governantes estrangeiros base ideologica podem isolar brasil condenalo insignificancia,244,shared_story,https://external-gru1-1.xx.fbcdn.net/safe_image.php?d=AQAQDOomgb2XJtFj&url=https%3A%2F%2Ff.i.uol.com.br%2Ffotografia%2F2019%2F06%2F19%2F15609811205d0aae8086aca_1560981120_3x2_rt.jpg&_nc_hash=AQAZS9vYTq7LkDsE,1399,20,10,216,111,4,True
2019-06-17T12:15:44+0000,904277726319518_2368306449916631, , ,3511,shared_story,https://external-gru1-1.xx.fbcdn.net/safe_image.php?d=AQBlCbYDL9FiQfK_&url=https%3A%2F%2Fep00.epimg.net%2Fbrasil%2Fimagenes%2F2019%2F06%2F05%2Fcultura%2F1559759225_896804_1560288660_rrss_normal.jpg&_nc_hash=AQDHY7rB13nkESA9,7130,146,48,465,49,97,False
2019-06-15T10:15:47+0000,904277726319518_2364616706952272,artigo hoje folha coibir acao delituosa herois,artigo hoje folha coibir acao delituosa herois,641,shared_story,https://external-gru1-1.xx.fbcdn.net/safe_image.php?d=AQCXj1REoWuZP_0x&url=https%3A%2F%2Ff.i.uol.com.br%2Ffotografia%2F2018%2F02%2F16%2F15188303205a8782f0d82dd_1518830320_3x2_rt.jpg&_nc_hash=AQBDgIVYJQT-rc61,4455,126,29,7,6,435,True
2019-06-14T21:24:03+0000,904277726319518_2363786603701949,hoje sao paulo ato greve geral video claudio kbene,hoje sao paulo ato greve geral video claudio kbene,12746,added_video,https://scontent-gru2-1.xx.fbcdn.net/v/t15.5256-10/61365053_2310578072367835_1369009993692479488_n.jpg?_nc_cat=107&_nc_sid=ad6a45&_nc_ohc=jJZs43radd8AX9OYORL&_nc_ht=scontent-gru2-1.xx&oh=cf94639c62508853b20a8f6de60c759c&oe=5EAF5939,32277,737,116,10,101,6817,True
2019-06-12T11:37:35+0000,904277726319518_2359476620799614,coisa linda feliz dia namorados,coisa linda feliz dia namorados,3058,added_photos,https://scontent-gru2-1.xx.fbcdn.net/v/t1.0-9/p720x720/64358960_2359476594132950_965433224220114944_n.jpg?_nc_cat=107&_nc_sid=110474&_nc_ohc=mYWxq3DFk58AX8HVTQe&_nc_ht=scontent-gru2-1.xx&_nc_tp=6&oh=cb42af51e5c1084fa8e5cd84ea40aeb8&oe=5EAF975F,53973,255,534,4,20,30079,True
2019-06-11T21:12:26+0000,904277726319518_2358531544227455, , ,286,mobile_status_update,https://scontent-gru2-2.xx.fbcdn.net/v/t15.5256-10/61300768_323478505198690_2630262985959931904_n.jpg?_nc_cat=105&_nc_sid=ad6a45&_nc_ohc=YzwPdL1g8M8AX8x8BPI&_nc_ht=scontent-gru2-2.xx&oh=ebcfa5ea5e7c13b7805c14228b935933&oe=5EAC170F,2621,83,7,1,5,344,False
2019-06-11T10:49:32+0000,904277726319518_2357621004318509,moro deveria ter sido afastado lava jato quebrou ilegalmente sigilo telefonico chefe estado crime grave qualquer pais pediu escusas safou seguida aceitou ministerio justica troca vaga stf mesma naturalidade ate vazajato,moro deveria ter sido afastado lava jato quebrou ilegalmente sigilo telefonico chefe estado crime grave qualquer pais pediu escusas safou seguida aceitou ministerio justica troca vaga stf mesma naturalidade ate vazajato,2444,mobile_status_update,None,23526,469,92,143,220,1769,True
2019-06-10T03:29:15+0000,904277726319518_2355380427875900,podemos estar diante maior escandalo institucional historia republica muitos presos processos ser anulados grande farsa revelada mundo vamos acompanhar toda cautela nao podemos deter apure toda verdade,podemos estar diante maior escandalo institucional historia republica muitos presos processos ser anulados grande farsa revelada mundo vamos acompanhar toda cautela nao podemos deter apure toda verdade,2690,mobile_status_update,None,36345,344,646,69,40,4336,True
2019-06-09T13:26:30+0000,904277726319518_2354354017978541,conversei marcelo tas nova edicao programa provocacoes entrevista sera transmitida proxima terca dia junho h tv cultura,conversei marcelo tas nova edicao programa provocacoes entrevista sera transmitida proxima terca dia junho h tv cultura,1036,added_video,https://scontent-gru2-1.xx.fbcdn.net/v/t15.5256-10/62226236_870049570000165_7689128354863120384_n.jpg?_nc_cat=111&_nc_sid=ad6a45&_nc_ohc=7vip3clUVtcAX92ymCn&_nc_ht=scontent-gru2-1.xx&oh=891ecbf27987402bfa21b35b1d5856c8&oe=5EAC943F,6141,87,34,0,7,1233,True
2019-06-08T18:03:17+0000,904277726319518_631562860652450, , ,960,added_video,https://scontent-gru2-2.xx.fbcdn.net/v/t15.5256-10/62246730_631566027318800_7194246451898089472_n.jpg?_nc_cat=106&_nc_sid=ad6a45&_nc_ohc=NvxCARo1u2IAX9-j_x5&_nc_ht=scontent-gru2-2.xx&oh=6bf11fbf37859eb0effe734829118fe3&oe=5EAEBDD0,5342,76,20,3,24,1396,False
2019-06-08T13:55:33+0000,904277726319518_2352561621491114,coluna hoje folha spaulo falta democratizacao acesso terra trava desenvolvimento,coluna hoje folha spaulo falta democratizacao acesso terra trava desenvolvimento,168,shared_story,https://external-gru1-1.xx.fbcdn.net/safe_image.php?d=AQAMAR-h3MkPreWe&url=https%3A%2F%2Ff.i.uol.com.br%2Ffotografia%2F2019%2F04%2F26%2F15563319125cc3bd880f386_1556331912_3x2_rt.jpg&_nc_hash=AQC6DpZlqPVvZU5M,1774,80,8,127,8,42,True
2019-06-06T13:57:07+0000,904277726319518_2348991221848154,participacao vistas juca kfouri hoje h tvt,participacao vistas juca kfouri hoje h tvt,409,added_photos,https://scontent-gru2-1.xx.fbcdn.net/v/t1.0-9/p720x720/62430439_2348991125181497_4122004371670040576_n.jpg?_nc_cat=107&_nc_sid=110474&_nc_ohc=2mQX9rHWXhAAX_OsrcE&_nc_ht=scontent-gru2-1.xx&_nc_tp=6&oh=b3693a7dc9443903ed1f24788718a360&oe=5EAED8F1,3237,122,27,2,5,488,True
2019-06-04T22:52:38+0000,904277726319518_2346119892135287,seis exministros educacao lancamos documento contra cortes perseguicao ideologica,seis exministros educacao lancamos documento contra cortes perseguicao ideologica,2062,shared_story,https://external-gru1-1.xx.fbcdn.net/safe_image.php?d=AQAuYa0Em1KQ5m90&url=https%3A%2F%2Ff.i.uol.com.br%2Ffotografia%2F2019%2F06%2F04%2F15596616885cf68c786fb7b_1559661688_3x2_rt.jpg&_nc_hash=AQBbh__9XnJoqmNU,7525,168,23,10,15,1344,True
2019-06-04T10:49:40+0000,904277726319518_2345102095570400,entrevista dei revista cult escola publica expressao maior cultura acolhe dialoga interage,entrevista dei revista cult escola publica expressao maior cultura acolhe dialoga interage,1219,added_photos,https://scontent-gru2-2.xx.fbcdn.net/v/t1.0-9/s720x720/61956109_2345102052237071_7959372997117083648_n.jpg?_nc_cat=106&_nc_sid=110474&_nc_ohc=2LSEbyXSrYsAX_XUqPL&_nc_ht=scontent-gru2-2.xx&_nc_tp=7&oh=184574db1e490e689d1f161583382ffa&oe=5EAE36E4,7963,179,54,2,4,1970,True
2019-06-03T13:27:27+0000,904277726319518_2343631602384116,ontem perguntado sobre havia contradicao movimentos lula livre educacao disse obvio toda centroesquerda defendia bandeiras lula livre educacao movimento educacional dinamica propria autonomia nao percamos intrigas,ontem perguntado sobre havia contradicao movimentos lula livre educacao disse obvio toda centroesquerda defendia bandeiras lula livre educacao movimento educacional dinamica propria autonomia nao percamos intrigas,502,mobile_status_update,None,7939,236,17,5,11,936,True
2019-06-02T19:55:01+0000,904277726319518_2342388239175119,orgulho termos criado spcine resultados imediatos,orgulho termos criado spcine resultados imediatos,301,shared_story,https://external-gru1-1.xx.fbcdn.net/safe_image.php?d=AQAFLO7-13qjdog1&url=https%3A%2F%2Ff.i.uol.com.br%2Ffotografia%2F2019%2F06%2F02%2F15595023315cf41dfb63547_1559502331_3x2_rt.jpg&_nc_hash=AQBiTu-GLYuqZj_X,4874,20,104,0,1,828,True
2019-06-02T14:30:00+0000,904277726319518_2341806245899985,festivallulalivre festival ano passado rio janeiro edicao acontece hoje partir horas praca republica vai contar pretarara fernanda takai aila francisco el hombre emicida criolo baiana system odair jose arnaldo antunes sao alguns nomes lista artistas vai ser bonita forma lutar valores universais sao caros liberdade democracia justica,festivallulalivre festival ano passado rio janeiro edicao acontece hoje partir horas praca republica vai contar pretarara fernanda takai aila francisco el hombre emicida criolo baiana system odair jose arnaldo antunes sao alguns nomes lista artistas vai ser bonita forma lutar valores universais sao caros liberdade democracia justica,875,added_video,https://scontent-gru1-1.xx.fbcdn.net/v/t15.5256-10/60520612_845854235797014_3292498568786477056_n.jpg?_nc_cat=103&_nc_sid=ad6a45&_nc_ohc=YPG7BBNw5GAAX-obHK_&_nc_ht=scontent-gru1-1.xx&oh=16aec1587ef61428bcccf2cf2cf57759&oe=5EAEE3C0,5074,133,23,3,16,1218,True
2019-06-02T13:30:00+0000,904277726319518_2341770672570209,vai festival leve alimento nao perecivel doar campanha periferia fome mtst festivallulalivre comeca partir h praca republica procure ponto arrecadacao ajude familia sofre fome,vai festival leve alimento nao perecivel doar campanha periferia fome mtst festivallulalivre comeca partir h praca republica procure ponto arrecadacao ajude familia sofre fome,297,added_photos,https://scontent-gru1-1.xx.fbcdn.net/v/t1.0-9/p720x720/61403175_2341764375904172_7142246612830519296_o.jpg?_nc_cat=101&_nc_sid=8024bb&_nc_ohc=2zhdVkAzLL0AX9gwa8e&_nc_ht=scontent-gru1-1.xx&_nc_tp=6&oh=274cbfcf042feaef454be8bb721f372b&oe=5EAFFB45,2274,60,10,2,3,385,True
2019-06-02T12:28:49+0000,904277726319518_2341761049237838,hoje agora falta pouco grande festivallulalivre comecar serao atracoes partir horas praca republica cantar pedir justica liberdade expresidente lula use hashtag festivallulalivre postar fotos,hoje agora falta pouco grande festivallulalivre comecar serao atracoes partir horas praca republica cantar pedir justica liberdade expresidente lula use hashtag festivallulalivre postar fotos,492,added_photos,https://scontent-gru2-2.xx.fbcdn.net/v/t1.0-9/p720x720/62034522_2341757362571540_3767633942996320256_o.jpg?_nc_cat=100&_nc_sid=8024bb&_nc_ohc=yoT-Nx-A1EIAX-BOR1o&_nc_ht=scontent-gru2-2.xx&_nc_tp=6&oh=0e4fe3410a59459c90e4e3297acee2c8&oe=5EADF242,4735,172,27,2,9,889,True
2019-06-01T20:50:20+0000,904277726319518_2340736806006929,amanha festival lula livre,amanha festival lula livre,6320,added_video,https://scontent-gru1-1.xx.fbcdn.net/v/t15.5256-10/60329713_334218427250232_2857847766762127360_n.jpg?_nc_cat=110&_nc_sid=ad6a45&_nc_ohc=YZbm3iuNszkAX8YcwoY&_nc_ht=scontent-gru1-1.xx&oh=571da1eeaad636b4a97e1e0a79371b76&oe=5EAC1A7B,17343,765,115,12,61,4711,True
2019-06-01T17:04:26+0000,904277726319518_2340458916034718,nao perca amanha festival lula livre,nao perca amanha festival lula livre,581,added_video,https://scontent-gru2-2.xx.fbcdn.net/v/t15.5256-10/60556886_796414077418850_5115438622291525632_n.jpg?_nc_cat=106&_nc_sid=ad6a45&_nc_ohc=OjWYllX_VUMAX90BsNl&_nc_ht=scontent-gru2-2.xx&oh=9bf0bf76c74e58233fefa6746497d728&oe=5EAF5EA6,2786,92,30,0,5,600,True
2019-06-01T12:11:07+0000,904277726319518_2340039429410000,artigo hoje folha educacao terra credito,artigo hoje folha educacao terra credito,294,shared_story,https://external-gru1-1.xx.fbcdn.net/safe_image.php?d=AQDrQC5yKSv0l4eI&url=https%3A%2F%2Ff.i.uol.com.br%2Ffotografia%2F2019%2F03%2F11%2F15523377495c86cb5504d3c_1552337749_3x2_rt.jpg&_nc_hash=AQAB-R8VreTybP4H,2210,56,13,1,5,355,True
2019-05-31T21:55:55+0000,904277726319518_2339142996166310,mombojo transforma musica discurso fernando haddad,mombojo transforma musica discurso fh,293,shared_story,https://external-gru1-1.xx.fbcdn.net/safe_image.php?d=AQByOh2KwPgRtlbF&w=1280&h=720&url=https%3A%2F%2Fi.ytimg.com%2Fvi%2FQ_DCldllr7M%2Fmaxresdefault.jpg&crop&sx=0&sy=0&sw=1280&sh=720&_nc_hash=AQBU5aeDtf6sC6R9,1941,33,31,0,0,605,True
2019-05-30T22:00:30+0000,904277726319518_2337480679665875,livros sempre vencem,livros sempre vencem,384,mobile_status_update,None,7600,252,29,4,2,2496,True
2019-05-30T19:45:42+0000,904277726319518_2337318676348742,chave sucesso educacao,chave sucesso educacao,10013,shared_story,https://external-gru1-1.xx.fbcdn.net/safe_image.php?d=AQAKs533AQ2Od15G&url=https%3A%2F%2Fconteudo.imguol.com.br%2Fc%2Fesporte%2Fa8%2F2019%2F05%2F29%2Fbarack-obama-durante-conferencia-em-bogota-1559133934341_v2_615x300.jpg&_nc_hash=AQCUv-8ZGfBWvlh4,25994,67,102,1,8,6173,True
2019-05-30T13:03:33+0000,904277726319518_2336698823077394,ciencia desmascarada bozochanceler descobriu razao aumento temperatura terra termometros antes instalados meio mato estao hoje beira estacionamentos razao urbanizacao aquecimento local nao global ninguem percebeu,ciencia desmascarada bozochanceler descobriu razao aumento temperatura terra termometros antes instalados meio mato estao hoje beira estacionamentos razao urbanizacao aquecimento local nao global ninguem percebeu,5043,added_video,https://scontent-gru2-1.xx.fbcdn.net/v/t15.5256-10/60735499_1086897141494783_6512120720904945664_n.jpg?_nc_cat=107&_nc_sid=ad6a45&_nc_ohc=m7APdw4saOIAX-YfTFq&_nc_ht=scontent-gru2-1.xx&oh=e27fd554c4a30a8ad2863f46f98be32b&oe=5EAC6B86,3095,5278,424,864,456,23,True
2019-05-29T23:33:12+0000,904277726319518_2335839489829994,entrevista dei brasil fato ataque nao apenas contra educacao contra toda reflexao critica,entrevista dei brasil fato ataque nao apenas contra educacao contra toda reflexao critica,1443,shared_story,https://external-gru1-1.xx.fbcdn.net/safe_image.php?d=AQDClml4cJvnOAIQ&url=https%3A%2F%2Ffarm66.staticflickr.com%2F65535%2F47955171971_b9bba0f99d_b.jpg&_nc_hash=AQC81N3cRXgLLGab,6539,103,33,49,12,759,True
2019-05-29T20:13:47+0000,904277726319518_2335612776519332,atos defesa educacao brasil m,atos defesa educacao brasil m,1029,added_photos,https://scontent-gru2-2.xx.fbcdn.net/v/t1.0-9/s720x720/61561889_2335612169852726_4063465556563460096_o.jpg?_nc_cat=105&_nc_sid=8024bb&_nc_ohc=d8A8sDprhv0AX8Z4TZX&_nc_ht=scontent-gru2-2.xx&_nc_tp=7&oh=4b5966f00e6035249922cf421a2732b7&oe=5EAC22B5,3981,141,20,2,4,800,True
2019-05-29T00:09:00+0000,904277726319518_2334213183325958,esquenta festival lula livre teatro oficina sao paulo foto ricardo stuckert,esquenta festival lula livre teatro oficina sao paulo foto ricardo stuckert,269,added_photos,https://scontent-gru1-1.xx.fbcdn.net/v/t1.0-9/s720x720/61186827_2334213143325962_2508524964043292672_n.jpg?_nc_cat=104&_nc_sid=110474&_nc_ohc=0uvKEZZS-qUAX_HinFp&_nc_ht=scontent-gru1-1.xx&_nc_tp=7&oh=52df31905f15d2b540a8f2d17ebcfa23&oe=5EAD04B2,4306,154,17,1,11,1097,True
2019-05-28T23:42:41+0000,904277726319518_2334185409995402, , ,65,mobile_status_update,https://scontent-gru2-2.xx.fbcdn.net/v/t15.5256-10/60645348_366338600659242_8821202461877338112_n.jpg?_nc_cat=100&_nc_sid=ad6a45&_nc_ohc=N-lWaIAPTaAAX9kTI93&_nc_ht=scontent-gru2-2.xx&oh=69e61133e87df5889c55e0ec0cdb3924&oe=5EAD9BB6,703,23,3,0,1,138,False
2019-05-28T22:57:07+0000,904277726319518_2334139330000010, , ,93,mobile_status_update,https://scontent-gru2-1.xx.fbcdn.net/v/t15.5256-10/60316600_2275152439416571_5541022250137812992_n.jpg?_nc_cat=109&_nc_sid=ad6a45&_nc_ohc=NvS_WBts8C4AX-4C5Rm&_nc_ht=scontent-gru2-1.xx&oh=d859e067a7076ae46c89ccbc34f9b534&oe=5EB008BA,821,49,4,0,6,192,False
2019-05-28T17:48:43+0000,904277726319518_2333797386700871,nome disso fascismo governo pede stf libere acoes policiais dentro universidades,nome disso fascismo governo pede stf libere acoes policiais dentro universidades,3669,shared_story,https://external-gru1-1.xx.fbcdn.net/safe_image.php?d=AQA6IRSgtRdx1jsk&url=https%3A%2F%2Fs2.glbimg.com%2Fi4If9vF4MOmue2t4uhNackrsNr4%3D%2F1200x%2Fsmart%2Ffilters%3Acover%28%29%3Astrip_icc%28%29%2Fi.s3.glbimg.com%2Fv1%2FAUTH_59edd422c0c84a879bd37670ae4f538a%2Finternal_photos%2Fbs%2F2019%2Fd%2Fl%2Fk7LVR0SEG0sypA9rDnKQ%2Fcarmen-lucia-stf.jpg&_nc_hash=AQCrP7R-4tdGKhI9,4548,95,728,710,5305,59,True
2019-05-28T11:32:59+0000,904277726319518_2333285796752030,ontem pucsp nao vamos deixar pequenas diferencas afastar grande objetivo acalentado professores estudantes construir grande nacao fotos ricardo stuckert,ontem pucsp nao vamos deixar pequenas diferencas afastar grande objetivo acalentado professores estudantes construir grande nacao fotos ricardo stuckert,259,added_photos,https://scontent-gru1-1.xx.fbcdn.net/v/t1.0-9/s720x720/61604522_2333284780085465_7073588854774562816_n.jpg?_nc_cat=104&_nc_sid=110474&_nc_ohc=CM3kLLRwjpwAX9gSaZl&_nc_ht=scontent-gru1-1.xx&_nc_tp=7&oh=ae5ad675bb7df7002a811975d8cbb1ee&oe=5EACED5C,3552,47,13,0,5,708,True
2019-05-28T03:18:32+0000,904277726319518_2332803243466952,excelente debate v salao livro politico sobre brasil pode superar encruzilhada encontra celso amorim erica malunguinho sergio mamberti flavio dino maria amalia andery foto ricardo stuckert,excelente debate v salao livro politico sobre brasil pode superar encruzilhada encontra celso amorim erica malunguinho sergio mamberti flavio dino maria amalia andery foto ricardo stuckert,188,added_photos,https://scontent-gru1-1.xx.fbcdn.net/v/t1.0-9/s720x720/61121192_2332803213466955_2758561630550753280_n.jpg?_nc_cat=110&_nc_sid=110474&_nc_ohc=cJYfdXQFJ5cAX8fdrDO&_nc_ht=scontent-gru1-1.xx&_nc_tp=7&oh=37b6ad4467577f4ee1d85a8c396bdbe6&oe=5EAFD8BD,3860,59,12,1,8,609,True
2019-05-27T23:12:41+0000,904277726319518_2332550700158873, , ,121,mobile_status_update,https://scontent-gru1-1.xx.fbcdn.net/v/t15.5256-10/60355828_2181516048768487_1747158447943581696_n.jpg?_nc_cat=110&_nc_sid=ad6a45&_nc_ohc=hU2D6qLy48QAX-m45ek&_nc_ht=scontent-gru1-1.xx&oh=a179970024dd3e8e7d7f6050147a7e1c&oe=5EAE9EA5,837,22,3,0,2,181,False
2019-05-27T17:12:19+0000,904277726319518_2332131083534168,sobre ontem preocupa grandes grupos comunicacao nao emitiram sinais inequivocos compromisso democracia trabalhadores estudantes saibamos fazer leitura deste momento crucial historia m,sobre ontem preocupa grandes grupos comunicacao nao emitiram sinais inequivocos compromisso democracia trabalhadores estudantes saibamos fazer leitura deste momento crucial historia m,298,mobile_status_update,None,6917,74,6,246,19,361,True
2019-05-26T23:06:34+0000,904277726319518_2330851343662142,amanha h tucarena,amanha h tucarena,330,added_photos,https://scontent-gru2-2.xx.fbcdn.net/v/t1.0-9/61273961_2330851320328811_8091036946152816640_n.jpg?_nc_cat=100&_nc_sid=110474&_nc_ohc=pIlb7ZG4vn8AX8uBPi1&_nc_ht=scontent-gru2-2.xx&oh=ee75c58cc61c30e6e0413ab96a37374b&oe=5EAE9945,3762,159,37,1,4,548,True
2019-05-25T23:34:21+0000,904277726319518_2329143623832914,grande kleber,grande kleber,1827,shared_story,https://external-gru1-1.xx.fbcdn.net/safe_image.php?d=AQA2_7DscrAKm1yg&url=https%3A%2F%2Fconteudo.imguol.com.br%2Fc%2Fentretenimento%2Fc3%2F2019%2F05%2F15%2Fsonia-braga-em-cena-de-bacurau-1557964148224_v2_750x421.jpg&_nc_hash=AQBobd1AQMW0ipRq,11550,17,97,1,5,2197,True
2019-05-25T17:23:38+0000,904277726319518_2328712190542724,lindo ato concordia defesa educacao maior antidoto contra tirania educacao povo democracia fotos ricardo stuckert,lindo ato concordia defesa educacao maior antidoto contra tirania educacao povo democracia fotos ricardo stuckert,697,added_photos,https://scontent-gru2-2.xx.fbcdn.net/v/t1.0-9/s720x720/60977603_2328712150542728_3251335254329262080_n.jpg?_nc_cat=105&_nc_sid=110474&_nc_ohc=dkrvD7TwIkEAX_ysIaQ&_nc_ht=scontent-gru2-2.xx&_nc_tp=7&oh=1fb1115f0bf8a04f1f8a3d45c5b8f1f4&oe=5EAD3F13,6860,154,35,0,9,1586,True
2019-05-25T16:10:19+0000,904277726319518_2328614513885825,obrigado belem santarem recepcao calorosa fotos ricardo stuckert,obrigado belem santarem recepcao calorosa fotos ricardo stuckert,402,added_photos,https://scontent-gru2-2.xx.fbcdn.net/v/t1.0-9/s720x720/61008485_2328614400552503_1598274536204140544_n.jpg?_nc_cat=100&_nc_sid=110474&_nc_ohc=3EPMDrPwkmMAX_dZZ7X&_nc_ht=scontent-gru2-2.xx&_nc_tp=7&oh=bcddaf060b7e857860125a59504cb2e9&oe=5EAF51FD,4376,63,28,0,5,1022,True
2019-05-25T13:54:13+0000,904277726319518_1269578226537845,haddad caravana lulalivre concordia ato educacao publica contra reforma previdencia,fh caravana lulalivre concordia ato educacao publica contra reforma previdencia,1622,added_video,https://scontent-gru1-1.xx.fbcdn.net/v/t15.5256-10/60058748_1269578519871149_8860973949232611328_n.jpg?_nc_cat=103&_nc_sid=ad6a45&_nc_ohc=r3CXSJHEWToAX_ROHEP&_nc_ht=scontent-gru1-1.xx&oh=2bea212d84832699a968b8178f8d2f15&oe=5EACEA6B,5251,95,24,6,42,1788,True
2019-05-25T13:47:32+0000,904277726319518_533992290465988,haddad caravana lulalivre concordia ato educacao publica contra reforma previdencia,fh caravana lulalivre concordia ato educacao publica contra reforma previdencia,1651,added_video,https://scontent-gru1-1.xx.fbcdn.net/v/t15.5256-10/59901662_534000677131816_8806465759069863936_n.jpg?_nc_cat=101&_nc_sid=ad6a45&_nc_ohc=_e2MmXxOz9oAX-6wGLW&_nc_ht=scontent-gru1-1.xx&oh=15842570e61b1b80792f507bdb2f9ad9&oe=5EAF9D4D,4067,92,19,4,29,1296,True
2019-05-25T10:23:57+0000,904277726319518_2328097347270875,educar democracia coluna hoje folha spaulo,educar democracia coluna hoje folha spaulo,492,shared_story,https://external-gru1-1.xx.fbcdn.net/safe_image.php?d=AQDBd5mO0QBFwckJ&url=https%3A%2F%2Ff.i.uol.com.br%2Ffotografia%2F2019%2F05%2F15%2F15579633705cdca26a4620b_1557963370_3x2_rt.jpg&_nc_hash=AQCSXN6xKx4GNkqH,3407,90,18,0,6,687,True
2019-05-24T22:12:44+0000,904277726319518_387079452015929,universidade federal belem ato defesa educacao publica caravana lulalivre fernando haddad gleisi hoffmann,universidade federal belem ato defesa educacao publica caravana lulalivre fh gleisi hoffmann,1264,added_video,https://scontent-gru1-1.xx.fbcdn.net/v/t15.5256-10/60927312_387080258682515_4374444454631702528_n.jpg?_nc_cat=104&_nc_sid=ad6a45&_nc_ohc=QqHuJ_bKxTIAX-ZYgPy&_nc_ht=scontent-gru1-1.xx&oh=202b9e23b26b77c5e9ebbd0057281ae9&oe=5EAC980B,3708,51,36,2,15,1463,True
2019-05-24T21:35:50+0000,904277726319518_475435526540967,universidade federal belem ato defesa educacao publica caravana lulalivre fernando haddad gleisi hoffmann,universidade federal belem ato defesa educacao publica caravana lulalivre fh gleisi hoffmann,864,added_video,https://scontent-gru2-2.xx.fbcdn.net/v/t15.5256-10/59785024_475446063206580_1102045194624172032_n.jpg?_nc_cat=106&_nc_sid=ad6a45&_nc_ohc=Q9Lr0YsvTccAX9_wffe&_nc_ht=scontent-gru2-2.xx&oh=b0291d6a03bcf3a06fc34879e593b61a&oe=5EAD0A17,3144,91,16,3,44,1345,True
2019-05-24T18:25:22+0000,904277726319518_2327075474039729,dia junho vai acontecer festivallulalivre praca republica sao paulo muita gente legal apresentando liberdade lula vemos la,dia junho vai acontecer festivallulalivre praca republica sao paulo muita gente legal apresentando liberdade lula vemos la,293,added_photos,https://scontent-gru2-1.xx.fbcdn.net/v/t1.0-9/p720x720/60953046_2327075457373064_3583426180105109504_n.jpg?_nc_cat=109&_nc_sid=110474&_nc_ohc=llZjmhipqz4AX8zF_A_&_nc_ht=scontent-gru2-1.xx&_nc_tp=6&oh=8fb40627b4f24f615223474c737b924c&oe=5EAE4DC1,2514,93,11,2,8,524,True
2019-05-24T17:09:21+0000,904277726319518_2326979147382695,linda recepcao universidade federal oeste santarem foto ricardo stuckert,linda recepcao universidade federal oeste santarem foto ricardo stuckert,199,added_photos,https://scontent-gru2-2.xx.fbcdn.net/v/t1.0-9/s720x720/60908475_2326979124049364_7517756784635805696_n.jpg?_nc_cat=106&_nc_sid=110474&_nc_ohc=Xr1U9ARYO3AAX_fdo-r&_nc_ht=scontent-gru2-2.xx&_nc_tp=7&oh=6d14eaeba7c562874941cd3b590a859f&oe=5EAD884E,2770,21,39,0,3,767,True
2019-05-24T15:19:29+0000,904277726319518_2326825770731366,honra ser primeiro entrevistado segunda temporada programa amigos sons palavras querido amigo gilberto gil programa vai ar setembro canal brasil fotos ricardo stuckert,honra ser primeiro entrevistado segunda temporada programa amigos sons palavras querido amigo gilberto gil programa vai ar setembro canal brasil fotos ricardo stuckert,249,added_photos,https://scontent-gru1-1.xx.fbcdn.net/v/t1.0-9/s720x720/60921610_2326825697398040_1362231869579460608_n.jpg?_nc_cat=103&_nc_sid=110474&_nc_ohc=2VJL_q1gwgEAX-iE4uW&_nc_ht=scontent-gru1-1.xx&_nc_tp=7&oh=832bafe770cacee159223faaafd7ddb4&oe=5EACB1F7,4838,47,28,0,3,1192,True
2019-05-24T14:13:09+0000,904277726319518_604837279999531,caravana lulalivre fernando haddad ato defesa educacao publica universidade federal oeste santarem,caravana lulalivre fh ato defesa educacao publica universidade federal oeste santarem,1223,added_video,https://scontent-gru2-2.xx.fbcdn.net/v/t15.5256-10/59951499_604842519999007_3083463949304201216_n.jpg?_nc_cat=102&_nc_sid=ad6a45&_nc_ohc=_C1FSw6UFUIAX_WzLaF&_nc_ht=scontent-gru2-2.xx&oh=2fdf8dfd34fcfa3b1aa59c0fba8d5bd2&oe=5EAD7811,5010,67,20,7,25,1637,True
2019-05-24T13:18:07+0000,904277726319518_1018702198321908,caravana lulalivre fernando haddad ato defesa educacao publica universidade federal oeste santarem,caravana lulalivre fh ato defesa educacao publica universidade federal oeste santarem,637,added_video,https://scontent-gru1-1.xx.fbcdn.net/v/t15.5256-10/60095914_1018715988320529_6401042172161818624_n.jpg?_nc_cat=104&_nc_sid=ad6a45&_nc_ohc=RweDn_u64WwAX_3Qnst&_nc_ht=scontent-gru1-1.xx&oh=f77775e389b79f0d6a1bd00606088246&oe=5EADFAA9,2727,48,14,0,18,886,True
2019-05-24T12:31:57+0000,904277726319518_680519205730346,caravana lulalivre fernando haddad ato defesa educacao publica universidade federal oeste santarem,caravana lulalivre fh ato defesa educacao publica universidade federal oeste santarem,1175,added_video,https://scontent-gru2-1.xx.fbcdn.net/v/t15.5256-10/61217660_680523899063210_3685721065461383168_n.jpg?_nc_cat=109&_nc_sid=ad6a45&_nc_ohc=wGXCUh1BOqEAX8iSNbp&_nc_ht=scontent-gru2-1.xx&oh=002db211dcb527f3f1040d4633a5acb9&oe=5EAC529D,2804,45,13,2,17,954,True
2019-05-23T23:50:59+0000,904277726319518_2325731017507508,valeu manaus viva amazonia fotos ricardo stuckert,valeu manaus viva amazonia fotos ricardo stuckert,1223,added_photos,https://scontent-gru2-2.xx.fbcdn.net/v/t1.0-9/s720x720/60970838_2325730570840886_8701254917337120768_n.jpg?_nc_cat=106&_nc_sid=110474&_nc_ohc=-mUPJqLzciYAX-pP8d1&_nc_ht=scontent-gru2-2.xx&_nc_tp=7&oh=e6249d9d7f15fd988d7c63c1db850472&oe=5EAD2CED,8669,83,44,0,10,2472,True
2019-05-23T23:05:13+0000,904277726319518_2325682617512348,professor nao inimigo professor talvez maior defensor patria porque vai todos dias sala aula defender educacao foto ricardo stuckert,professor nao inimigo professor talvez maior defensor patria porque vai todos dias sala aula defender educacao foto ricardo stuckert,614,added_photos,https://scontent-gru2-2.xx.fbcdn.net/v/t1.0-9/s720x720/60899185_2325682597512350_3039538451184615424_n.jpg?_nc_cat=102&_nc_sid=110474&_nc_ohc=_Oy3GnLNXuYAX99h1-q&_nc_ht=scontent-gru2-2.xx&_nc_tp=7&oh=ecaff22a706bc4d9bb08e712b1241b82&oe=5EAEE33D,4354,41,32,1,1,1160,True
2019-05-23T21:07:55+0000,904277726319518_687076425076434,ato educacao universidade federal amazonas manaus caravana lulalivre fernando haddad,ato educacao universidade federal amazonas manaus caravana lulalivre fh,1176,added_video,https://scontent-gru1-1.xx.fbcdn.net/v/t15.5256-10/60802517_687106708406739_4783432771227877376_n.jpg?_nc_cat=110&_nc_sid=ad6a45&_nc_ohc=tyUiC9Fn4tEAX9Xyr6J&_nc_ht=scontent-gru1-1.xx&oh=9a77b5dea7652b7cc163c023d9aad0ad&oe=5EAFD0D5,3946,80,26,2,31,1234,True
2019-05-23T19:52:36+0000,904277726319518_447384229357867, , ,629,added_video,https://scontent-gru2-1.xx.fbcdn.net/v/t15.5256-10/60201335_447384976024459_2518888324991549440_n.jpg?_nc_cat=109&_nc_sid=ad6a45&_nc_ohc=iOSlrk17VcoAX800mf3&_nc_ht=scontent-gru2-1.xx&oh=20b4109a2cf8149f627fa70c9c9d0f1e&oe=5EAF5FAB,4147,51,37,2,21,1564,False
2019-05-23T18:18:51+0000,904277726319518_2325346614212615,demos inicio caravana lula livre amazonia visitar zona franca manaus participei encontro aguas dialogos sobre regiao amazonica foto ricardo stuckert,demos inicio caravana lula livre amazonia visitar zona franca manaus participei encontro aguas dialogos sobre regiao amazonica foto ricardo stuckert,604,added_photos,https://scontent-gru1-1.xx.fbcdn.net/v/t1.0-9/s720x720/60859692_2325346587545951_7706671440841408512_n.jpg?_nc_cat=110&_nc_sid=110474&_nc_ohc=-y2wWiZQ8XIAX_teGAz&_nc_ht=scontent-gru1-1.xx&_nc_tp=7&oh=1e436d9d357755a6ed6ba698721f64f7&oe=5EADE899,8880,128,36,2,10,2102,True
2019-05-23T17:03:48+0000,904277726319518_2325250310888912,barqueata rio negro rumo encontro aguas caravana lula livre amazonia foto ricardo stuckert,barqueata rio negro rumo encontro aguas caravana lula livre amazonia foto ricardo stuckert,275,added_photos,https://scontent-gru2-2.xx.fbcdn.net/v/t1.0-9/s720x720/60761132_2325250280888915_6897343415789289472_n.jpg?_nc_cat=106&_nc_sid=110474&_nc_ohc=Amvf5sXa5wgAX_TZTfp&_nc_ht=scontent-gru2-2.xx&_nc_tp=7&oh=dc7f0e1d4f59c3a16c0ed487e44587c9&oe=5EAE9466,4900,75,35,0,4,1185,True
2019-05-23T16:25:37+0000,904277726319518_1251104331738614,haddad caravana lulalivre barqueata rio negro rumo encontro aguas brasil amazonia meioambiente,fh caravana lulalivre barqueata rio negro rumo encontro aguas brasil amazonia meioambiente,903,added_video,https://scontent-gru1-1.xx.fbcdn.net/v/t15.5256-10/60342977_1251113768404337_8169949488383787008_n.jpg?_nc_cat=108&_nc_sid=ad6a45&_nc_ohc=Qa2OUTq1de8AX-oAgwK&_nc_ht=scontent-gru1-1.xx&oh=f8c4e838ebf1e566fa434e655e8d032c&oe=5EB00A70,3526,65,17,0,18,1152,True
2019-05-23T15:29:48+0000,904277726319518_323500748329751,haddad caravana lulalivre barqueata rio negro rumo encontro aguas brasil amazonia meioambiente,fh caravana lulalivre barqueata rio negro rumo encontro aguas brasil amazonia meioambiente,636,added_video,https://scontent-gru2-2.xx.fbcdn.net/v/t15.5256-10/60431090_323512651661894_851360533515862016_n.jpg?_nc_cat=105&_nc_sid=ad6a45&_nc_ohc=BQzCdAvty34AX9Bx3sO&_nc_ht=scontent-gru2-2.xx&oh=cd48f1683db1985c2f2271b498ca78ce&oe=5EAD13D4,3084,52,38,3,13,1017,True
2019-05-23T14:45:21+0000,904277726319518_384438528835713,haddad caravana lulalivre barqueata rio negro rumo encontro aguas brasil amazonia meioambiente,fh caravana lulalivre barqueata rio negro rumo encontro aguas brasil amazonia meioambiente,682,added_video,https://scontent-gru1-1.xx.fbcdn.net/v/t15.5256-10/60341411_384463562166543_556647213468483584_n.jpg?_nc_cat=103&_nc_sid=ad6a45&_nc_ohc=jLMg9jZuwZwAX-ArQ4J&_nc_ht=scontent-gru1-1.xx&oh=3e4f74436a8dc96c7516c11ff4cc97d3&oe=5EAF0E92,2494,67,19,2,26,834,True
2019-05-23T14:35:16+0000,904277726319518_303119583951503,haddad caravana lulalivre barqueata rio negro rumo encontro aguas brasil amazonia meioambiente,fh caravana lulalivre barqueata rio negro rumo encontro aguas brasil amazonia meioambiente,1003,added_video,https://scontent-gru1-1.xx.fbcdn.net/v/t15.5256-10/60023062_303124997284295_8181705909089599488_n.jpg?_nc_cat=108&_nc_sid=ad6a45&_nc_ohc=jmerwTB-GnkAX8zoKrI&_nc_ht=scontent-gru1-1.xx&oh=ba138fc7527199b489b16d5aed0c241b&oe=5EAF1697,3849,109,33,2,21,1380,True
2019-05-23T13:46:39+0000,904277726319518_2531758786858490,haddad caravana lulalivre barqueata rio negro rumo encontro aguas brasil amazonia meioambiente,fh caravana lulalivre barqueata rio negro rumo encontro aguas brasil amazonia meioambiente,1187,added_video,https://scontent-gru1-1.xx.fbcdn.net/v/t15.5256-10/59969430_2531762636858105_1258729690391117824_n.jpg?_nc_cat=103&_nc_sid=ad6a45&_nc_ohc=uq9og0vq4FYAX-TbS2o&_nc_ht=scontent-gru1-1.xx&oh=c3b2c93271d01d1fe0662eb354a3fd5c&oe=5EAF3588,3746,89,37,0,37,1237,True
2019-05-22T18:02:07+0000,904277726319518_2323704771043466,som liberdade praca republica recebe festival lula livre dia junho grito liberdade justica expresidente lula ganha novo festival cultural vao subir palco artistas baianasystem tulipa criolo fernanda takai nacao zumbi emicida anelis assumpcao rael confirme presenca compartilhe,som liberdade praca republica recebe festival lula livre dia junho grito liberdade justica expresidente lula ganha novo festival cultural vao subir palco artistas baianasystem tulipa criolo fernanda takai nacao zumbi emicida anelis assumpcao rael confirme presenca compartilhe,194,added_video,https://scontent-gru2-2.xx.fbcdn.net/v/t15.5256-10/60732488_666430223817218_2579617199756935168_n.jpg?_nc_cat=106&_nc_sid=ad6a45&_nc_ohc=l9rWbbKoNUYAX8rIxYl&_nc_ht=scontent-gru2-2.xx&oh=31c9d55e2f82f020150c30e7b876e3dd&oe=5EAFA2F8,791,21,18,0,2,228,True
2019-05-21T20:50:12+0000,904277726319518_2322274087853201,chico buarque novo ganhador premio camoes literatura justo,chico buarque novo ganhador premio camoes literatura justo,3054,shared_story,https://external-gru1-1.xx.fbcdn.net/safe_image.php?d=AQDuLqo0IWKIoQQD&url=https%3A%2F%2Ff.i.uol.com.br%2Ffotografia%2F2019%2F04%2F15%2F15553711845cb514b053e12_1555371184_3x2_rt.jpg&_nc_hash=AQD_I6qgR7Yb-jlE,14368,33,109,1,3,4300,True
2019-05-21T12:33:51+0000,904277726319518_2321581751255768,milicias legalizadas decreto bolsonaro libera compra fuzil qualquer cidadao,milicias legalizadas decreto jb libera compra fuzil qualquer cidadao,3265,shared_story,https://external-gru1-1.xx.fbcdn.net/safe_image.php?url=https%3A%2F%2Fs2.glbimg.com%2FHbZVrWafSrUC5v8upEK2mq8uFo8%3D%2F1200x%2Fsmart%2Ffilters%3Acover%28%29%3Astrip_icc%28%29%2Fs03.video.glbimg.com%2Fx720%2F7630198.jpg&_nc_hash=AQDntNjV0AyrNRhn,4317,97,205,2269,2961,70,True
2019-05-19T15:57:47+0000,904277726319518_2318621348218475,phd ciencia politica,phd ciencia politica,15436,added_video,https://scontent-gru1-1.xx.fbcdn.net/v/t15.5256-10/59638202_388719575308860_5938105235217055744_n.jpg?_nc_cat=108&_nc_sid=ad6a45&_nc_ohc=AxDAmS7Px8gAX8AsscY&_nc_ht=scontent-gru1-1.xx&oh=7196e5acc535bb033d0024a6a3f8260a&oe=5EAF5405,19024,747,142,62,27,5775,True
2019-05-18T12:32:21+0000,904277726319518_2316550835092193,artigo hoje folha sobre necessaria integracao educacao basica superior,artigo hoje folha sobre necessaria integracao educacao basica superior,430,shared_story,https://external-gru1-1.xx.fbcdn.net/safe_image.php?d=AQDFt2xIEXZy8jKD&url=https%3A%2F%2Ff.i.uol.com.br%2Ffotografia%2F2019%2F05%2F15%2F15579444035cdc585382d80_1557944403_3x2_rt.jpg&_nc_hash=AQBFRrk7EcgKPbAv,2748,107,11,0,6,453,True
2019-05-17T17:17:08+0000,904277726319518_2315313575215919,contra homofobia orgulho politicas publicas gestao fizeram sao paulo ser reconhecida integrar rainbow cities network unica cidade america sul rainbowcitiescomcities,contra homofobia orgulho politicas publicas gestao fizeram sao paulo ser reconhecida integrar rainbow cities network unica cidade america sul rainbowcitiescomcities,127,shared_story,https://external-gru1-1.xx.fbcdn.net/safe_image.php?d=AQCiNE-CBHUA2S8S&url=https%3A%2F%2Frainbowcities.com%2Fsites%2Fdefault%2Ffiles%2FRCN-logo_250.png&_nc_hash=AQCrWcvVpRHXxrCT,2026,54,14,0,2,543,True
2019-05-17T10:41:55+0000,904277726319518_2314727108607899,bolsonaro ataca universidade federal expansao sistema universitario federal resultou salto numero alunos graduacao passando mil milhao segundo dados entidades ainda mudanca perfil estudantes reflexo interiorizacao campi lei cotas alunos graduacao renda per capita ate salario minimo meio percentual ano passado graduandos federais haviam cursado ensino medio escola publica indice percentual alunos negros pretos pardos chegou ano passado contra,jb ataca universidade federal expansao sistema universitario federal resultou salto numero alunos graduacao passando mil milhao segundo dados entidades ainda mudanca perfil estudantes reflexo interiorizacao campi lei cotas alunos graduacao renda per capita ate salario minimo meio percentual ano passado graduandos federais haviam cursado ensino medio escola publica indice percentual alunos negros pretos pardos chegou ano passado contra,759,shared_story,https://external-gru1-1.xx.fbcdn.net/safe_image.php?d=AQAJYeusO1lZV3bM&url=https%3A%2F%2Ff.i.uol.com.br%2Ffotografia%2F2019%2F05%2F15%2F15579456135cdc5d0df0721_1557945613_3x2_xl.jpg&_nc_hash=AQCPbhNtj7Gj2dqP,2795,49,14,386,40,142,True
2019-05-16T20:25:57+0000,904277726319518_2313837885363488,prefeito dallas recusase dar boas vindas inutil,prefeito dallas recusase dar boas vindas inutil,2768,shared_story,https://external-gru1-1.xx.fbcdn.net/safe_image.php?d=AQBWxIrvn2jJJedl&url=http%3A%2F%2Fabrilveja.files.wordpress.com%2F2019%2F05%2Fjair-bolsonaro-20190510-002.jpg%3Fquality%3D70%26strip%3Dinfo%26w%3D680%26h%3D453%26crop%3D1&_nc_hash=AQBfNRog7Zm2UQG0,9533,3258,66,10,37,1945,True
2019-05-16T15:37:41+0000,904277726319518_2313478915399385,espertalhoes jair bolsonaro filho flavio nomearam doze parentes inuteis camara alerj suposto esquema rachadinha investigado ministerio publico federal,espertalhoes jb filho flavio nomearam doze parentes inuteis camara alerj suposto esquema rachadinha investigado ministerio publico federal,9948,shared_story,https://external-gru1-1.xx.fbcdn.net/safe_image.php?d=AQCStDNG6yYGcnIY&url=https%3A%2F%2Fogimg.infoglobo.com.br%2Fin%2F23670134-62d-5b4%2FFT1086A%2F652%2F80781087_Federal-deputy-Jair-Bolsonaro-embraces-his-son-Flavio-Bolsonaro-during-the-national-convent.jpg&_nc_hash=AQB4WM-Hm6aCycTR,13734,1895,629,193,2472,127,True
2019-05-16T01:54:52+0000,904277726319518_2312463715500905,brasil deu resposta nunca viu defesa educacao movimento civico suprapartidario movimento envolve pessoas defendem educacao filhos bolsonaro nao ideia encrenca arrumou cortando verba educacao vamos estar ruas ate devolver centavo centavo tirou m fotos claudio kbene,brasil deu resposta nunca viu defesa educacao movimento civico suprapartidario movimento envolve pessoas defendem educacao filhos jb nao ideia encrenca arrumou cortando verba educacao vamos estar ruas ate devolver centavo centavo tirou m fotos claudio kbene,4761,added_photos,https://scontent-gru1-1.xx.fbcdn.net/v/t1.0-9/s720x720/60700457_2312463665500910_5024924943897329664_n.jpg?_nc_cat=103&_nc_sid=110474&_nc_ohc=Wr0Nn4Dqf8AAX9Byhz4&_nc_ht=scontent-gru1-1.xx&_nc_tp=7&oh=b180c0bdfd65f9cee2827bd3e8384959&oe=5EAC6464,27942,543,145,8,22,10442,True
2019-05-15T22:17:30+0000,904277726319518_432829520827841,aovivo fernando haddad comenta dia nacional lutas educacao,aovivo fh comenta dia nacional lutas educacao,785,added_video,https://scontent-gru2-2.xx.fbcdn.net/v/t15.5256-10/59106295_432832470827546_2058468243177209856_n.jpg?_nc_cat=100&_nc_sid=ad6a45&_nc_ohc=PPFCex5UM0MAX9UiKVM&_nc_ht=scontent-gru2-2.xx&oh=9e2fca0ba27a9ed138efa5e7d3059696&oe=5EAD777F,4817,105,16,11,25,2537,True
2019-05-15T19:55:04+0000,904277726319518_1454351158039246,fernando haddad ato defesa educacao,fh ato defesa educacao,7310,added_video,https://scontent-gru1-1.xx.fbcdn.net/v/t15.5256-10/59506014_1454363728037989_4625406514792759296_n.jpg?_nc_cat=103&_nc_sid=ad6a45&_nc_ohc=zKKUdQe3PIAAX9VPw7J&_nc_ht=scontent-gru1-1.xx&oh=82bdfb51fc7597096fcb815f655ae1a4&oe=5EACAF83,19393,450,84,14,113,10120,True
2019-05-15T14:37:38+0000,904277726319518_2311613692252574,pais sonha grande precisa educacao qualidade republicana precisa ciencia pesquisa todos campos conhecimento nao enfrentando batalha politica diante defesa marco civilizatorio junto protesto todos estudantes todos cientistas todos pais inteiro lutam defesa conhecimento,pais sonha grande precisa educacao qualidade republicana precisa ciencia pesquisa todos campos conhecimento nao enfrentando batalha politica diante defesa marco civilizatorio junto protesto todos estudantes todos cientistas todos pais inteiro lutam defesa conhecimento,1645,mobile_status_update,None,15340,150,66,13,8,3769,True
2019-05-15T10:03:52+0000,904277726319518_2311220712291872,livros menos armas,livros menos armas,701,mobile_status_update,None,13394,335,34,6,9,4219,True
2019-05-13T13:07:58+0000,904277726319518_2308264352587508,aqui novamente imagens feito historico balburdia ciencia brasileira diz cientista brasileiro miguel nicolelis fez dois paraplegicos caminharem meio interface cerebromaquina grande nicolelis,aqui novamente imagens feito historico balburdia ciencia brasileira diz cientista brasileiro miguel nicolelis fez dois paraplegicos caminharem meio interface cerebromaquina grande nicolelis,3152,shared_story,https://external-gru1-1.xx.fbcdn.net/safe_image.php?d=AQCKvcXzwVHQQAYj&url=https%3A%2F%2Fogimg.infoglobo.com.br%2Fsociedade%2F23659832-7f6-5d5%2FFT1086A%2F652%2FMiguel_Nicolelis_no_Fronteiras_do_Pensamento_Florianopolis_2014_15062529691.jpg&_nc_hash=AQCx7sGfmyzQEUvw,8712,19,304,7,2,1705,True
2019-05-13T12:08:07+0000,904277726319518_2308132242600719,novas evidencias sobre gabinetes cla bolsonaro exigem investigacao evolucao patrimonial familia compra subfaturada imoveis indicios rachadinha sugerem peculato lavagem dinheiro,novas evidencias sobre gabinetes cla jb exigem investigacao evolucao patrimonial familia compra subfaturada imoveis indicios rachadinha sugerem peculato lavagem dinheiro,2179,shared_story,https://external-gru1-1.xx.fbcdn.net/safe_image.php?d=AQCB9xMl3SeaeVyR&url=https%3A%2F%2Ff.i.uol.com.br%2Ffotografia%2F2018%2F12%2F31%2F15462652235c2a228789aea_1546265223_3x2_xl.jpg&_nc_hash=AQDzsh4PX1loqa0p,4784,396,164,67,909,36,True
2019-05-13T00:09:15+0000,904277726319518_448523642585586, , ,357,added_video,https://scontent-gru1-1.xx.fbcdn.net/v/t15.5256-10/60026296_448527565918527_1963453383222231040_n.jpg?_nc_cat=103&_nc_sid=ad6a45&_nc_ohc=vdbAdrPyUkoAX-drl1e&_nc_ht=scontent-gru1-1.xx&oh=9492267d158afcd5f7bd8506f5773da5&oe=5EACBF18,3667,31,20,0,5,2295,False
2019-05-12T11:37:29+0000,904277726319518_2306423429438267,artigaco ana estela haddad mariana scaff maes sistema prisional feliz dia maes linda,artigaco ana estela fh mariana scaff maes sistema prisional feliz dia maes linda,221,shared_story,https://external-gru1-1.xx.fbcdn.net/safe_image.php?d=AQC_yqyYbqcPp_Fg&url=https%3A%2F%2Ff.i.uol.com.br%2Ffotografia%2F2019%2F05%2F10%2F15575320725cd60da80d104_1557532072_3x2_xl.jpg&_nc_hash=AQAARmshORtCPMMn,3739,44,15,4,4,1005,True
2019-05-11T20:34:59+0000,904277726319518_2305278606219416,governo contra bolsas estudo vacina bolsa bloqueada doutorando pode abandonar pesquisa vacina contra zika,governo contra bolsas estudo vacina bolsa bloqueada doutorando pode abandonar pesquisa vacina contra zika,3549,shared_story,https://external-gru1-1.xx.fbcdn.net/safe_image.php?d=AQAAd8ydQqiMsO4l&url=https%3A%2F%2Fs2.glbimg.com%2F9lCcmgiY0QC7QLiPUKKoqD305Zs%3D%2F1200x%2Fsmart%2Ffilters%3Acover%28%29%3Astrip_icc%28%29%2Fi.s3.glbimg.com%2Fv1%2FAUTH_59edd422c0c84a879bd37670ae4f538a%2Finternal_photos%2Fbs%2F2019%2FH%2Fh%2FisuuEMRLAqM2cBn5AjXA%2Fwhatsapp-image-2019-05-10-at-19.05.18.jpeg&_nc_hash=AQB6WEIusI7kZYpd,4690,27,55,3789,1298,12,True
2019-05-11T12:03:48+0000,904277726319518_2304576792956264,coluna hoje folha spaulo,coluna hoje folha spaulo,357,shared_story,https://external-gru1-1.xx.fbcdn.net/safe_image.php?d=AQBWflpyt-eVHYEV&url=https%3A%2F%2Ff.i.uol.com.br%2Ffotografia%2F2019%2F05%2F10%2F15575376385cd623669bfcc_1557537638_3x2_rt.jpg&_nc_hash=AQDJKPIJYJBa3fb3,2165,59,14,4,7,488,True
2019-05-11T02:15:54+0000,904277726319518_2303960853017858,ato contra cortes educacao destruicao previdencia noite desta sextafeira rio janeiro foto ricardo stuckert,ato contra cortes educacao destruicao previdencia noite desta sextafeira rio janeiro foto ricardo stuckert,398,added_photos,https://scontent-gru2-1.xx.fbcdn.net/v/t1.0-0/p480x480/60122322_2303960446351232_1636762240654770176_n.jpg?_nc_cat=109&_nc_sid=110474&_nc_ohc=qpRqLpOPRZYAX8BeKuF&_nc_ht=scontent-gru2-1.xx&_nc_tp=6&oh=2bea7ce102569405f430e4c08f32d752&oe=5EACE37E,5850,92,28,1,13,1254,True
2019-05-10T23:56:22+0000,904277726319518_2303809296366347, , ,143,mobile_status_update,https://scontent-gru2-2.xx.fbcdn.net/v/t15.5256-10/cp0/s12x12/59379882_311476023134142_3065134094036762624_n.jpg?_nc_cat=106&_nc_sid=ad6a45&_nc_ohc=C1HmTKieIzMAX-e_b_K&_nc_ht=scontent-gru2-2.xx&oh=eb9d339b11f17856ef914c901447f705&oe=5EAD9D80,951,29,3,1,1,243,False
2019-05-10T21:31:46+0000,904277726319518_2303656359714974,haddad freixo durante encontro liderancas comunitarias rio janeiro foto ricardo stuckert,fh freixo durante encontro liderancas comunitarias rio janeiro foto ricardo stuckert,1184,added_photos,https://scontent-gru1-1.xx.fbcdn.net/v/t1.0-9/s720x720/60334416_2303656339714976_7444665129976725504_n.jpg?_nc_cat=110&_nc_sid=110474&_nc_ohc=hdHI-ZjR5q0AX8MAGnh&_nc_ht=scontent-gru1-1.xx&_nc_tp=7&oh=1e7600cccbc1cfe50b54f78537fd252d&oe=5EADEE99,13705,236,55,4,19,3458,True
2019-05-10T12:46:46+0000,904277726319518_2302995783114365,hoje encontrei governador espirito santo renato casagrande psb grande quadro politica brasileira foto ricardo stuckert,hoje encontrei governador espirito santo renato casagrande psb grande quadro politica brasileira foto ricardo stuckert,155,added_photos,https://scontent-gru1-1.xx.fbcdn.net/v/t1.0-9/s720x720/59764398_2302995739781036_6408612936784281600_n.jpg?_nc_cat=108&_nc_sid=110474&_nc_ohc=GgsSnSos1M8AX-1MYi_&_nc_ht=scontent-gru1-1.xx&_nc_tp=7&oh=82aaff9a70faf918ff5030d1f533340e&oe=5EAC9000,3880,50,12,0,8,450,True
2019-05-09T22:39:50+0000,904277726319518_2302082286539048,reacao educacao contra cortes bolsonaro sera enorme ato proximidades universidade federal espirito santo foto ricardo stuckert,reacao educacao contra cortes jb sera enorme ato proximidades universidade federal espirito santo foto ricardo stuckert,4167,added_photos,https://scontent-gru2-2.xx.fbcdn.net/v/t1.0-0/p480x480/60352138_2302082263205717_314819066982301696_n.jpg?_nc_cat=105&_nc_sid=110474&_nc_ohc=P2Ds8FuLK2QAX97BdNd&_nc_ht=scontent-gru2-2.xx&_nc_tp=6&oh=642d4df97a39168110f53d936e234c60&oe=5EAEBECC,17236,200,98,7,17,4740,True
2019-05-09T21:33:29+0000,904277726319518_2302014583212485, , ,299,mobile_status_update,https://scontent-gru2-1.xx.fbcdn.net/v/t15.5256-10/cp0/s12x12/59674935_2389985877994003_2711695376913530880_n.jpg?_nc_cat=109&_nc_sid=ad6a45&_nc_ohc=_W_mzVXXi_oAX-O6gKL&_nc_ht=scontent-gru2-1.xx&oh=ad84838737925b4ff2a3786524e32b4c&oe=5EAD6C58,1754,30,4,1,5,468,False
2019-05-09T20:05:05+0000,904277726319518_1035111460211722,coletiva imprensa fernando haddad caravana lulalivre vitoria espirito santo,coletiva imprensa fh caravana lulalivre vitoria espirito santo,1164,added_video,https://scontent-gru1-1.xx.fbcdn.net/v/t15.5256-10/59559889_1035123746877160_8557684971064524800_n.jpg?_nc_cat=110&_nc_sid=ad6a45&_nc_ohc=kliwSHXbnN8AX8yukr1&_nc_ht=scontent-gru1-1.xx&oh=2f01ec3128a58845fa0f3cbdfc413514&oe=5EAEE85C,5225,100,20,3,54,2538,True
2019-05-09T11:05:02+0000,904277726319518_2301178109962799,lula disse brasil sendo governado bando malucos exagero dificil associar acontece hoje qualquer atividade lembre verbo governar mesma coisa termo bando bem mal evoca algum tipo organizacao l f verissimo,lula disse brasil sendo governado bando malucos exagero dificil associar acontece hoje qualquer atividade lembre verbo governar mesma coisa termo bando bem mal evoca algum tipo organizacao l f verissimo,833,mobile_status_update,None,8036,588,28,42,6,1000,True
2019-05-08T20:19:06+0000,904277726319518_2300257743388169,privatizacao espaco publico exercito cedera terreno grupo privado explorar novo autodromo rio janeiro sao paulo perde gp formula sitio interlagos sera vendido especulacao imobiliaria,privatizacao espaco publico exercito cedera terreno grupo privado explorar novo autodromo rio janeiro sao paulo perde gp formula sitio interlagos sera vendido especulacao imobiliaria,915,shared_story,https://external-gru1-1.xx.fbcdn.net/safe_image.php?d=AQDYFSoixgY-ra3P&url=https%3A%2F%2Fs2.glbimg.com%2FddYNpmVHXmNqEXIhX0Frckzr1IE%3D%2F1200x%2Fsmart%2Ffilters%3Acover%28%29%3Astrip_icc%28%29%2Fi.s3.glbimg.com%2Fv1%2FAUTH_59edd422c0c84a879bd37670ae4f538a%2Finternal_photos%2Fbs%2F2019%2Fx%2FD%2F8P8MQ4THizS9AOjsrr5g%2F08auto.jpg&_nc_hash=AQBXdvMkRTAIcspA,1830,107,171,738,1415,37,True
2019-05-08T16:46:20+0000,904277726319518_2300024360078174,partir amanha caravana lula livre haddad espirito santo rio janeiro sao paulo,partir amanha caravana lula livre fh espirito santo rio janeiro sao paulo,241,added_photos,https://scontent-gru1-1.xx.fbcdn.net/v/t1.0-9/p720x720/59750499_2300024320078178_557911999732776960_n.jpg?_nc_cat=101&_nc_sid=110474&_nc_ohc=mo06qG_M8J8AX_X5LCo&_nc_ht=scontent-gru1-1.xx&_nc_tp=6&oh=14c8fba1e9c65920a872e96a5442a695&oe=5EACE7B2,2483,104,15,1,4,587,True
2019-05-08T11:26:21+0000,904277726319518_2299621146785162,nessa sextafeira h rio janeiro,nessa sextafeira h rio janeiro,1514,added_photos,https://scontent-gru1-1.xx.fbcdn.net/v/t1.0-9/p720x720/60085996_2299621113451832_4500786243402989568_n.jpg?_nc_cat=108&_nc_sid=110474&_nc_ohc=bFL9TQCKoyAAX903uD-&_nc_ht=scontent-gru1-1.xx&_nc_tp=6&oh=b4321d16b19f1b31e5c32e99bf549d43&oe=5EAFFA42,8478,251,29,2,12,1620,True
2019-05-07T11:37:00+0000,904277726319518_2298065733607370,existem nacionalistas brasil estao instituicoes ensino professores tecnicos estudantes orgulho esperanca,existem nacionalistas brasil estao instituicoes ensino professores tecnicos estudantes orgulho esperanca,558,mobile_status_update,None,9636,93,17,6,1,1620,True
2019-05-06T23:40:17+0000,904277726319518_2297377747009502,inteligencia mundo unida contra aberracao,inteligencia mundo unida contra aberracao,22777,shared_story,https://external-gru1-1.xx.fbcdn.net/safe_image.php?d=AQDnnGOXHTFl21bv&url=https%3A%2F%2Fogimg.infoglobo.com.br%2Fsociedade%2F23646084-35b-9cd%2FFT1086A%2F652%2F82124828_BSBBrasiliaBrasil09-04-2019PAPresidente-Jair-Bolsonaro-durante-cerimonia.jpg&_nc_hash=AQD5b79DgqYaTDWF,30084,1309,192,79,66,6268,True
2019-05-06T11:39:27+0000,904277726319518_2296535033760440,le monde cobre desmonte educacao brasil,le monde cobre desmonte educacao brasil,1846,shared_story,https://external-gru1-1.xx.fbcdn.net/safe_image.php?d=AQB68gR27046dCDO&url=https%3A%2F%2Fimg.lemde.fr%2F2019%2F04%2F09%2F131%2F0%2F4000%2F1994%2F1440%2F720%2F60%2F0%2F7b3cafe_b5659180def948158e0a6896e69aa065-b5659180def948158e0a6896e69aa065-0.jpg&_nc_hash=AQC-BgXxtbT2vHxj,4325,42,43,1592,649,23,True
2019-05-06T02:03:59+0000,904277726319518_2295960217151255,ilha flores eleito melhor curta brasileiro todos tempos,ilha flores eleito melhor curta brasileiro todos tempos,1704,shared_story,https://external-gru1-1.xx.fbcdn.net/safe_image.php?d=AQB__J5N9v6emc35&w=480&h=360&url=https%3A%2F%2Fi.ytimg.com%2Fvi%2FbVjhNaX57iA%2Fhqdefault.jpg&crop&_nc_hash=AQAlm0CXbN-ovHU-,9098,12,110,30,3,1923,True
2019-05-05T22:01:01+0000,904277726319518_2295629920517618,universidade federal cada vez cara brasil alunos universidades federais sao classes d,universidade federal cada vez cara brasil alunos universidades federais sao classes d,3096,shared_story,https://external-gru1-1.xx.fbcdn.net/safe_image.php?d=AQCamFSf4qxogi5P&url=https%3A%2F%2Fimg.estadao.com.br%2Fresources%2Fjpg%2F7%2F0%2F1471567358607.jpg&_nc_hash=AQDHzzMw_AAwzfDN,9860,65,39,56,5,1270,True
2019-05-05T20:53:05+0000,904277726319518_2295628550517755,governo bolsonaro bate retirada ministro bolsonaro cancela roadshow europa apos criticas sobre desmatamento,governo jb bate retirada ministro jb cancela roadshow europa apos criticas sobre desmatamento,914,shared_story,https://external-gru1-1.xx.fbcdn.net/safe_image.php?d=AQAEKHx82WxTT8LS&url=http%3A%2F%2Fambiencia.blogfolha.uol.com.br%2Ffiles%2F2018%2F12%2Fsalles.jpg&_nc_hash=AQA8qbTwDGXYugxt,3034,948,39,24,31,257,True
2019-05-04T17:46:26+0000,904277726319518_2293744267372850,voce medo redetv decidiu nao exibir entrevista lula feita ontem kennedy alencar registrese emissora entrou reclamacao junto stf garantir direito entrevistar expresidente,voce medo redetv decidiu nao exibir entrevista lula feita ontem kennedy alencar registrese emissora entrou reclamacao junto stf garantir direito entrevistar expresidente,1283,mobile_status_update,None,12300,228,1146,471,1898,83,True
2019-05-04T15:29:25+0000,904277726319518_2293567957390481,coluna folha spaulo temas geradores,coluna folha spaulo temas geradores,265,shared_story,https://external-gru1-1.xx.fbcdn.net/safe_image.php?d=AQBWuBmytJDQc_Zr&url=https%3A%2F%2Ff.i.uol.com.br%2Ffotografia%2F2018%2F11%2F03%2F15412679485bdde1eca592f_1541267948_3x2_rt.jpg&_nc_hash=AQDNWQ54XDxIRsgz,2807,70,21,4,2,546,True
2019-05-01T15:31:24+0000,904277726319518_827593587608665,fernando haddad fala ato dia trabalhador vale anhangabau,fh fala ato dia trabalhador vale anhangabau,7146,added_video,https://scontent-gru2-2.xx.fbcdn.net/v/t15.5256-10/57840176_827594474275243_1318932401597972480_n.jpg?_nc_cat=105&_nc_sid=ad6a45&_nc_ohc=riEWh1unSzYAX_6JGaH&_nc_ht=scontent-gru2-2.xx&oh=4dc01fb81f79b64c1e3ffe444962d9c4&oe=5EAD1964,18765,326,89,17,102,7184,True
2019-05-01T12:11:57+0000,904277726319518_2288507961229814,vexame fim companhia aerea delta airlines consultoria bain company desistiram apoiar premiacao pessoa ano promovida camara comercio brasilestados unidos motivo homenageado,vexame fim companhia aerea delta airlines consultoria bain company desistiram apoiar premiacao pessoa ano promovida camara comercio brasilestados unidos motivo homenageado,9127,shared_story,https://external-gru1-1.xx.fbcdn.net/safe_image.php?d=AQCBU7qM2hkpXVtv&url=https%3A%2F%2Fcatracalivre.com.br%2Fwp-content%2Fuploads%2F2019%2F04%2Fbolsonaro-3-1.jpg&_nc_hash=AQA454sYRDpCMpow,14044,6704,179,63,45,2514,True
2019-04-30T23:02:40+0000,904277726319518_2287702264643717,bolsominions estao espalhando tweet falso atribuido mim cuidado fascistas sao pessoas abobalhadas perigosas feliz maio dia bozos nao comemoram tempo contra qualquer intervencao militar venezuela favoravel saida pacifica principio autodeterminacao povos tivessemos presidente nao farsa ridicula poderiamos ser parte solucao sempre nao vergonha mundial,bolsominions estao espalhando tweet falso atribuido mim cuidado fascistas sao pessoas abobalhadas perigosas feliz maio dia bozos nao comemoram tempo contra qualquer intervencao militar venezuela favoravel saida pacifica principio autodeterminacao povos tivessemos presidente nao farsa ridicula poderiamos ser parte solucao sempre nao vergonha mundial,3819,added_photos,https://scontent-gru1-1.xx.fbcdn.net/v/t1.0-9/s720x720/58741755_2287702044643739_3186026570036805632_n.jpg?_nc_cat=101&_nc_sid=110474&_nc_ohc=aMGS-0EVcf0AX-IZOHH&_nc_ht=scontent-gru1-1.xx&_nc_tp=7&oh=229f594d32f8974db812e15081d7c5bd&oe=5EAF24F3,12081,176,78,161,812,841,True
2019-04-30T11:50:47+0000,904277726319518_2286906801389930,bolsonaro trocou ministro educacao ridiculo outro ridiculo autoritario,jb trocou ministro educacao ridiculo outro ridiculo autoritario,3495,shared_story,https://external-gru1-1.xx.fbcdn.net/safe_image.php?d=AQCL2Jyug9ogqOh7&url=https%3A%2F%2Fimg.estadao.com.br%2Fresources%2Fjpg%2F6%2F5%2F1556588844056.jpg&_nc_hash=AQAwr9bSYcEzx0a9,10815,141,107,2729,4172,94,True
2019-04-29T20:00:41+0000,904277726319518_2286018791478731,novos casos suspeitos preciso investigar evolucao patrimonial bolsonaro,novos casos suspeitos preciso investigar evolucao patrimonial jb,2988,shared_story,https://external-gru1-1.xx.fbcdn.net/safe_image.php?d=AQBtS-mqnqVFoAOi&url=https%3A%2F%2Fi2.wp.com%2Fapublica.org%2Fwp-content%2Fuploads%2F2019%2F04%2Fcracha.jpg%3Ffit%3D1280%252C853%26ssl%3D1&_nc_hash=AQAtWOuliKzbAHLG,7376,616,301,69,1056,79,True
2019-04-28T22:24:54+0000,904277726319518_2284583181622292,espanha portugal ate aqui seguem caminho unidade progressista contra extremadireita exemplos serem seguidos,espanha portugal ate aqui seguem caminho unidade progressista contra extremadireita exemplos serem seguidos,488,mobile_status_update,None,8670,143,13,5,5,1627,True
2019-04-28T17:03:44+0000,904277726319518_2284225318324745, , ,1397,mobile_status_update,https://scontent-gru2-1.xx.fbcdn.net/v/t15.5256-10/57297958_286352172284007_3559269986952282112_n.jpg?_nc_cat=109&_nc_sid=ad6a45&_nc_ohc=20sx0eSImhoAX84lYvz&_nc_ht=scontent-gru2-1.xx&oh=ce3a1c78f4543f18270444e07353126b&oe=5EACB6B8,7650,109,30,7,19,2395,False
2019-04-28T14:38:17+0000,904277726319518_2284007741679836, , ,6347,shared_story,https://external-gru1-1.xx.fbcdn.net/safe_image.php?d=AQBoI7pFqnxrMRRY&url=https%3A%2F%2Fwww.cartacapital.com.br%2Fwp-content%2Fuploads%2F2019%2F04%2FLula_festival_lula_livre_04.jpg&_nc_hash=AQAcV4Hu8B1huEFT,23574,554,85,6,35,5955,False
2019-04-27T19:49:58+0000,904277726319518_2282474828499794,parece bolsonaro mandou substituir propaganda banco brasil tanoar,parece jb mandou substituir propaganda banco brasil tanoar,7292,added_video,https://scontent-gru2-1.xx.fbcdn.net/v/t15.13418-10/57218078_574829273015334_5631395148093980672_n.jpg?_nc_cat=107&_nc_sid=ad6a45&_nc_ohc=TIyU_rary3YAX-Eh5Zc&_nc_ht=scontent-gru2-1.xx&oh=60a6f2055018a20608b3255738fe4a62&oe=5EAF31E5,10362,3011,138,476,104,1199,True
2019-04-27T14:40:45+0000,904277726319518_2282470235166920,excelente entrevista antropologa rosana pinheiromachado,excelente entrevista antropologa rosana pinheiromachado,1166,shared_story,https://external-gru1-1.xx.fbcdn.net/safe_image.php?d=AQAepsXIQjW5RPcb&url=https%3A%2F%2Ff.i.uol.com.br%2Ffotografia%2F2019%2F03%2F04%2F15516988345c7d0b92312b2_1551698834_3x2_xl.jpg&_nc_hash=AQB-x8gyNh_tDmg1,5234,80,60,250,11,229,True
2019-04-27T13:20:31+0000,904277726319518_2282345448512732,forca lula inversamente proporcional cobertura entrevista descomunal,forca lula inversamente proporcional cobertura entrevista descomunal,329,mobile_status_update,None,10208,262,39,9,7,2696,True
2019-04-26T21:12:56+0000,904277726319518_2281400251940585,direito expressao sagrado ano cerceamento lula autorizado conceder entrevistas folha el pais saem frente,direito expressao sagrado ano cerceamento lula autorizado conceder entrevistas folha el pais saem frente,3613,added_photos,https://scontent-gru1-1.xx.fbcdn.net/v/t1.0-9/s720x720/58378173_2281400231940587_5911983136748601344_n.jpg?_nc_cat=108&_nc_sid=110474&_nc_ohc=7A3Yenu2e_QAX88ak4I&_nc_ht=scontent-gru1-1.xx&_nc_tp=7&oh=1482da88bf6f9c1111adad660ecbd4d6&oe=5EACAE26,17632,346,64,18,22,5319,True
2019-04-26T21:02:14+0000,904277726319518_2281390071941603,entrevista dei poder,entrevista dei poder,415,shared_story,https://external-gru1-1.xx.fbcdn.net/safe_image.php?d=AQB5Xerwj6aebcWX&url=https%3A%2F%2Fstatic.poder360.com.br%2F2019%2F04%2Funnamed-1200x630.jpg&_nc_hash=AQAif_dL6GIGqOOX,2862,141,13,5,4,382,True
2019-04-26T12:17:05+0000,904277726319518_2280725672008043,entrevista dei poder,entrevista dei poder,682,shared_story,https://external-gru1-1.xx.fbcdn.net/safe_image.php?d=AQB5Xerwj6aebcWX&url=https%3A%2F%2Fstatic.poder360.com.br%2F2019%2F04%2Funnamed-1200x630.jpg&_nc_hash=AQAif_dL6GIGqOOX,3557,203,16,5,9,455,True
2019-04-26T00:56:31+0000,904277726319518_2280088555405088, , ,172,mobile_status_update,https://scontent-gru1-1.xx.fbcdn.net/v/t15.5256-10/56956603_412833099542456_5655122797999947776_n.jpg?_nc_cat=101&_nc_sid=ad6a45&_nc_ohc=YrzNMzdiyDcAX9HXiyJ&_nc_ht=scontent-gru1-1.xx&oh=788dc695370a26f5e5f8e53c491eea71&oe=5EAD21C4,1299,52,4,7,7,142,False
2019-04-25T23:50:44+0000,904277726319518_2280026288744648,excelente estar estudantes unb discutindo papel educacao defesa democracia foto lula marques,excelente estar estudantes unb discutindo papel educacao defesa democracia foto lula marques,437,added_photos,https://scontent-gru1-1.xx.fbcdn.net/v/t1.0-9/s720x720/59129528_2280026265411317_4507639971825319936_n.jpg?_nc_cat=101&_nc_sid=110474&_nc_ohc=8ewmEdAFj-IAX9lvH_q&_nc_ht=scontent-gru1-1.xx&_nc_tp=7&oh=6fb9411ea8fd9861657bc450f553bf7d&oe=5EAD14AA,3603,60,21,0,3,839,True
2019-04-25T21:50:38+0000,904277726319518_2279896205424323,hoje acampamento terra livre brasilia apoiando causa indigena fotos ricardo stuckert,hoje acampamento terra livre brasilia apoiando causa indigena fotos ricardo stuckert,1411,added_photos,https://scontent-gru1-1.xx.fbcdn.net/v/t1.0-9/s720x720/58781497_2279896038757673_1573523666174476288_n.jpg?_nc_cat=110&_nc_sid=110474&_nc_ohc=5cHeYMZNEvwAX_lLQu4&_nc_ht=scontent-gru1-1.xx&_nc_tp=7&oh=7c48bd60626f66e11112eb44371938f5&oe=5EAF93F8,9163,155,31,0,8,2493,True
2019-04-24T23:44:04+0000,904277726319518_2278495672231043, , ,642,mobile_status_update,https://scontent-gru2-1.xx.fbcdn.net/v/t15.5256-10/57299438_1264537240365814_7210028034349334528_n.jpg?_nc_cat=109&_nc_sid=ad6a45&_nc_ohc=mc2jvKsRsVkAX8imeCt&_nc_ht=scontent-gru2-1.xx&oh=c55bcf6d5b789e9183d5fdc64cd7892a&oe=5EAC7341,4004,145,15,2,19,1196,False
2019-04-24T13:12:27+0000,904277726319518_2277801198967157,brasil fecha mil vagas formais marco mostra caged,brasil fecha mil vagas formais marco mostra caged,1176,shared_story,https://external-gru1-1.xx.fbcdn.net/safe_image.php?url=https%3A%2F%2Ff.i.uol.com.br%2Ffotografia%2F2019%2F03%2F27%2F15536625705c9b026a3ceb3_1553662570_3x2_rt.jpg&_nc_hash=AQAHRLEx5b0n_XcL,1682,22,43,846,303,11,True
2019-04-22T21:29:04+0000,904277726319518_2275220079225269,fala sobre lula maiores juristas vivos italiano luigi ferrajoli,fala sobre lula maiores juristas vivos italiano luigi ferrajoli,2476,added_video,https://scontent-gru2-1.xx.fbcdn.net/v/t15.5256-10/57125852_644111849426247_5030618515753664512_n.jpg?_nc_cat=111&_nc_sid=ad6a45&_nc_ohc=7wFx3dwA0V8AX_jU47k&_nc_ht=scontent-gru2-1.xx&oh=abba6c236b111e79d691e2149a5efacb&oe=5EAE90F1,4598,80,27,10,5,694,True
2019-04-22T17:45:06+0000,904277726319518_2274929405921003,california uber alles california acima todos vale pena ouvir punk rock premonitorio ilustracao cristiano suarez artist,california uber alles california acima todos vale pena ouvir punk rock premonitorio ilustracao cristiano suarez artist,803,added_photos,https://scontent-gru1-1.xx.fbcdn.net/v/t1.0-9/s720x720/57558627_2274929392587671_5722625952882622464_n.jpg?_nc_cat=110&_nc_sid=110474&_nc_ohc=HSpw6rIsaogAX-m0DTz&_nc_ht=scontent-gru1-1.xx&_nc_tp=7&oh=283695c29fd9da4ae59e8a75f566e8b4&oe=5EAFC818,5283,128,278,22,2,1323,True
2019-04-22T12:06:18+0000,904277726319518_2274500849297192,marcha re bolsonaro volta atras deleta canal video ataques olavo militares,marcha re jb volta atras deleta canal video ataques olavo militares,675,shared_story,https://external-gru1-1.xx.fbcdn.net/safe_image.php?d=AQB34Ur_tCSDtRjX&url=https%3A%2F%2Fpainel.blogfolha.uol.com.br%2Ffiles%2F2019%2F03%2F15519110985c8048bab75c3_1551911098_3x2_rt.jpg&_nc_hash=AQAk8HJ4nQQErtXY,2297,1407,95,10,157,16,True
2019-04-21T13:40:42+0000,904277726319518_2273091936104750,imagine boa pascoa,imagine boa pascoa,3058,added_video,https://scontent-gru2-1.xx.fbcdn.net/v/t15.5256-10/56817383_769684250099786_6018662127152136192_n.jpg?_nc_cat=109&_nc_sid=ad6a45&_nc_ohc=1Le5b1KCdLIAX_Ct8G0&_nc_ht=scontent-gru2-1.xx&oh=f94c7698b8d45580587baae1e051a968&oe=5EADF18A,6145,566,75,43,6,1849,True
2019-04-19T14:01:05+0000,904277726319518_2269534843127126,bolsonaro campanha eleitoral mentiu sobre petrobras diz agora ter simpatia inicial privatizacao companhia,jb campanha eleitoral mentiu sobre petrobras diz agora ter simpatia inicial privatizacao companhia,2051,shared_story,https://external-gru1-1.xx.fbcdn.net/safe_image.php?d=AQCLPUkqD-yTnBdA&url=https%3A%2F%2Fs.glbimg.com%2Fjo%2Fg1%2Fstatic%2Flive%2Fimagens%2Fimg_facebook.png&_nc_hash=AQBnV-UTKFWHoZzY,4351,370,91,277,2399,67,True
2019-04-17T11:22:18+0000,904277726319518_2266413253439285,segundo ambientalista alfredo sirkis fundador pv havendo governo bolsonaro liquidacao sistema protecao meio ambiente construido ultimos anos,segundo ambientalista alfredo sirkis fundador pv havendo governo jb liquidacao sistema protecao meio ambiente construido ultimos anos,734,shared_story,https://external-gru1-1.xx.fbcdn.net/safe_image.php?d=AQBccLkpFJ-d2n8o&url=https%3A%2F%2Ff.i.uol.com.br%2Ffotografia%2F2019%2F04%2F15%2F15553597065cb4e7da0325e_1555359706_3x2_rt.jpg&_nc_hash=AQDLwwNsWZQy-mrZ,1536,20,14,604,488,7,True
2019-04-16T20:28:42+0000,904277726319518_2265569366857007,sera bilionarios brasileiros mobilizarao reconstruir museu nacional calma so pergunta bilionarios mobilizam reconstruir notredame,sera bilionarios brasileiros mobilizarao reconstruir museu nacional calma so pergunta bilionarios mobilizam reconstruir notredame,4089,shared_story,https://external-gru1-1.xx.fbcdn.net/safe_image.php?d=AQAapqb8qGz6o1zg&url=https%3A%2F%2Fs2.glbimg.com%2FMRdzMk7i4ibl1EsVQax9yaISTEE%3D%2F1200x%2Fsmart%2Ffilters%3Acover%28%29%3Astrip_icc%28%29%2Fi.s3.glbimg.com%2Fv1%2FAUTH_59edd422c0c84a879bd37670ae4f538a%2Finternal_photos%2Fbs%2F2019%2F0%2FH%2F0PtKs4Q9GPML5pEaMrwQ%2F3.gif&_nc_hash=AQD8D3tdutjGMOM5,22178,1695,199,412,90,2295,True
2019-04-15T18:38:51+0000,904277726319518_2263995143681096,predios historicos sao corpo humanidade sao pedaco gente dao prazer vistos tocados doem ardem desabam,predios historicos sao corpo humanidade sao pedaco gente dao prazer vistos tocados doem ardem desabam,752,mobile_status_update,None,7581,18,11,2965,4,437,True
2019-04-15T13:36:54+0000,904277726319518_2263640573716553,recorde relacao crescimento faturamento publicitario record junto secom primeiro trimestre valor ja considerando variacao inflacao periodo,recorde relacao crescimento faturamento publicitario record junto secom primeiro trimestre valor ja considerando variacao inflacao periodo,4822,shared_story,https://external-gru1-1.xx.fbcdn.net/safe_image.php?d=AQDWEedBDIOamMd9&url=https%3A%2F%2Fconteudo.imguol.com.br%2Fc%2Fnoticias%2F4f%2F2019%2F01%2F24%2F23jan2019---o-presidente-jair-bolsonaro-durante-entrevista-para-a-tv-record-1548335009488_v2_615x300.jpg&_nc_hash=AQCUD0PyPcwDljtk,5835,671,324,231,1973,34,True
2019-04-15T10:43:21+0000,904277726319518_2263440810403196,menos transparencia controle social canetada bolsonaro extingue conselhos federais atuacao sociedade civil,menos transparencia controle social canetada jb extingue conselhos federais atuacao sociedade civil,1242,shared_story,https://external-gru1-1.xx.fbcdn.net/safe_image.php?d=AQDnQt4smIjAA5NI&url=https%3A%2F%2Ff.i.uol.com.br%2Ffotografia%2F2019%2F03%2F26%2F15536320405c9a8b28b5bc6_1553632040_3x2_rt.jpg&_nc_hash=AQBNJPkE5onQNzMg,2568,51,50,991,1764,27,True
2019-04-14T23:08:00+0000,904277726319518_2262710450476232,leitura obrigatoria,leitura obrigatoria,725,shared_story,https://external-gru1-1.xx.fbcdn.net/safe_image.php?d=AQAli-pJcrXp2koH&url=https%3A%2F%2Fwww.cartacapital.com.br%2Fwp-content%2Fuploads%2F2019%2F04%2FAMORIMCORTADA.jpg&_nc_hash=AQCYinsD41UEWRBa,2824,50,11,14,1,173,True
2019-04-14T21:57:00+0000,904277726319518_2262701993810411,paulo freire terceiro pensador citado trabalhos mundo,paulo freire terceiro pensador citado trabalhos mundo,14825,shared_story,https://external-gru1-1.xx.fbcdn.net/safe_image.php?d=AQBxhIbx4ajAyD7m&url=https%3A%2F%2Fwww.nexojornal.com.br%2Fincoming%2Fimagens%2Ffreire-2.jpg%2FALTERNATES%2FLANDSCAPE_720%2Ffreire-2.jpg&_nc_hash=AQB0lNJHhFTWRL33,23504,75,159,8,14,5651,True
2019-04-14T21:26:18+0000,904277726319518_2262700593810551,morre anos atriz bibi andersson musa ingmar bergman setimo selo filme obrigatorio vale homenagem,morre anos atriz bibi andersson musa ingmar bergman setimo selo filme obrigatorio vale homenagem,523,shared_story,https://external-gru1-1.xx.fbcdn.net/safe_image.php?d=AQDqmW3yXoJieLfW&url=https%3A%2F%2Fs2.glbimg.com%2FwjzW56CprK3nzLN-MtfC2jwEcW4%3D%2F1200x%2Fsmart%2Ffilters%3Acover%28%29%3Astrip_icc%28%29%2Fi.s3.glbimg.com%2Fv1%2FAUTH_59edd422c0c84a879bd37670ae4f538a%2Finternal_photos%2Fbs%2F2019%2Fq%2Fc%2FDTxnt9TJqdAr7zJAzpFA%2Fbibi-andersson-1961-.jpg&_nc_hash=AQCEM4Dvj4_FOPjW,4318,5,28,1201,3,215,True
2019-04-14T14:07:09+0000,904277726319518_2262185507195393,bolsonaro desautoriza operacao andamento ibama contra madeira ilegal rondonia,jb desautoriza operacao andamento ibama contra madeira ilegal rondonia,10732,shared_story,https://external-gru1-1.xx.fbcdn.net/safe_image.php?d=AQBe55MlbWFJFLS7&url=https%3A%2F%2Ff.i.uol.com.br%2Ffotografia%2F2019%2F04%2F13%2F15552024315cb2817fdef88_1555202431_3x2_rt.jpg&_nc_hash=AQD-c7V6IbmVKEDj,4959,61,258,2369,5585,15,True
2019-04-13T22:30:24+0000,904277726319518_2261307453949865,nazismo esquerda bolsonaro nao perdoado holocausto,nazismo esquerda jb nao perdoado holocausto,1332,mobile_status_update,None,12731,2108,54,57,15,1531,True
2019-04-12T13:53:51+0000,904277726319518_2259306477483296, , ,5702,mobile_status_update,https://external-gru1-1.xx.fbcdn.net/safe_image.php?d=AQApIsOqNWNUIPWd&url=https%3A%2F%2Fpolitica.estadao.com.br%2Fblogs%2Festadao-verifica%2Fwp-content%2Fuploads%2Fsites%2F690%2F2019%2F04%2Ffernando-haddad-helvio-romero-estadao.jpg&_nc_hash=AQB8sU7xyOedTMgw,15863,152,108,777,389,1957,False
2019-04-11T11:50:04+0000,904277726319518_2257668610980416,ate outro dia comunidade internacional reconhecia paulo freire maior filosofo brasileiro extremadireita quer convencela verdade senhor ps nao nao filme woody allen patrocinado cocacola,ate outro dia comunidade internacional reconhecia paulo freire maior filosofo brasileiro extremadireita quer convencela verdade senhor ps nao nao filme woody allen patrocinado cocacola,1714,added_video,https://scontent-gru1-1.xx.fbcdn.net/v/t15.5256-10/56786413_587633171715241_5794713396943257600_n.jpg?_nc_cat=101&_nc_sid=ad6a45&_nc_ohc=sZ9VluP-G7sAX-SDkRF&_nc_ht=scontent-gru1-1.xx&oh=355d668c76b27bbac97e7a1832997eff&oe=5EAF00AB,2772,3053,157,341,839,26,True
2019-04-10T21:51:30+0000,904277726319518_2256868664393744,ricupero respeitados embaixadores brasileiros exterior analisa dias mudaram pior posicao brasil mundo,ricupero respeitados embaixadores brasileiros exterior analisa dias mudaram pior posicao brasil mundo,437,shared_story,https://external-gru1-1.xx.fbcdn.net/safe_image.php?d=AQCtY-oxz_dNREX9&url=https%3A%2F%2Fconteudo.imguol.com.br%2F66%2F2019%2F02%2F11%2Fjamil-chade-facebook-1549911067141_956x500.png&_nc_hash=AQCQgyFTg-kA5T8A,1492,74,20,324,14,10,True
2019-04-10T21:07:00+0000,904277726319518_2256769814403629,cada novo ministro educacao troca militar exsecretario haddad sao paulo,cada novo ministro educacao troca militar exsecretario fh sao paulo,911,shared_story,https://external-gru1-1.xx.fbcdn.net/safe_image.php?d=AQCnhbI8aZrGKKpt&url=https%3A%2F%2Fconteudo.imguol.com.br%2Fc%2Fnoticias%2F79%2F2019%2F04%2F08%2Fabraham-weintraub-fala-durante-encontro-com-os-que-eram-cotados-para-serem-ministros-durante-no-gabinete-de-transicao-de-jair-bolsonaro-em-dezembro-de-2018-1554738370374_v2_615x300.jpg&_nc_hash=AQCk1WyJAaZlHInb,3725,1289,326,22,42,85,True
2019-04-10T20:21:04+0000,904277726319518_2256762054404405,jair aumentou gasolina deu ruim inflacao acelera marco maior taxa mes desde,jb aumentou gasolina deu ruim inflacao acelera marco maior taxa mes desde,2765,shared_story,https://external-gru1-1.xx.fbcdn.net/safe_image.php?d=AQCtYIodzzFjMIlz&url=https%3A%2F%2Fs2.glbimg.com%2FtNUc76DLxI10gt-OTEpAdtzxYws%3D%2F1200x%2Fsmart%2Ffilters%3Acover%28%29%3Astrip_icc%28%29%2Fs01.video.glbimg.com%2Fx720%2F7530000.jpg&_nc_hash=AQCQbs9kECUt97Mt,5204,603,137,625,267,27,True
2019-04-09T20:56:37+0000,904277726319518_2255271361220141, , ,5328,added_photos,https://scontent-gru2-2.xx.fbcdn.net/v/t1.0-9/56644776_2255268084553802_3313814229483520000_n.jpg?_nc_cat=106&_nc_sid=8024bb&_nc_ohc=otXiNqMMweQAX-8VKTi&_nc_ht=scontent-gru2-2.xx&oh=8519234d3a49b56b4474be7720308938&oe=5EAD4BA6,15244,401,1193,58,44,1474,False
2019-04-09T17:28:02+0000,904277726319518_2255045671242710, , ,447,added_video,https://scontent-gru2-1.xx.fbcdn.net/v/t15.5256-10/54607013_1051938495006272_928335319646863360_n.jpg?_nc_cat=109&_nc_sid=ad6a45&_nc_ohc=J6jk2VNFOoAAX99oheP&_nc_ht=scontent-gru2-1.xx&oh=6e12c8944d4a8832f2a336dd3b322496&oe=5EAC2127,1773,47,9,22,0,621,False
2019-04-08T23:07:01+0000,904277726319518_2253902294690381, , ,54,mobile_status_update,https://scontent-gru2-1.xx.fbcdn.net/v/t15.5256-10/cp0/s12x12/55604132_324275508287288_7967850008428937216_n.jpg?_nc_cat=111&_nc_sid=ad6a45&_nc_ohc=zTyyoXTiC9wAX9Qol-F&_nc_ht=scontent-gru2-1.xx&oh=52ad96946876c3b6867e2b9da05e537a&oe=5EAEE66A,655,15,13,0,3,84,False
2019-04-08T16:04:45+0000,904277726319518_2253414111405866,vamos continuar lutando direitos povo lula povo vamos continuar lutando tambem direitos nasceu entranhas desse pais nao nenhum privilegio vida superou todos obstaculos criou partido central sindical abracou movimento popular pra subir rampa planalto fazer diferenca vida povo brasileiro vamos estar ruas defendendo democracia direitos sociais lula livre video ricardo stuckert,vamos continuar lutando direitos povo lula povo vamos continuar lutando tambem direitos nasceu entranhas desse pais nao nenhum privilegio vida superou todos obstaculos criou partido central sindical abracou movimento popular pra subir rampa planalto fazer diferenca vida povo brasileiro vamos estar ruas defendendo democracia direitos sociais lula livre video ricardo stuckert,2748,added_video,https://scontent-gru1-1.xx.fbcdn.net/v/t15.5256-10/55917745_417016095724170_7780427295012945920_n.jpg?_nc_cat=110&_nc_sid=ad6a45&_nc_ohc=J9kOVa7cSyUAX_JwImJ&_nc_ht=scontent-gru1-1.xx&oh=3d7aa0e2a32e90450d6d8ef335f9c59c&oe=5EAE5FDD,8866,211,35,9,10,1818,True
2019-04-07T20:52:56+0000,904277726319518_2252248768189067,lulalivre fotos ricardo stuckert,lulalivre fotos ricardo stuckert,560,added_photos,https://scontent-gru1-1.xx.fbcdn.net/v/t1.0-0/p552x414/56547434_2252248138189130_5606388748985040896_n.jpg?_nc_cat=110&_nc_sid=110474&_nc_ohc=HOIvsFghzAYAX_ArDLb&_nc_ht=scontent-gru1-1.xx&_nc_tp=6&oh=2d9fbbf42d136766b3960781ea5c11f5&oe=5EAED5F4,6307,233,27,5,9,1518,True
2019-04-07T15:04:31+0000,904277726319518_2251846551562622, , ,124,mobile_status_update,https://scontent-gru1-1.xx.fbcdn.net/v/t15.5256-10/cp0/s12x12/56542228_825745804459832_8044093593557663744_n.jpg?_nc_cat=101&_nc_sid=ad6a45&_nc_ohc=FvakeRPknCUAX9f_eH1&_nc_ht=scontent-gru1-1.xx&oh=e8ba15566bf0636dd10829010a26a777&oe=5EAFFF5E,1296,83,4,2,3,263,False
2019-04-06T15:41:31+0000,904277726319518_2250375315043079, , ,228,mobile_status_update,https://scontent-gru2-2.xx.fbcdn.net/v/t15.5256-10/cp0/s12x12/54602488_1229931377178480_7189822326345564160_n.jpg?_nc_cat=106&_nc_sid=ad6a45&_nc_ohc=Exm-vq0ePu4AX9QE8RW&_nc_ht=scontent-gru2-2.xx&oh=39a24cee1d8e4efbe7854c250ef25e4c&oe=5EAE6811,1606,88,6,2,4,429,False
2019-04-06T15:41:05+0000,904277726319518_2250374848376459, , ,204,mobile_status_update,https://scontent-gru1-1.xx.fbcdn.net/v/t15.5256-10/cp0/s12x12/54602141_426503001494514_4147839433179136000_n.jpg?_nc_cat=103&_nc_sid=ad6a45&_nc_ohc=sbT1tnGin68AX_AuCWl&_nc_ht=scontent-gru1-1.xx&oh=e65287e94a6564aadcb559f80eca092e&oe=5EAC5E09,1619,64,7,1,5,305,False
2019-04-06T14:04:33+0000,904277726319518_2250229258391018,porto alegre atos defesa democracia direitos sociais lulalivre fotos ricardo stuckert,porto alegre atos defesa democracia direitos sociais lulalivre fotos ricardo stuckert,495,added_photos,https://scontent-gru2-1.xx.fbcdn.net/v/t1.0-9/s720x720/56510903_2250228788391065_3220080261920194560_n.jpg?_nc_cat=109&_nc_sid=110474&_nc_ohc=a3uKmZ-ogQwAX-CMlTr&_nc_ht=scontent-gru2-1.xx&_nc_tp=7&oh=d118c2823d7a41e6a0258471809aac4a&oe=5EAF4356,4634,204,26,2,10,1280,True
2019-04-06T13:48:56+0000,904277726319518_2250177555062855, , ,192,added_photos,https://scontent-gru1-1.xx.fbcdn.net/v/t1.0-9/s720x720/56483238_2250168151730462_6376617371754299392_o.jpg?_nc_cat=101&_nc_sid=dd9801&_nc_ohc=hCTxQKNN8dkAX9dC6hN&_nc_ht=scontent-gru1-1.xx&_nc_tp=7&oh=d27c71619715d0ab48df40f1b0dd114b&oe=5EAD720B,4337,224,35,7,12,1564,False
2019-04-06T01:10:04+0000,904277726319518_2249415515139059, , ,124,mobile_status_update,https://scontent-gru1-1.xx.fbcdn.net/v/t15.5256-10/cp0/s12x12/52450183_664675094002358_7793971105013694464_n.jpg?_nc_cat=108&_nc_sid=ad6a45&_nc_ohc=-QR_Y6vMmWYAX9p5iwk&_nc_ht=scontent-gru1-1.xx&oh=898f88fdc99c29ade0625faa52e45864&oe=5EADB344,1200,45,8,0,2,296,False
2019-04-06T01:09:20+0000,904277726319518_2249414711805806, , ,71,mobile_status_update,https://scontent-gru2-1.xx.fbcdn.net/v/t15.5256-10/cp0/s12x12/55933577_2328740030745137_8872912485141708800_n.jpg?_nc_cat=107&_nc_sid=ad6a45&_nc_ohc=ChWqrvAf0aYAX-uA_fW&_nc_ht=scontent-gru2-1.xx&oh=8f49b42a5c6d16b8807acd055f396b48&oe=5EAFD15D,786,30,5,0,5,166,False
2019-04-05T21:59:45+0000,904277726319518_2249225388491405, , ,254,mobile_status_update,https://scontent-gru2-2.xx.fbcdn.net/v/t15.5256-10/cp0/s12x12/54604700_416261109176654_3387680953940836352_n.jpg?_nc_cat=105&_nc_sid=ad6a45&_nc_ohc=5qmKExCVaqgAX-7_r7m&_nc_ht=scontent-gru2-2.xx&oh=72d9fd53af1cc82b361f1c82d68a2c9d&oe=5EAC174C,1842,75,11,1,4,541,False
2019-04-05T20:20:27+0000,904277726319518_2626683184027653,fernando haddad manuela davila universidade federal rio grande sul porto alegre lulalivre,fh manuela davila universidade federal rio grande sul porto alegre lulalivre,1435,added_video,https://scontent-gru2-2.xx.fbcdn.net/v/t15.5256-10/54605071_2626685437360761_2706129438600331264_n.jpg?_nc_cat=100&_nc_sid=ad6a45&_nc_ohc=O6a3umCiDEcAX8MR0qJ&_nc_ht=scontent-gru2-2.xx&oh=d4b17661a0ad830cc6f779272fe7d6ee&oe=5EAE6FDB,6358,73,85,7,32,2520,True
2019-04-05T19:30:14+0000,904277726319518_2249062281841049, , ,270,mobile_status_update,https://scontent-gru2-2.xx.fbcdn.net/v/t15.5256-10/cp0/s12x12/54604646_584974555339187_4430032360917958656_n.jpg?_nc_cat=106&_nc_sid=ad6a45&_nc_ohc=BXBELr5HbmsAX_TeR4p&_nc_ht=scontent-gru2-2.xx&oh=dbb7dec3ff2538b5058b4acfc66c6a77&oe=5EAC8F7A,1971,48,14,0,5,507,False
2019-04-05T16:24:05+0000,904277726319518_2248838995196711, , ,102,mobile_status_update,https://scontent-gru2-2.xx.fbcdn.net/v/t15.5256-10/cp0/s12x12/55912543_479055712887391_5877259756384550912_n.jpg?_nc_cat=106&_nc_sid=ad6a45&_nc_ohc=qSg47x9lE1AAX8eWN7n&_nc_ht=scontent-gru2-2.xx&oh=0f4e4108b44649f7a4515f2f18b64e14&oe=5EADE86B,1043,26,30,0,1,238,False
2019-04-04T16:07:29+0000,904277726319518_2247318408682103,toda unanimidade burra,toda unanimidade burra,2361,shared_story,https://external-gru1-1.xx.fbcdn.net/safe_image.php?d=AQCaKe_bcevcZW3_&url=https%3A%2F%2Ff.i.uol.com.br%2Ffotografia%2F2019%2F01%2F03%2F15465376845c2e4ad412a21_1546537684_3x2_xl.jpg&_nc_hash=AQDu1UWRwYBMDuiv,8481,880,76,9,21,761,True
2019-04-04T13:33:30+0000,904277726319518_2247120742035203, , ,159,mobile_status_update,https://scontent-gru1-1.xx.fbcdn.net/v/t15.5256-10/cp0/s12x12/54607244_1956309767832121_2935045577659908096_n.jpg?_nc_cat=108&_nc_sid=ad6a45&_nc_ohc=FWlkabssUj8AX95CuXW&_nc_ht=scontent-gru1-1.xx&oh=26e118d601d81132bf2ec6b0e4902c01&oe=5EADE2D2,1617,74,2,0,3,364,False
2019-04-04T11:57:20+0000,904277726319518_2246962145384396,parabens equipe spcine incriveis conquistas spcine film comission setor spcine responsavel centralizar pedidos filmagem atrair producoes criadas cidade sao paulo sao paulo film commission empresa trouxe brasil episodios serie sense netflix agora negocia keanu reeves producao serie aqui bom lembrar criamos tambem salas publicas exibicao ceus cidade sao paulo vai transformando grande capital audiovisual,parabens equipe spcine incriveis conquistas spcine film comission setor spcine responsavel centralizar pedidos filmagem atrair producoes criadas cidade sao paulo sao paulo film commission empresa trouxe brasil episodios serie sense netflix agora negocia keanu reeves producao serie aqui bom lembrar criamos tambem salas publicas exibicao ceus cidade sao paulo vai transformando grande capital audiovisual,811,shared_story,https://external-gru1-1.xx.fbcdn.net/safe_image.php?d=AQBsBPKQg5R95cIh&url=https%3A%2F%2Ff.i.uol.com.br%2Ffotografia%2F2019%2F04%2F03%2F15543137005ca4f1e4b5d6b_1554313700_3x2_rt.jpg&_nc_hash=AQBs6rT5bayL33LX,10639,60,196,6,11,2029,True
2019-04-03T19:13:07+0000,904277726319518_2246016298812314,boa tradicao diplomatica brasileira mobiliza contra politica externa bolsonaro,boa tradicao diplomatica brasileira mobiliza contra politica externa jb,662,shared_story,https://external-gru1-1.xx.fbcdn.net/safe_image.php?d=AQCtY-oxz_dNREX9&url=https%3A%2F%2Fconteudo.imguol.com.br%2F66%2F2019%2F02%2F11%2Fjamil-chade-facebook-1549911067141_956x500.png&_nc_hash=AQCQgyFTg-kA5T8A,3273,26,70,13,4,311,True
2019-04-03T11:00:55+0000,904277726319518_2245343185546292,nao prisioneiro mentira judeus democracia lancam nota repudio ernesto araujo apos ministro afirmar nazismo esquerda um chanceler obscurantista propaga mensagens perigosas infames nao digno cargo ocupa afirma nota afirmacao chanceler chocante ignorancia mafe cinismo diz nota grupo acusa araujo bolsonaro promover revisionismo historico estrategia lembram judeus grandes responsaveis fazer crescer antissemitismo outros discursos odio extremistas vez partido nazista nao hesitou criminalizar prender matar comecar pessoas esquerda coletivo ainda afirma nao possivel medir alcance declaracoes ministro certamente ajudam sedimentar mentiras mortiferas,nao prisioneiro mentira judeus democracia lancam nota repudio ernesto araujo apos ministro afirmar nazismo esquerda um chanceler obscurantista propaga mensagens perigosas infames nao digno cargo ocupa afirma nota afirmacao chanceler chocante ignorancia mafe cinismo diz nota grupo acusa araujo jb promover revisionismo historico estrategia lembram judeus grandes responsaveis fazer crescer antissemitismo outros discursos odio extremistas vez partido nazista nao hesitou criminalizar prender matar comecar pessoas esquerda coletivo ainda afirma nao possivel medir alcance declaracoes ministro certamente ajudam sedimentar mentiras mortiferas,6573,shared_story,https://external-gru1-1.xx.fbcdn.net/safe_image.php?d=AQALKS3gWiwXEF9C&url=https%3A%2F%2Foperamundi.uol.com.br%2Fthumb%2FMjk1NDA0MjQ2NzgzMzMzZDI3ODVlNzlmMmU3ZDIxZWNfZGI3ZmY2MDk2YjYyMzZkZjU3NWVmYjY4ODA1OGIwYTAuanBn&_nc_hash=AQC1AO3NIwUmm77D,10478,92,118,883,241,401,True
2019-04-03T01:55:25+0000,904277726319518_2244788862268391,imbecil inconsequente,imbecil inconsequente,4770,shared_story,https://external-gru1-1.xx.fbcdn.net/safe_image.php?d=AQA8BVsVJOqjxsyJ&url=https%3A%2F%2Ff.i.uol.com.br%2Ffotografia%2F2019%2F03%2F31%2F15540583925ca10c98a99ee_1554058392_3x2_xl.jpg&_nc_hash=AQBob3GWwgCiB3eU,19154,2327,297,484,3363,388,True
2019-04-02T11:04:34+0000,904277726319518_2243769499036994,brasil cristaos muculmanos judeus nao so vivem paz casam si visita israel bolsonaro ignorou primeiros ofendeu segundos frustrou ultimos alem importar conflito inexistente nenhum ganho pena,brasil cristaos muculmanos judeus nao so vivem paz casam si visita israel jb ignorou primeiros ofendeu segundos frustrou ultimos alem importar conflito inexistente nenhum ganho pena,2218,mobile_status_update,None,17445,129,59,3181,743,160,True
2019-04-02T01:17:37+0000,904277726319518_2243220922425185,segundo organizacao mundial saude taxar tabaco forma efetiva reduzir consumo especialmente jovens pessoas baixa renda diminuir imposto cigarro quer moro afetara saude publica,segundo organizacao mundial saude taxar tabaco forma efetiva reduzir consumo especialmente jovens pessoas baixa renda diminuir imposto cigarro quer moro afetara saude publica,4862,shared_story,https://external-gru1-1.xx.fbcdn.net/safe_image.php?d=AQBoD3JL4GOXdYjk&url=http%3A%2F%2Fabrilexame.files.wordpress.com%2F2019%2F04%2Fsergio-moro.jpg%3Fquality%3D70%26strip%3Dinfo%26w%3D680%26h%3D453%26crop%3D1&_nc_hash=AQAB0RNrGdKj8Xgf,8817,112,91,1201,2229,30,True
2019-04-02T00:18:28+0000,904277726319518_2157802730951756,lindbergh farias vanessa grazziotinn entrevistam fernando haddad estreia canal esquerda assine canal,lindbergh farias vanessa grazziotinn entrevistam fh estreia canal esquerda assine canal,1553,added_video,https://scontent-gru1-1.xx.fbcdn.net/v/t15.5256-10/54272888_2157803870951642_7468355757264601088_n.jpg?_nc_cat=110&_nc_sid=ad6a45&_nc_ohc=R74AqTdGH-0AX8HYer6&_nc_ht=scontent-gru1-1.xx&oh=4219534dad979391f59c33a794e5171f&oe=5EAD377F,3547,220,19,15,108,2473,True
2019-04-01T11:42:41+0000,904277726319518_2242256452521632,maia certo sobre recorta cola moro provas obtidas indicam projeto discutido apenas dias ministerio justica amparo evidencias cientificas debate especialistas seguranca publica,maia certo sobre recorta cola moro provas obtidas indicam projeto discutido apenas dias ministerio justica amparo evidencias cientificas debate especialistas seguranca publica,959,shared_story,https://external-gru1-1.xx.fbcdn.net/safe_image.php?d=AQBzjtFekVgs79Us&url=https%3A%2F%2Ff.i.uol.com.br%2Ffotografia%2F2019%2F02%2F04%2F15493098435c589793d167e_1549309843_3x2_rt.jpg&_nc_hash=AQABRNVjEP6Qgu5y,3447,391,69,80,474,21,True
2019-04-01T09:35:51+0000,904277726319518_2242123282534949,artigo folha sobre golpe unidade progressista fernando haddad flavio dino guilherme boulos ricardo coutinho sonia guajajara,artigo folha sobre golpe unidade progressista fh flavio dino guilherme boulos ricardo coutinho sonia guajajara,315,shared_story,https://external-gru1-1.xx.fbcdn.net/safe_image.php?d=AQCRcJ278wgOMcgf&url=https%3A%2F%2Ff.i.uol.com.br%2Ffotografia%2F2019%2F03%2F23%2F15533904375c96db65caf79_1553390437_3x2_rt.jpg&_nc_hash=AQCeTY5ar-45lGSB,2999,116,19,6,5,383,True
2019-04-01T01:09:32+0000,904277726319518_2241656402581637, , ,717,mobile_status_update,https://scontent-gru2-2.xx.fbcdn.net/v/t15.13418-10/54602610_2274661996124305_5949426335217614848_n.jpg?_nc_cat=100&_nc_sid=ad6a45&_nc_ohc=_juMBTKAIZcAX-7hHOJ&_nc_ht=scontent-gru2-2.xx&oh=6455d6515cbf5b8b4e5782575d2db799&oe=5EACC525,3513,80,16,3,2,885,False
2019-03-31T20:03:17+0000,904277726319518_2241338135946797,bolsonaro rasga constituicao divulga video progolpe verdadeiro crime contra democracia trai juramento presidencial manter defender cumprir lei maior,jb rasga constituicao divulga video progolpe verdadeiro crime contra democracia trai juramento presidencial manter defender cumprir lei maior,10520,shared_story,https://external-gru1-1.xx.fbcdn.net/safe_image.php?d=AQCVcVAe68vMJqfb&url=https%3A%2F%2Fimg.estadao.com.br%2Fresources%2Fjpg%2F7%2F4%2F1554051411647.jpg&_nc_hash=AQAGEW5tTibrSXxQ,19709,304,323,7252,10709,126,True
2019-03-29T13:02:40+0000,904277726319518_2237689116311699,tres viagens tres micos felizmente bolsonaro descumprira promessa mudar embaixada jerusalem recuos vexames politica externa vao mostrando verdadeiro tamanho ator global,tres viagens tres micos felizmente jb descumprira promessa mudar embaixada jerusalem recuos vexames politica externa vao mostrando verdadeiro tamanho ator global,921,shared_story,https://external-gru1-1.xx.fbcdn.net/safe_image.php?d=AQBgsekLeH-6RAc2&url=https%3A%2F%2Fconteudo.imguol.com.br%2Fc%2Fnoticias%2F27%2F2019%2F03%2F28%2Fpredio-em-que-esta-instalada-a-embaixada-brasileira-em-tel-aviv-em-israel-1553808662873_v2_615x300.jpg&_nc_hash=AQD7PU4iy1oh_Cl6,4496,951,27,25,28,207,True
2019-03-27T12:10:40+0000,904277726319518_2234534269960517,bolsonaro desmantela educacao presidente inep exonerado quarta demissao escalao mec,jb desmantela educacao presidente inep exonerado quarta demissao escalao mec,864,shared_story,https://external-gru1-1.xx.fbcdn.net/safe_image.php?d=AQAC9QXRwOU-WdXd&url=https%3A%2F%2Ff.i.uol.com.br%2Ffotografia%2F2019%2F03%2F26%2F15536450745c9abe12ebda8_1553645074_3x2_rt.jpg&_nc_hash=AQCKASBkbl4qSZKn,2394,282,104,623,183,22,True
2019-03-26T15:04:00+0000,904277726319518_2233161736764437,nota imprensa brasilia marco reunidos nesta manha brasilia realizamos debate sobre atual momento nacional especialmente considerando rapido profundo desgaste governo bolsonaro destacamos alguns pontos reflexao toda sociedade atentos mobilizados evitar agudos retrocessos sociais trazidos projeto reforma previdencia centrado regime capitalizacao corte direitos pobres modo convidamos defesa soberania nacional consideramos tras suposto discurso patriotico atual governo ha pratica atitudes marcadamente antinacionais vimos recente visita presidencial estados unidos face absurda decisao governo bolsonaro comemorar golpe militar proximo dia marco manifestamos solidariedade torturados familias desaparecidos sublinhamos centralidade questao democratica manifesta defesa estado direito garantias fundamentais repudio atos violencia contra populacoes pobres exploradas exemplo periferias negros indios nao aceitamos criminalizacao movimentos sociais vez sao essenciais vivencia autenticamente democratica nesse contexto urgente assegurar expresidente lula direitos previstos lei tratamento isonomico nao justificando manutencao prisao condenacao transitada julgado fim reuniao expressa desejo ampla unidade campo democratico resistir retrocessos oferecer propostas progressistas brasil fernando haddad excandidato presidente republica guilherme boulos excandidato presidente republica flavio dino governador maranhao sonia guajajajra excandidata vicepresidente republica ricardo coutinho exgovernador paraiba,nota imprensa brasilia marco reunidos nesta manha brasilia realizamos debate sobre atual momento nacional especialmente considerando rapido profundo desgaste governo jb destacamos alguns pontos reflexao toda sociedade atentos mobilizados evitar agudos retrocessos sociais trazidos projeto reforma previdencia centrado regime capitalizacao corte direitos pobres modo convidamos defesa soberania nacional consideramos tras suposto discurso patriotico atual governo ha pratica atitudes marcadamente antinacionais vimos recente visita presidencial estados unidos face absurda decisao governo jb comemorar golpe militar proximo dia marco manifestamos solidariedade torturados familias desaparecidos sublinhamos centralidade questao democratica manifesta defesa estado direito garantias fundamentais repudio atos violencia contra populacoes pobres exploradas exemplo periferias negros indios nao aceitamos criminalizacao movimentos sociais vez sao essenciais vivencia autenticamente democratica nesse contexto urgente assegurar expresidente lula direitos previstos lei tratamento isonomico nao justificando manutencao prisao condenacao transitada julgado fim reuniao expressa desejo ampla unidade campo democratico resistir retrocessos oferecer propostas progressistas brasil fh excandidato presidente republica guilherme boulos excandidato presidente republica flavio dino governador maranhao sonia guajajajra excandidata vicepresidente republica ricardo coutinho exgovernador paraiba,1215,added_photos,https://scontent-gru2-2.xx.fbcdn.net/v/t1.0-9/s720x720/55760026_2233161713431106_7024409293097009152_n.jpg?_nc_cat=102&_nc_sid=110474&_nc_ohc=KqMcbywWM6IAX-OYEW5&_nc_ht=scontent-gru2-2.xx&_nc_tp=7&oh=b674f8f46c3abd284f7367edddfc2ed3&oe=5EAD288C,9423,339,34,3,22,1992,True
2019-03-26T13:21:49+0000,904277726319518_2233030446777566,flavio dino ricardo coutinho guilherme boulos sonia guajajara discutindo unidade campo progressista contra projeto antinacional antipopular antidemocratico atual desgoverno foto magno romero,flavio dino ricardo coutinho guilherme boulos sonia guajajara discutindo unidade campo progressista contra projeto antinacional antipopular antidemocratico atual desgoverno foto magno romero,714,added_photos,https://scontent-gru1-1.xx.fbcdn.net/v/t1.0-9/s720x720/55618360_2233030313444246_240039442931253248_o.jpg?_nc_cat=104&_nc_sid=8024bb&_nc_ohc=rjbN9_oMCIUAX_WUhrD&_nc_ht=scontent-gru1-1.xx&_nc_tp=7&oh=a8547388e35563dd5b7b7a49eca4b2b6&oe=5EAF7947,8103,568,33,4,35,2093,True
2019-03-25T13:42:20+0000,904277726319518_2231548160259128,avisou veio desconstruir,avisou veio desconstruir,4412,shared_story,https://external-gru1-1.xx.fbcdn.net/safe_image.php?d=AQAN7tw_zpLPfH8x&url=http%3A%2F%2Fwww.estadao.com.br%2Festadao%2Fnovo%2Fimg%2Festadao.gif&_nc_hash=AQCLXVYM9tIcICxy,8218,108,374,4832,3313,21,True
2019-03-25T10:25:13+0000,904277726319518_2231284993618778,perguntas guru desequilibrado funcionarios,perguntas guru desequilibrado funcionarios,1755,shared_story,https://external-gru1-1.xx.fbcdn.net/safe_image.php?d=AQAoHBZDpafUYekb&url=https%3A%2F%2Ff.i.uol.com.br%2Ffotografia%2F2018%2F12%2F12%2F15446399625c1155da49cf8_1544639962_3x2_rt.jpg&_nc_hash=AQBSlHVv27jIRx-D,5325,1733,77,21,35,238,True
2019-03-23T14:37:19+0000,904277726319518_2228576280556316,ei minion enquanto voce aqui face defendendo farsa idolo ja aumentou gasolina diesel apenas tres meses pulo posto ipiranga,ei minion enquanto voce aqui face defendendo farsa idolo ja aumentou gasolina diesel apenas tres meses pulo posto ipiranga,19963,shared_story,https://external-gru1-1.xx.fbcdn.net/safe_image.php?d=AQDWpy7Bu8Y9U1I2&url=https%3A%2F%2Fs2.glbimg.com%2FBONfR01M85LHOj9BISb_wYFrDRE%3D%2F1200x%2Fsmart%2Ffilters%3Acover%28%29%3Astrip_icc%28%29%2Fi.s3.glbimg.com%2Fv1%2FAUTH_59edd422c0c84a879bd37670ae4f538a%2Finternal_photos%2Fbs%2F2017%2FA%2FZ%2FoDDkwBQYGXXaxTOm6uPw%2Fbomba-de-gasolina-img-3482-marcelo-brandt-.jpg&_nc_hash=AQDDvMGh_ho71xSq,36842,13262,468,773,820,5660,True
2019-03-23T12:32:22+0000,904277726319518_2228383523908925,educacao crise humilhacao presidente nao pulso demitir ministro nao vergonha cara demitirse velez fica cargo nao pode nomear ninguem,educacao crise humilhacao presidente nao pulso demitir ministro nao vergonha cara demitirse velez fica cargo nao pode nomear ninguem,6093,shared_story,https://external-gru1-1.xx.fbcdn.net/safe_image.php?d=AQDqJUwg8vMNuB62&url=https%3A%2F%2Fimg.estadao.com.br%2Fresources%2Fjpg%2F1%2F8%2F1552352849381.jpg&_nc_hash=AQAT9eAtptnUqj9V,9298,3667,508,1492,549,59,True
2019-03-21T13:46:46+0000,904277726319518_2225503914196886,olha relacao causalidade genio descobriu inacreditavel despreparo simplesmente tudo,olha relacao causalidade genio descobriu inacreditavel despreparo simplesmente tudo,10457,added_video,https://scontent-gru1-1.xx.fbcdn.net/v/t15.5256-10/53873489_1079643358884106_5740230873505071104_n.jpg?_nc_cat=101&_nc_sid=ad6a45&_nc_ohc=nG3RB8NFN8QAX-1oFeN&_nc_ht=scontent-gru1-1.xx&oh=c3751d75710a369db97c345951c10faf&oe=5EAF4FB4,9889,1347,402,2323,7108,62,True
2019-03-21T12:54:10+0000,904277726319518_2225443614202916,problema fake news transformam rapidamente bad news metade lgbt diz ter sofrido violencia desde eleicoes,problema fake news transformam rapidamente bad news metade lgbt diz ter sofrido violencia desde eleicoes,682,shared_story,https://external-gru1-1.xx.fbcdn.net/safe_image.php?d=AQAwkh_Z3jOlkHLI&url=https%3A%2F%2Ff.i.uol.com.br%2Ffotografia%2F2019%2F01%2F12%2F15473213655c3a4015086a4_1547321365_3x2_rt.jpg&_nc_hash=AQArLxm6Z-ZuWEwq,2778,243,52,1854,135,9,True
2019-03-20T14:21:11+0000,904277726319518_2224100701003874,apesar serem principais responsaveis deficit previdencia reforma militares preve gerar economia liquida apenas r tri previstos anos vai pagar conta povao,apesar serem principais responsaveis deficit previdencia reforma militares preve gerar economia liquida apenas r tri previstos anos vai pagar conta povao,1418,shared_story,https://external-gru1-1.xx.fbcdn.net/safe_image.php?d=AQCoZMFkEceHGHg2&url=https%3A%2F%2Fs2.glbimg.com%2FYVuNJ6ypZmxRfeX049NUrpU9kts%3D%2F1200x%2Fsmart%2Ffilters%3Acover%28%29%3Astrip_icc%28%29%2Fi.s3.glbimg.com%2Fv1%2FAUTH_59edd422c0c84a879bd37670ae4f538a%2Finternal_photos%2Fbs%2F2018%2Fz%2FH%2FwdVwtNQkyDI2HIxO5T4g%2Fmatheus-leitao.png&_nc_hash=AQDUWiQze1ReCxcA,3297,52,39,494,741,9,True
2019-03-20T13:26:15+0000,904277726319518_2224017637678847,conforme antecipei comeca desmonte universidades federais bolsonaro corta mil cargos universidades publicas,conforme antecipei comeca desmonte universidades federais jb corta mil cargos universidades publicas,6859,shared_story,https://external-gru1-1.xx.fbcdn.net/safe_image.php?d=AQAEjLdgukTkx7nc&url=https%3A%2F%2Ff.i.uol.com.br%2Ffotografia%2F2018%2F04%2F04%2F15228802155ac54ed74b57f_1522880215_3x2_rt.jpg&_nc_hash=AQDe_Pwc5VN4icgi,5455,114,164,3237,2755,70,True
2019-03-20T10:14:59+0000,904277726319518_2223766134370664,bolsonaro adota politica externa tomala,jb adota politica externa tomala,1103,shared_story,https://external-gru1-1.xx.fbcdn.net/safe_image.php?d=AQB0aVS1h1K8lXeQ&url=https%3A%2F%2Ff.i.uol.com.br%2Ffotografia%2F2019%2F03%2F19%2F15530147445c911fd846cce_1553014744_3x2_rt.jpg&_nc_hash=AQBGCnubWFQDwyNu,2937,564,29,471,211,23,True
2019-03-20T00:35:12+0000,904277726319518_325752998294736,farsa lava jato abusos operacao tentou apropriar r bilhoes recursos publicos fazer propaganda projeto poder extremadireita preco acordo procuradores curitiba exjuiz sergio moro estados unidos prender lula impedilo disputar eleicoes tirando direito povo brasileiro reconduzilo presidencia republica farsa lava jato reportagem especial jornalista deputado paulo pimenta ptrs lider pt camara desmonta quebracabeca esquema criminoso montado republica curitiba apoio consorcio golpista formado varios atores politicos enriquecer punhado pessoas colocar petrobras empresa avancada planeta exploracao petroleo aguas profundas sob controle estados unidos assista comente compartilhe afarsadalavajato,farsa lava jato abusos operacao tentou apropriar r bilhoes recursos publicos fazer propaganda projeto poder extremadireita preco acordo procuradores curitiba exjuiz sergio moro estados unidos prender lula impedilo disputar eleicoes tirando direito povo brasileiro reconduzilo presidencia republica farsa lava jato reportagem especial jornalista deputado paulo pimenta ptrs lider pt camara desmonta quebracabeca esquema criminoso montado republica curitiba apoio consorcio golpista formado varios atores politicos enriquecer punhado pessoas colocar petrobras empresa avancada planeta exploracao petroleo aguas profundas sob controle estados unidos assista comente compartilhe afarsadalavajato,5184,added_video,https://scontent-gru1-1.xx.fbcdn.net/v/t15.5256-10/53309448_326017128268323_5561751145287778304_n.jpg?_nc_cat=110&_nc_sid=ad6a45&_nc_ohc=KlVlGx3Tb20AX8ZteRJ&_nc_ht=scontent-gru1-1.xx&oh=415dedb44fd5bdcd60a98a3dbd8b7f60&oe=5EAE2D74,5547,245,95,97,105,2035,True
2019-03-19T19:17:02+0000,904277726319518_2222917634455514,nao vamos esquecer lula porque nao esqueceremos nunca lutar contra injustica liberdade lula confunde liberdade deste pais,nao vamos esquecer lula porque nao esqueceremos nunca lutar contra injustica liberdade lula confunde liberdade deste pais,3838,added_video,https://scontent-gru1-1.xx.fbcdn.net/v/t15.5256-10/54455611_636295183473197_1331046176467714048_n.jpg?_nc_cat=101&_nc_sid=ad6a45&_nc_ohc=nfC190oOqQMAX83zlS3&_nc_ht=scontent-gru1-1.xx&oh=830dddff39c762ce190db8cc1580c6f3&oe=5EAEDEC8,11177,365,21,8,25,2479,True
2019-03-19T17:22:02+0000,904277726319518_2222810357799575,sigilo quebrado bolsonaro encontrouse torturadora cia,sigilo quebrado jb encontrouse torturadora cia,3663,shared_story,https://external-gru1-1.xx.fbcdn.net/safe_image.php?d=AQBi8SqYXg3mK2vR&url=https%3A%2F%2Ff.i.uol.com.br%2Ffotografia%2F2019%2F03%2F18%2F15529595545c9048426e02d_1552959554_3x2_rt.jpg&_nc_hash=AQBJZPMrSL2-LdEg,4443,205,352,907,2203,23,True
2019-03-19T12:29:59+0000,904277726319518_2222452741168670,bolsonaro diz maioria imigrantes nao boas intencoes caso trabalhar criar filhos alguem aposentou anos frase faz sentido,jb diz maioria imigrantes nao boas intencoes caso trabalhar criar filhos alguem aposentou anos frase faz sentido,7182,shared_story,https://external-gru1-1.xx.fbcdn.net/safe_image.php?d=AQAUf18Nxtzvq8Yz&url=https%3A%2F%2Ff.i.uol.com.br%2Ffotografia%2F2019%2F03%2F19%2F15529696625c906fbe38558_1552969662_3x2_lg.jpg&_nc_hash=AQDeLLkuaAA0w9RJ,16384,633,197,1864,5703,234,True
2019-03-18T11:37:15+0000,904277726319518_2220989421315002,governo bolsonaro entende fim privilegios pobre trabalha desde cedo contribuira anos aposentar,governo jb entende fim privilegios pobre trabalha desde cedo contribuira anos aposentar,2791,shared_story,https://external-gru1-1.xx.fbcdn.net/safe_image.php?d=AQDA3PHF7rZoNtlC&url=https%3A%2F%2Fconteudo.imguol.com.br%2Fc%2Fnoticias%2Fe4%2F2019%2F02%2F21%2Fidosos-aposentadoria-previdencia-pobreza-1550768324070_v2_615x300.jpg&_nc_hash=AQDErh_xgCennhqf,5654,70,48,1925,1381,18,True
2019-03-17T20:34:52+0000,904277726319518_2220158778064733,entrevista estadao,entrevista estadao,4586,shared_story,https://external-gru1-1.xx.fbcdn.net/safe_image.php?d=AQAji09vXRhN8vdz&url=https%3A%2F%2Fbrasil.estadao.com.br%2Fblogs%2Finconsciente-coletivo%2Fwp-content%2Fuploads%2Fsites%2F646%2F2019%2F03%2F20190317_123631.jpg&_nc_hash=AQAi_tMzFTTnVOGv,23512,208,81,32,13,3682,True
2019-03-16T20:54:55+0000,904277726319518_2218717868208824, , ,211,mobile_status_update,https://scontent-gru2-2.xx.fbcdn.net/v/t15.5256-10/cp0/s12x12/53636779_627229801081645_7054540288269746176_n.jpg?_nc_cat=102&_nc_sid=ad6a45&_nc_ohc=Nqg3xD5ZSsAAX_cUeIr&_nc_ht=scontent-gru2-2.xx&oh=7128bbd101ee142d4ca1227a28043739&oe=5EADD53C,1837,122,11,3,9,318,False
2019-03-16T12:14:09+0000,904277726319518_2218137751600169,desnorteio chega area economica governo,desnorteio chega area economica governo,679,shared_story,https://external-gru1-1.xx.fbcdn.net/safe_image.php?d=AQAkpkjlIItHrKdi&url=https%3A%2F%2Ff.i.uol.com.br%2Ffotografia%2F2019%2F03%2F15%2F15526913175c8c3075611ca_1552691317_3x2_rt.jpg&_nc_hash=AQD7JoRKp3WQCWOi,4294,450,65,277,82,20,True
2019-03-15T00:52:11+0000,904277726319518_2215937845153493,paraninfo ecausp so emocao minuto silencio memoria marielle franco tantas outras perdas foto ricardo stuckert,paraninfo ecausp so emocao minuto silencio memoria marielle franco tantas outras perdas foto ricardo stuckert,1812,added_photos,https://scontent-gru2-2.xx.fbcdn.net/v/t1.0-9/p720x720/53764550_2215937478486863_481285848982093824_n.jpg?_nc_cat=106&_nc_sid=110474&_nc_ohc=QE0-QANKptoAX_pAOUi&_nc_ht=scontent-gru2-2.xx&_nc_tp=6&oh=4d653dc8934eb75c9259f394ffecbb73&oe=5EAEC2B3,11743,76,112,16,9,4789,True
2019-03-14T18:25:19+0000,904277726319518_2215553495191928,materia revista epoca assaltante levou arma moto bolsonaro preso apareceu morto enforcado cela pendurado corda mulher sogra morto contestaram inquerito sobre suposto suicidio mes mortas tiros,materia revista epoca assaltante levou arma moto jb preso apareceu morto enforcado cela pendurado corda mulher sogra morto contestaram inquerito sobre suposto suicidio mes mortas tiros,23802,shared_story,https://external-gru1-1.xx.fbcdn.net/safe_image.php?d=AQD6JXYtDXk2Sumx&url=https%3A%2F%2Fogimg.infoglobo.com.br%2Fin%2F22964264-628-da3%2FFT1086A%2F652%2FPreso-em-um-condominio-em-Salvador-Jorge-Luis-do-Santos-acusado-de-ser-o-chefe-do-trafico-em-Acari-foi-encontrado-enforcado-em-sua-cela-numa-divisao-da-Policia-Civil-na-Barra-da-Tijuca-no-Rio-de-Janeiro.jpg&_nc_hash=AQD6NQHh3uaKm6mN,27725,976,16446,4040,5118,167,True
2019-03-14T10:33:21+0000,904277726319518_2215004191913525,mudar pessima imagem exterior bolsonaro fala trocar embaixadores nao caso mudar interior primeiro,mudar pessima imagem exterior jb fala trocar embaixadores nao caso mudar interior primeiro,2516,shared_story,https://external-gru1-1.xx.fbcdn.net/safe_image.php?d=AQDp-8QYeze2AxpY&url=https%3A%2F%2Fimg.estadao.com.br%2Fresources%2Fjpg%2F5%2F1%2F1552537227615.jpg&_nc_hash=AQA_rdKMD1A0i5Um,12324,2780,98,53,161,1056,True
2019-03-13T18:32:29+0000,904277726319518_2214357178644893,tristeza solidariedade comunidade escola suzano dia paz,tristeza solidariedade comunidade escola suzano dia paz,164,mobile_status_update,None,6016,8,2,2294,4,300,True
2019-03-13T11:19:01+0000,904277726319518_2213964058684205,inseguranca cortar verbas manutencao viadutos gestao doriacovas reduziu efetivo defesa civil cidade sp,inseguranca cortar verbas manutencao viadutos gestao doriacovas reduziu efetivo defesa civil cidade sp,417,shared_story,https://external-gru1-1.xx.fbcdn.net/safe_image.php?d=AQBIc00e1oQFJNrY&url=https%3A%2F%2Ff.i.uol.com.br%2Ffotografia%2F2019%2F03%2F11%2F15523415425c86da26f15d8_1552341542_3x2_xl.jpg&_nc_hash=AQBM5SDuFH1ZeFlg,1520,20,29,348,293,1,True
2019-03-13T00:28:13+0000,904277726319518_2213444982069446,caiu unico equipe mec somava dois dois desenvoltura,caiu unico equipe mec somava dois dois desenvoltura,533,shared_story,https://external-gru1-1.xx.fbcdn.net/safe_image.php?d=AQCaKe_bcevcZW3_&url=https%3A%2F%2Ff.i.uol.com.br%2Ffotografia%2F2019%2F01%2F03%2F15465376845c2e4ad412a21_1546537684_3x2_xl.jpg&_nc_hash=AQDu1UWRwYBMDuiv,3441,1333,277,181,110,32,True
2019-03-12T14:03:42+0000,904277726319518_2212792532134691,pessoas perguntam expm pode morar condominio luxo rj ainda pergunto exdeputado pode morar nesse condominio segredo sucesso,pessoas perguntam expm pode morar condominio luxo rj ainda pergunto exdeputado pode morar nesse condominio segredo sucesso,9339,shared_story,https://external-gru1-1.xx.fbcdn.net/safe_image.php?d=AQBQR1uV9S2kLPBl&url=https%3A%2F%2Ff.i.uol.com.br%2Ffolha%2Fpoder%2Fimages%2F18006152.jpeg&_nc_hash=AQCgZlKjkMTkPFjZ,20676,504,1224,182,1866,286,True
2019-03-12T13:36:22+0000,904277726319518_2212753995471878, , ,5838,added_photos,https://scontent-gru2-2.xx.fbcdn.net/v/t1.0-9/54727368_2212753965471881_463406814956879872_n.jpg?_nc_cat=105&_nc_sid=110474&_nc_ohc=YMyJQBVvc-UAX_Nr1Nn&_nc_ht=scontent-gru2-2.xx&oh=92aa26b02e9eaa796ac1b8cd36336fe1&oe=5EAC837B,14508,1426,315,121,125,1271,False
2019-03-12T12:09:45+0000,904277726319518_2212653822148562,apos prisoes caso marielle freixo diz caso nao resolvido mando,apos prisoes caso marielle freixo diz caso nao resolvido mando,7589,shared_story,https://external-gru1-1.xx.fbcdn.net/safe_image.php?d=AQAO3xh7wpYl4CcU&url=https%3A%2F%2Fs2.glbimg.com%2FcdNdfvEPY4MgFLmkhkgRH0VjNQA%3D%2F1200x%2Fsmart%2Ffilters%3Acover%28%29%3Astrip_icc%28%29%2Fs04.video.glbimg.com%2Fx720%2F7448163.jpg&_nc_hash=AQBAAQ1Eivk2BzZ3,29819,62,138,1443,148,1012,True
2019-03-11T15:25:29+0000,904277726319518_2211531405594137,pec desvinculacao ajuda bolsonaro talvez compreenda grafico curva amarela representa investimento publico educacao proporcao pib brasil curva azul ambito ocde ve atraso educacional deve menos parte subinvestimento area decadas durante regime militar exemplo brasil investia cerca daquilo paises ricos investiam proporcao pib somente governo lula servi ministro superamos primeira vez media ocde recentemente decadas atraso pois bem bolsonaro quer desvincular orcamento investimentos educacao apresentara proposta emenda constitucional nesse sentido acreditem governo pretende acabar previdencia social publica prepara bote educacao publica lamentavel,pec desvinculacao ajuda jb talvez compreenda grafico curva amarela representa investimento publico educacao proporcao pib brasil curva azul ambito ocde ve atraso educacional deve menos parte subinvestimento area decadas durante regime militar exemplo brasil investia cerca daquilo paises ricos investiam proporcao pib somente governo lula servi ministro superamos primeira vez media ocde recentemente decadas atraso pois bem jb quer desvincular orcamento investimentos educacao apresentara proposta emenda constitucional nesse sentido acreditem governo pretende acabar previdencia social publica prepara bote educacao publica lamentavel,848,added_photos,https://scontent-gru2-2.xx.fbcdn.net/v/t1.0-9/53517243_2211518085595469_7670689102483685376_n.jpg?_nc_cat=100&_nc_sid=110474&_nc_ohc=aGLC4lxg3yYAX-tpJif&_nc_ht=scontent-gru2-2.xx&oh=0d64811cb959b2eacd901a76b3cc6598&oe=5EAF797C,2155,21,19,375,223,27,True
2019-03-11T13:47:16+0000,904277726319518_2211419375605340,obsessao farinata governo doria muda merenda aluno chega ter almoco arroz farofa,obsessao farinata governo doria muda merenda aluno chega ter almoco arroz farofa,3131,shared_story,https://external-gru1-1.xx.fbcdn.net/safe_image.php?d=AQBPFU86F4oiIky_&url=https%3A%2F%2Ff.i.uol.com.br%2Ffotografia%2F2019%2F03%2F08%2F15520948345c8316723be57_1552094834_3x2_rt.jpg&_nc_hash=AQCMYM4doQ2K0B4b,5154,61,206,3996,3792,18,True
2019-03-11T12:56:12+0000,904277726319518_2211352715612006,alguem sabe vila comentando agenda covas parece so agora pronunciou dizem covas nestes pouco anos ausentou dias confere sei la to meio chateado vila covas,alguem sabe vila comentando agenda covas parece so agora pronunciou dizem covas nestes pouco anos ausentou dias confere sei la to meio chateado vila covas,489,mobile_status_update,None,6789,2501,28,12,16,550,True
2019-03-11T11:37:09+0000,904277726319518_2211211125626165,desviar foco laranjal milicias bolsonaro usa declaracao falsa atacar imprensa,desviar foco laranjal milicias jb usa declaracao falsa atacar imprensa,4543,shared_story,https://external-gru1-1.xx.fbcdn.net/safe_image.php?d=AQBxH7bvVCw40rb-&url=https%3A%2F%2Fimg.estadao.com.br%2Fresources%2Fjpg%2F9%2F8%2F1552073569789.jpg&_nc_hash=AQA5I7xTxYgseC0f,12590,893,209,271,2634,61,True
2019-03-10T22:44:53+0000,904277726319518_2210634095683868,camisa forca militares querem isolar ministro velez rodriguez segundo olavetes,camisa forca militares querem isolar ministro velez rodriguez segundo olavetes,575,shared_story,https://external-gru1-1.xx.fbcdn.net/safe_image.php?d=AQCMprsHan2RoMnx&url=https%3A%2F%2Fconteudo.imguol.com.br%2Fc%2Fblogs%2Ffd%2F2019%2F02%2F25%2Fvelez-1551139888010_v2_615x300.jpg&_nc_hash=AQC7rbN5Jjof3SK2,3058,1343,65,11,22,104,True
2019-03-10T19:31:57+0000,904277726319518_2210472255700052,nada bom ca brasil caiu posicao ranking paises seguros lgbts gestao sp cidade chegou ganhar selo rainbowcitiesnetwork unico caso america latina nao coincidencia intolerancia lgbts incorporada disputas eleitorais partir campanha,nada bom ca brasil caiu posicao ranking paises seguros lgbts gestao sp cidade chegou ganhar selo rainbowcitiesnetwork unico caso america latina nao coincidencia intolerancia lgbts incorporada disputas eleitorais partir campanha,497,shared_story,https://external-gru1-1.xx.fbcdn.net/safe_image.php?d=AQCsjrXCUctyNxak&url=https%3A%2F%2Fwww.brasil247.com%2Fimages%2Fcms-image-000623290.jpg&_nc_hash=AQCZPYHZ4yGBgOg3,2267,117,29,1521,286,26,True
2019-03-10T17:13:31+0000,904277726319518_2210342519046359,boa noticia sp tera aluguel bicicletas eletricas plano municipal mobilidade premiado internacionalmente precisa ser retomado pedestres usuarios onibus sido duramente prejudicados gestao doriacovas cortes passelivre bilhete unico subinvestimento calcadas corredores,boa noticia sp tera aluguel bicicletas eletricas plano municipal mobilidade premiado internacionalmente precisa ser retomado pedestres usuarios onibus sido duramente prejudicados gestao doriacovas cortes passelivre bilhete unico subinvestimento calcadas corredores,378,shared_story,https://external-gru1-1.xx.fbcdn.net/safe_image.php?d=AQAdZAMwQnkzdLjO&url=https%3A%2F%2Favenidas.blogfolha.uol.com.br%2Ffiles%2F2019%2F03%2Fimg_3753.jpg&_nc_hash=AQAGs-wEHay-ua7J,5580,19,59,7,5,707,True
2019-03-09T18:59:01+0000,904277726319518_2209128232501121,democracia garante povo onde emana todo poder segundo constituicao disse lula recado transmitido haddad apos visita expresidente tarde hoje lulalivre foto ricardo stuckert,democracia garante povo onde emana todo poder segundo constituicao disse lula recado transmitido fh apos visita expresidente tarde hoje lulalivre foto ricardo stuckert,3246,added_photos,https://scontent-gru2-1.xx.fbcdn.net/v/t1.0-9/s720x720/53323477_2209128215834456_4871831912668200960_n.jpg?_nc_cat=111&_nc_sid=110474&_nc_ohc=5losf4YstnMAX_agIbd&_nc_ht=scontent-gru2-1.xx&_nc_tp=7&oh=4a4cbc6410bdc16b8169542b0557708a&oe=5EAE6E50,12650,334,41,5,21,3813,True
2019-03-08T16:59:18+0000,904277726319518_2207652529315358,agora vai,agora vai,208,shared_story,https://external-gru1-1.xx.fbcdn.net/safe_image.php?url=https%3A%2F%2Fstatics.estadao.com.br%2Fs2016%2Fbr18%2Fbr18.png&_nc_hash=AQAkmniZY3LwSTWz,2271,2126,43,2,11,187,True
2019-03-08T13:44:20+0000,904277726319518_2207427489337862,obrigado tudo feliz dia mulheres,obrigado tudo feliz dia mulheres,938,added_photos,https://scontent-gru1-1.xx.fbcdn.net/v/t1.0-9/s720x720/54419120_2207426922671252_8671969197498040320_n.jpg?_nc_cat=103&_nc_sid=110474&_nc_ohc=ftdtc4fHpZkAX8Ckp7Q&_nc_ht=scontent-gru1-1.xx&_nc_tp=7&oh=9bfa3018f6b20250ecb8b601117cd272&oe=5EACD5D6,8296,99,47,8,1,3481,True
2019-03-08T00:13:30+0000,904277726319518_2206676276079650,orgulho brasileira ciencia fronteiras tese doutorado considerada importante mundo biologia thais apenas anos fez doutorado londres gracas programa ciencias fronteiras acaba tornar primeira latinoamericana ser premiada linnean society inglaterra desde premiacao comecou existir jovem graduada ciencias biologicas possui mestrado botanica unb,orgulho brasileira ciencia fronteiras tese doutorado considerada importante mundo biologia thais apenas anos fez doutorado londres gracas programa ciencias fronteiras acaba tornar primeira latinoamericana ser premiada linnean society inglaterra desde premiacao comecou existir jovem graduada ciencias biologicas possui mestrado botanica unb,28085,shared_story,https://external-gru1-1.xx.fbcdn.net/safe_image.php?d=AQBXAHMVv1DpM_ca&url=https%3A%2F%2Frazoesparaacreditar.com%2Fwp-content%2Fuploads%2F2018%2F04%2Fdesign-sem-nome5.png&_nc_hash=AQCP_M0nQmB0FDpf,55886,29,1829,6,7,21070,True
2019-03-07T15:51:11+0000,904277726319518_2206115756135702,longo discurso quatro minutos bolsonaro diz militares democracia so existe forcas armadas quiserem infelizmente presidente nao atendeu imprensa explicar raciocinio,longo discurso quatro minutos jb diz militares democracia so existe forcas armadas quiserem infelizmente presidente nao atendeu imprensa explicar raciocinio,6024,shared_story,https://external-gru1-1.xx.fbcdn.net/safe_image.php?d=AQDSzeMFDGOShy9b&url=https%3A%2F%2Ff.i.uol.com.br%2Ffotografia%2F2019%2F01%2F07%2F15468870815c339fa99d849_1546887081_3x2_rt.jpg&_nc_hash=AQDg1aUv2lIaKFk5,11083,4582,524,692,4298,121,True
2019-03-07T14:45:48+0000,904277726319518_2206048062809138,mercado comprou laranja cereja,mercado comprou laranja cereja,6850,shared_story,https://external-gru1-1.xx.fbcdn.net/safe_image.php?d=AQDXYlK9rC-yTF35&url=http%3A%2F%2Fwww.valor.com.br%2Fsites%2Fall%2Fthemes%2Fbasic%2Fimages%2Ffacebook%2Fvalor-big.jpg&_nc_hash=AQACkkur1Qa6wpmj,16936,4976,399,1160,145,201,True
2019-03-07T13:40:03+0000,904277726319518_2205967069483904,disse tres meses atras repito brasil sendo gestado chamo neoliberalismo regressivo decorrente crise economica onda diferente anos chega ser obscurantista determinados momentos contra artes escola laica direitos civis complemento necessario manter agenda economica bolsonaro agenda temer radicalizada agenda nao passa teste desigualdade baixa capacidade sustentacao acoplada agenda cultural regressiva pode ter vida longa,disse tres meses atras repito brasil sendo gestado chamo neoliberalismo regressivo decorrente crise economica onda diferente anos chega ser obscurantista determinados momentos contra artes escola laica direitos civis complemento necessario manter agenda economica jb agenda temer radicalizada agenda nao passa teste desigualdade baixa capacidade sustentacao acoplada agenda cultural regressiva pode ter vida longa,2933,shared_story,https://external-gru1-1.xx.fbcdn.net/safe_image.php?d=AQAuKdh-b-mXUkJI&url=https%3A%2F%2Ff.i.uol.com.br%2Ffotografia%2F2018%2F11%2F25%2F15431926235bfb402f74a77_1543192623_3x2_rt.jpg&_nc_hash=AQD-HPLD62DRwmq0,11131,68,38,936,67,464,True
2019-03-07T11:30:00+0000,904277726319518_2205746459505965,reportagem deutsche welle irritou ministro meio ambiente bolsonaro mestrado biblico direito publico yale,reportagem deutsche welle irritou ministro meio ambiente jb mestrado biblico direito publico yale,2194,shared_story,https://external-gru1-1.xx.fbcdn.net/safe_image.php?d=AQDJUmOXPkKd1pSV&url=https%3A%2F%2Fwww.dw.com%2Fimage%2F47743204_304.jpg&_nc_hash=AQC9egIGlZRejcZW,6884,1712,103,390,90,73,True
2019-03-07T10:29:34+0000,904277726319518_2205714212842523,retorica antichina bolsonaro trava uso fundo bilionario brasil prejudica investimentos infraestrutura,retorica antichina jb trava uso fundo bilionario brasil prejudica investimentos infraestrutura,2299,shared_story,https://external-gru1-1.xx.fbcdn.net/safe_image.php?d=AQCo3TXSlNPDLKYA&url=http%3A%2F%2Fwww.valor.com.br%2Fsites%2Fdefault%2Ffiles%2Fimagecache%2Fmedia_library_big_horizontal%2Fgn%2F19%2F03%2Ffoto07bra-101-dfchina-a6.jpg&_nc_hash=AQBKGD1ObMek92jH,5444,112,463,893,298,10,True
2019-03-06T22:17:51+0000,904277726319518_2205095096237768,marielle presente,marielle presente,1840,added_video,https://scontent-gru1-1.xx.fbcdn.net/v/t15.5256-10/52677863_2245448675702880_1316929550973665280_n.jpg?_nc_cat=103&_nc_sid=ad6a45&_nc_ohc=GrOPRW9qFJwAX_UL78v&_nc_ht=scontent-gru1-1.xx&oh=981303b555c5fff9174d5c57f4634277&oe=5EAC836F,10283,53,62,9,10,4252,True
2019-03-06T21:05:00+0000,904277726319518_2204959519584659,bolsonaro alvo the guardian texto destaca presidente extremadireita provocou indignacao nojo ridicularizacao twitar video pornografico tentativa revidar criticas governo durante carnaval deste ano,jb alvo the guardian texto destaca presidente extremadireita provocou indignacao nojo ridicularizacao twitar video pornografico tentativa revidar criticas governo durante carnaval deste ano,12388,shared_story,https://external-gru1-1.xx.fbcdn.net/safe_image.php?d=AQBKXtcJw0PyGdkx&url=https%3A%2F%2Fi.guim.co.uk%2Fimg%2Fmedia%2F58aee4232029fd1394e9f23fdc9aa63c44fc196d%2F0_233_3543_2125%2Fmaster%2F3543.jpg%3Fwidth%3D1200%26height%3D630%26quality%3D85%26auto%3Dformat%26fit%3Dcrop%26overlay-align%3Dbottom%252Cleft%26overlay-width%3D100p%26overlay-base64%3DL2ltZy9zdGF0aWMvb3ZlcmxheXMvdGctZGVmYXVsdC5wbmc%26s%3Daa4f7313e2f03fa6c3a87846eb209178&_nc_hash=AQBfiazLdf1qoQQb,31575,6916,541,2575,759,516,True
2019-03-06T20:18:36+0000,904277726319518_2204956576251620,golden share bolsonaro presidencia eleva gasto cartao corporativo,golden share jb presidencia eleva gasto cartao corporativo,4434,shared_story,https://external-gru1-1.xx.fbcdn.net/safe_image.php?d=AQA5jaKJVragqj8g&url=https%3A%2F%2Fimg.estadao.com.br%2Fresources%2Fjpg%2F0%2F6%2F1551266884060.jpg&_nc_hash=AQDltAzpB-gZi_Bb,15073,3952,295,307,2505,261,True
2019-03-06T11:14:23+0000,904277726319518_2204333582980586,bela reportagem sobre bloquinhos carnaval quebradas sp devia estar sendo divulgada brasil mundo,bela reportagem sobre bloquinhos carnaval quebradas sp devia estar sendo divulgada brasil mundo,1636,shared_story,https://external-gru1-1.xx.fbcdn.net/safe_image.php?d=AQDZSxnVLnlw5Xrd&url=https%3A%2F%2Ff.i.uol.com.br%2Ffotografia%2F2019%2F03%2F05%2F15518213275c7eea0facf5a_1551821327_3x2_md.jpg&_nc_hash=AQAj5JEz0aBcLQOR,16756,99,33,2,5,2835,True
2019-03-05T21:24:04+0000,904277726319518_2203615046385773,classificar governo incita violencia contra professores artistas cientistas,classificar governo incita violencia contra professores artistas cientistas,1097,mobile_status_update,None,10214,198,47,2860,1142,86,True
2019-03-05T13:33:31+0000,904277726319518_2203112086436069,grande noticia segundo paciente curado hiv transplante celulastronco,grande noticia segundo paciente curado hiv transplante celulastronco,18997,shared_story,https://external-gru1-1.xx.fbcdn.net/safe_image.php?d=AQBQQ2na_AhDzYqa&url=http%3A%2F%2Fscd.br.rfi.fr%2Fsites%2Fbrasil.filesrfi%2Fimagecache%2Frfi_16x9_1024_578%2Fsites%2Fimages.rfi.fr%2Ffiles%2Faefimagesnew%2Faef_image%2F2019-03-05t094911z_1719971295_rc1894d4bae0_rtrmadp_3_health-aids-cure.jpg&_nc_hash=AQAS96u89vcvlLg-,45018,24,4013,9,4,16200,True
2019-03-04T11:31:32+0000,904277726319518_2201558586591419,bolsonaro diz nao larga tonho jeito nenhum,jb diz nao larga tonho jeito nenhum,1322,shared_story,https://external-gru1-1.xx.fbcdn.net/safe_image.php?d=AQD0DKdJtdvvRDZD&url=https%3A%2F%2Ff.i.uol.com.br%2Ffotografia%2F2019%2F03%2F03%2F15516524105c7c563aee83c_1551652410_3x2_md.jpg&_nc_hash=AQDkGloP7MqGtpbY,4949,9294,110,94,770,110,True
2019-03-03T21:13:04+0000,904277726319518_2200788790001732,bozonazis tentam responsabilizar lula morte neto produzem pior fake news todas ate aqui,bozonazis tentam responsabilizar lula morte neto produzem pior fake news todas ate aqui,4549,shared_story,https://external-gru1-1.xx.fbcdn.net/safe_image.php?d=AQCPd2COYTSm2LMp&url=https%3A%2F%2Fcatracalivre.com.br%2Fwp-content%2Fuploads%2F2019%2F03%2Fneto-presidente-lula-meningite-840x560-1.jpg&_nc_hash=AQB071ewfAhmb1UI,13248,68,88,9096,3872,63,True
2019-03-03T16:15:55+0000,904277726319518_2200465913367353,carnaval sp regulamentamos inscricao desfile blocos rua sao paulo cerca cortejos costumavam ocupar cidade dias folia vezes reprimidos pularam cerca hoje carnaval sao paulo ja superou rio so fica atras salvador recife transformamos semana praticamente morta semana cultura turismo negocios movimenta r bilhao,carnaval sp regulamentamos inscricao desfile blocos rua sao paulo cerca cortejos costumavam ocupar cidade dias folia vezes reprimidos pularam cerca hoje carnaval sao paulo ja superou rio so fica atras salvador recife transformamos semana praticamente morta semana cultura turismo negocios movimenta r bilhao,652,shared_story,https://external-gru1-1.xx.fbcdn.net/safe_image.php?d=AQDUf4ifcSlEIStC&url=https%3A%2F%2Ff.i.uol.com.br%2Ffotografia%2F2019%2F02%2F24%2F15510455955c7313db87d86_1551045595_3x2_rt.jpg&_nc_hash=AQCGYPtJ5SRiSb2p,9324,22,105,5,6,2497,True
2019-03-03T14:09:51+0000,904277726319518_2200320770048534,criancas ja sabem,criancas ja sabem,4888,added_video,https://scontent-gru2-2.xx.fbcdn.net/v/t15.5256-10/52305520_2350000648363479_9055931388200484864_n.jpg?_nc_cat=100&_nc_sid=ad6a45&_nc_ohc=frIEC-aVmSIAX9CvjSJ&_nc_ht=scontent-gru2-2.xx&oh=4f486093f557053900c77e3cb0f3fa16&oe=5EAD64CA,9438,264,68,12,10,4772,True
2019-03-03T12:06:15+0000,904277726319518_2200130306734247,entrevista epoca,entrevista epoca,4528,shared_story,https://external-gru1-1.xx.fbcdn.net/safe_image.php?d=AQDooiYiVYb3WBwK&url=https%3A%2F%2Fogimg.infoglobo.com.br%2Fin%2F23490042-552-7fd%2FFT1086A%2F652%2F79494255_PA-Rio-de-Janeiro-RJ-23-10-2018-O-presidenciavel-Fernando-Haddad-PT-participa-de-sabatina-d.jpg&_nc_hash=AQCoTU935mbQ_62Z,26809,2496,64,26,36,4358,True
2019-03-02T22:33:58+0000,904277726319518_2199311123482832,deixar cemiterio lula subiu carro pf acenou apoiadores hora desceu delegado pf disse senhor sabe nao devia ter feito senhor sabe devia respondeu lula video ricardo stuckert,deixar cemiterio lula subiu carro pf acenou apoiadores hora desceu delegado pf disse senhor sabe nao devia ter feito senhor sabe devia respondeu lula video ricardo stuckert,8466,added_video,https://scontent-gru2-2.xx.fbcdn.net/v/t15.5256-10/52935760_410497499715185_5821827499713101824_n.jpg?_nc_cat=106&_nc_sid=ad6a45&_nc_ohc=jlM-vjHJfaUAX-XJEQS&_nc_ht=scontent-gru2-2.xx&oh=5f816439c4ad81c22f25152030fe21d6&oe=5EAE82C7,20025,180,58,2933,65,5990,True
2019-03-01T21:21:42+0000,904277726319518_2197677893646155,forca lula,forca lula,33542,added_photos,https://scontent-gru2-2.xx.fbcdn.net/v/t1.0-9/52947151_2197676623646282_6698248621940277248_n.jpg?_nc_cat=106&_nc_sid=110474&_nc_ohc=EXCTr0FBCyoAX9YGpt4&_nc_ht=scontent-gru2-2.xx&oh=3a8ccbc377bd95d670b721bd60e3db44&oe=5EACE381,54021,64,52,30415,63,7150,True
2019-03-01T13:01:29+0000,904277726319518_2197108977036380,vai ser bem facil cobrar,vai ser bem facil cobrar,1755,shared_story,https://external-gru1-1.xx.fbcdn.net/safe_image.php?d=AQAETXB7p-NcwOe9&url=https%3A%2F%2Ff.i.uol.com.br%2Ffotografia%2F2019%2F02%2F28%2F15513925895c785f4ddd13c_1551392589_3x2_rt.jpg&_nc_hash=AQBJ49NDXPCUguyg,5967,10119,115,79,139,309,True
2019-02-28T18:09:16+0000,904277726319518_2196055303808414,dizia sieyes nao deviam ter incumbencia nada encarregaramse obstinadamente tudo,dizia sieyes nao deviam ter incumbencia nada encarregaramse obstinadamente tudo,7115,added_video,https://scontent-gru2-2.xx.fbcdn.net/v/t15.13418-10/52265192_2256694361091548_5174679840644661248_n.jpg?_nc_cat=102&_nc_sid=ad6a45&_nc_ohc=E4BTS3iEKOQAX-8DWMf&_nc_ht=scontent-gru2-2.xx&oh=ec299c9d6aa26580f7164d1f7bd5a208&oe=5EAFF77A,5795,5290,145,201,188,207,True
2019-02-28T01:02:31+0000,904277726319518_2195011670579444,governo bisonho,governo bisonho,4720,shared_story,https://external-gru1-1.xx.fbcdn.net/safe_image.php?d=AQCeyK-NoMFrS6I7&url=https%3A%2F%2Fogimg.infoglobo.com.br%2Fin%2F23486288-926-a66%2FFT1086A%2F652%2FGettyImages-50569591.jpg&_nc_hash=AQBfnKvO9EcFIc5L,11435,115,204,2678,2591,36,True
2019-02-27T14:15:00+0000,904277726319518_2194229317324346,ideologizacao itamaraty reveses comercio exterior china oferece comprar eua hoje compra brasil uniao europeia ve retrocesso negociacao mercosul preve fechar compra carne americana em semanas,ideologizacao itamaraty reveses comercio exterior china oferece comprar eua hoje compra brasil uniao europeia ve retrocesso negociacao mercosul preve fechar compra carne americana em semanas,1310,shared_story,https://external-gru1-1.xx.fbcdn.net/safe_image.php?d=AQB413g6TGvZqyDo&url=https%3A%2F%2Ff.i.uol.com.br%2Ffotografia%2F2019%2F02%2F26%2F15512275575c75daa50f0d2_1551227557_3x2_xl.jpg&_nc_hash=AQDpEYdFvkjv-oXh,2560,120,221,487,110,16,True
2019-02-27T13:15:50+0000,904277726319518_2194245120656099,grafite cinza nao curto judicializacao extremada politica confesso doeu doria pintou cinza maior corredor grafite cidade disso usou r mi compensacao ambiental antes destinados empenas cegas minhocao cobrir cinza jardim vertical definha olhos vistos parecia gesto agredia concepcao cidade parkets ruas abertas pracas wifi ciclovias parques corredores onibus cinemas teatros rua novos ceus nao fico feliz condenacao inclusive pode ser revertida sinal cidade quer cultura interacao humana respeito,grafite cinza nao curto judicializacao extremada politica confesso doeu doria pintou cinza maior corredor grafite cidade disso usou r mi compensacao ambiental antes destinados empenas cegas minhocao cobrir cinza jardim vertical definha olhos vistos parecia gesto agredia concepcao cidade parkets ruas abertas pracas wifi ciclovias parques corredores onibus cinemas teatros rua novos ceus nao fico feliz condenacao inclusive pode ser revertida sinal cidade quer cultura interacao humana respeito,4843,shared_story,https://external-gru1-1.xx.fbcdn.net/safe_image.php?d=AQCulV7_EWUWu0bX&url=https%3A%2F%2Fwww.cartacapital.com.br%2Fwp-content%2Fuploads%2F2019%2F02%2FJo%C3%A3o-D%C3%B3ria-foto-_Cesar-Ogata_SECOM.jpg&_nc_hash=AQA1wbxg6fah_lwy,16386,689,75,85,84,2979,True
2019-02-27T12:53:47+0000,904277726319518_2194212903992654,reforma previdencia esmaga auxilioinclusao trabalhadores deficiencia projeto derruba valor previsto dificulta acesso beneficio prestacao continuada altera aposentadorias pessoas deficiencia,reforma previdencia esmaga auxilioinclusao trabalhadores deficiencia projeto derruba valor previsto dificulta acesso beneficio prestacao continuada altera aposentadorias pessoas deficiencia,9137,shared_story,https://external-gru1-1.xx.fbcdn.net/safe_image.php?d=AQCVCl4oCQI15AHW&url=https%3A%2F%2Fbrasil.estadao.com.br%2Fblogs%2Fvencer-limites%2Fwp-content%2Fuploads%2Fsites%2F189%2F2018%2F07%2F36941.jpg&_nc_hash=AQATCAH0ekQmcc_N,4819,19,47,2536,1565,10,True
2019-02-26T21:06:38+0000,904277726319518_2193346064079338,mesmas fakenews garantiram vitoria bolsonaro voltam circular crise venezuelana milicias digitais continuam operantes,mesmas fakenews garantiram vitoria jb voltam circular crise venezuelana milicias digitais continuam operantes,3516,shared_story,https://external-gru1-1.xx.fbcdn.net/safe_image.php?d=AQAhdWCNiUYKDwtu&url=https%3A%2F%2Fpiaui.folha.uol.com.br%2Flupa%2Fwp-content%2Fuploads%2F2018%2F10%2Ftuitemaduro-topo.png&_nc_hash=AQDGn1EvwpI9TZdF,8565,169,99,1033,1827,56,True
2019-02-26T15:29:40+0000,904277726319518_2192975800783031,vitoria autonomia escola governo bolsonaro desiste estimular criancas repetir slogan campanha enquanto filmadas autorizacao pais,vitoria autonomia escola governo jb desiste estimular criancas repetir slogan campanha enquanto filmadas autorizacao pais,5708,shared_story,https://external-gru1-1.xx.fbcdn.net/safe_image.php?d=AQD0SK5Mi3ZiS94C&url=https%3A%2F%2Ff.i.uol.com.br%2Ffotografia%2F2019%2F01%2F03%2F15465376845c2e4ad430f20_1546537684_3x2_rt.jpg&_nc_hash=AQB9bpkLA3tMEh4c,13679,2254,102,46,246,1370,True
2019-02-26T12:46:12+0000,904277726319518_2192765137470764,estafetas trump posicao bolsonaro derrotada grupo lima rejeita acao militar venezuela apesar pressao americana disse lula maduro problema venezuelanos nao norteamericanos,estafetas trump posicao jb derrotada grupo lima rejeita acao militar venezuela apesar pressao americana disse lula maduro problema venezuelanos nao norteamericanos,561,shared_story,https://external-gru1-1.xx.fbcdn.net/safe_image.php?d=AQCWszbI7KyCwTJ3&url=https%3A%2F%2Ff.i.uol.com.br%2Ffotografia%2F2019%2F02%2F23%2F15509454605c718cb49ace2_1550945460_3x2_xl.jpg&_nc_hash=AQAfmq_v8GaXZC9I,2687,99,4,0,11,268,True
2019-02-26T01:06:06+0000,904277726319518_2192099900870621,portais estao escamoteando fato governo bolsonaro recomenda leitura carta mec comunidade escolar consta slogan campanha eleitoral filmar criancas cantando hino nacional destacado manchetes ato improbidade escondido,portais estao escamoteando fato governo jb recomenda leitura carta mec comunidade escolar consta slogan campanha eleitoral filmar criancas cantando hino nacional destacado manchetes ato improbidade escondido,765,mobile_status_update,None,7143,94,62,712,1050,47,True
2019-02-25T23:25:10+0000,904277726319518_2191987854215159,safra laranja sera maior previsto parabens pf,safra laranja sera maior previsto parabens pf,6580,shared_story,https://external-gru1-1.xx.fbcdn.net/safe_image.php?d=AQAKeab0_vW7I4xU&url=https%3A%2F%2Fs2.glbimg.com%2FFYaCpI9h14crbe8DscOATQE0LhQ%3D%2F780x440%2Fe.glbimg.com%2Fog%2Fed%2Ff%2Foriginal%2F2015%2F04%2F09%2Fdsc_5614.jpg&_nc_hash=AQAsqa5d1RktVW5O,17345,14562,87,28,28,1946,True
2019-02-24T16:09:57+0000,904277726319518_2190015147745763,cultura esporte sofrem bolsonaro,cultura esporte sofrem jb,1906,shared_story,https://external-gru1-1.xx.fbcdn.net/safe_image.php?d=AQBKjzC21pd2Bf6_&url=https%3A%2F%2Ff.i.uol.com.br%2Ffotografia%2F2019%2F02%2F15%2F15502525685c66fa1822bf0_1550252568_3x2_md.jpg&_nc_hash=AQDees9K0Woinjrq,3742,429,63,1723,256,44,True
2019-02-24T13:41:07+0000,904277726319518_2189787081101903,critica sobre reforma bolsonaro jovens sao imediatamente desfavorecidos mercado trabalho,critica sobre reforma jb jovens sao imediatamente desfavorecidos mercado trabalho,2597,shared_story,https://external-gru1-1.xx.fbcdn.net/safe_image.php?d=AQDLgwYN4ONWX5Sv&url=https%3A%2F%2Ff.i.uol.com.br%2Ffotografia%2F2019%2F02%2F20%2F15506832075c6d8c476f9e5_1550683207_3x2_rt.jpg&_nc_hash=AQAp6o4dWmmfFHYp,5131,112,30,1415,1183,23,True
2019-02-24T00:08:35+0000,904277726319518_2188936527853625,humanismo trump sobre venezuela versao exdiretor fbi observacoes presidente sao basicamente eu nao entendo porque nao olhando venezuela nao guerra venezuela todo petroleo estao porta fundos nao posso entrar pensamentos presidente nao posso dizer tentaria concretizar comentarios causaram profunda preocupacao altamente problematicos,humanismo trump sobre venezuela versao exdiretor fbi observacoes presidente sao basicamente eu nao entendo porque nao olhando venezuela nao guerra venezuela todo petroleo estao porta fundos nao posso entrar pensamentos presidente nao posso dizer tentaria concretizar comentarios causaram profunda preocupacao altamente problematicos,1041,added_video,https://scontent-gru2-1.xx.fbcdn.net/v/t15.13418-10/52121427_1859899590786883_5247434082672967680_n.jpg?_nc_cat=109&_nc_sid=ad6a45&_nc_ohc=lsmL7RcMIXYAX8SuznG&_nc_ht=scontent-gru2-1.xx&oh=226da3addf5d8c29592ad25595f84d56&oe=5EAF369B,1910,15,51,214,230,6,True
2019-02-23T19:07:51+0000,904277726319518_2188634507883827,mitomania,mitomania,4648,shared_story,https://external-gru1-1.xx.fbcdn.net/safe_image.php?d=AQCDTUH9rDQFJ4pp&url=https%3A%2F%2Ftheintercept.imgix.net%2Fwp-uploads%2Fsites%2F1%2F2019%2F02%2Fricardo-salles-yale-1550867047.jpeg%3Fauto%3Dcompress%252Cformat%26q%3D90%26fit%3Dcrop%26w%3D1200%26h%3D800&_nc_hash=AQDYw_BrT_CV4CNu,12558,5283,734,108,307,100,True
2019-02-23T14:28:00+0000,904277726319518_2188215354592409,alucinado segundo secretario bolsonaro hostilidade governo indigenas visa promover reforma agraria hoje maior latifundiario pais indio,alucinado segundo secretario jb hostilidade governo indigenas visa promover reforma agraria hoje maior latifundiario pais indio,3616,shared_story,https://external-gru1-1.xx.fbcdn.net/safe_image.php?d=AQDdK-20efwdodug&url=https%3A%2F%2Fimg.estadao.com.br%2Fresources%2Fjpg%2F1%2F2%2F1550889689821.jpg&_nc_hash=AQCjHVeV6PqIqAl-,4081,1148,433,527,4934,16,True
2019-02-23T13:40:25+0000,904277726319518_2188213214592623,exchanceler considerado maiores diplomatas mundo alerta sobre intervencao venezuela amanha pode ser aqui,exchanceler considerado maiores diplomatas mundo alerta sobre intervencao venezuela amanha pode ser aqui,4992,shared_story,https://external-gru1-1.xx.fbcdn.net/safe_image.php?d=AQBcpt__yJuxiWav&url=https%3A%2F%2Fconteudo.imguol.com.br%2Fblogs%2F275%2Ffiles%2F2019%2F02%2F1100ef780c676e1bf916998caf22196074c5502ba7c4490054f5f365ce3b3b67_5a4504a5b368d-615x300.jpg&_nc_hash=AQBETsnVcMXfkBtQ,10182,249,191,1620,126,47,True
2019-02-22T13:35:28+0000,904277726319518_2186608711419740,laranjal podre deputado hoje senador bolsonaro homenageou menos policiais militares declarados culpados julgamento crimes vao homicidio corrupcao,laranjal podre deputado hoje senador jb homenageou menos policiais militares declarados culpados julgamento crimes vao homicidio corrupcao,1860,shared_story,https://external-gru1-1.xx.fbcdn.net/safe_image.php?d=AQDjdi0ZpEGjfI35&url=http%3A%2F%2Fpiaui.folha.uol.com.br%2Fwp-content%2Fuploads%2F2019%2F02%2Fflavio_redes_20022019.jpg&_nc_hash=AQBbOOaSG1PmJUrX,4306,122,108,396,1114,19,True
2019-02-21T12:30:45+0000,904277726319518_2184923714921573,colaborar ainda,colaborar ainda,1494,shared_story,https://external-gru1-1.xx.fbcdn.net/safe_image.php?d=AQAHZCejl0TqC5zD&url=https%3A%2F%2Fwww.revistaforum.com.br%2Fwp-content%2Fuploads%2F2019%2F02%2Fsergio-moro-e1549449972428.jpg&_nc_hash=AQAh6qABf28taRAV,4957,2757,198,89,1411,43,True
2019-02-20T17:56:52+0000,904277726319518_2183771295036815,bolsonaro quer criar legiao idosos pobres temer obscurantista,jb quer criar legiao idosos pobres temer obscurantista,662,mobile_status_update,None,6593,135,20,1640,634,58,True
2019-02-19T21:47:56+0000,904277726319518_2182320418515236,vitoria transparencia,vitoria transparencia,13309,shared_story,https://external-gru1-1.xx.fbcdn.net/safe_image.php?d=AQADIK8K7IevTyVn&url=https%3A%2F%2Fconteudo.imguol.com.br%2Fc%2Fnoticias%2F60%2F2019%2F02%2F01%2F1fev2019---deputados-e-familiares-no-plenario-da-camara-dos-deputados-momentos-antes-da-posse-dos-parlamentares-1549026168544_v2_615x300.jpg&_nc_hash=AQDLprvl-P2KYzhw,51534,1101,250,9,19,12897,True
2019-02-19T18:44:27+0000,904277726319518_2182127408534537,inacreditavel,inacreditavel,9975,shared_story,https://external-gru1-1.xx.fbcdn.net/safe_image.php?d=AQA99C1Kk2kRgbqc&url=https%3A%2F%2Fimg.estadao.com.br%2Fresources%2Fjpg%2F5%2F1%2F1550483638715.jpg&_nc_hash=AQCb2RikkEkFQwhR,27251,5470,1762,187,519,309,True
2019-02-19T09:49:26+0000,904277726319518_2181495545264390,espremedor,espremedor,3594,shared_story,https://external-gru1-1.xx.fbcdn.net/safe_image.php?d=AQAyk0KZIaslTw5X&url=https%3A%2F%2Ff.i.uol.com.br%2Ffotografia%2F2019%2F02%2F12%2F15500163045c635f30163d6_1550016304_3x2_rt.jpg&_nc_hash=AQA7dl1kR5hb88Sl,7095,1185,417,53,168,44,True
2019-02-19T00:13:53+0000,904277726319518_2180977138649564, , ,3018,shared_story,https://external-gru1-1.xx.fbcdn.net/safe_image.php?d=AQDk66hiTpdZjnZB&url=https%3A%2F%2Fs2.glbimg.com%2FnRucWOhE7jk3Z87JnXQ9BGxsP7w%3D%2F1200x%2Fsmart%2Ffilters%3Acover%28%29%3Astrip_icc%28%29%2Fi.s3.glbimg.com%2Fv1%2FAUTH_59edd422c0c84a879bd37670ae4f538a%2Finternal_photos%2Fbs%2F2019%2Fb%2F2%2Fe2xLyDSkqSbKSvDXFPNQ%2Fframe-00-00-57.792.jpg&_nc_hash=AQC6TokXVbOXARG7,5393,71,285,1571,88,7,False
2019-02-18T13:38:19+0000,904277726319518_2180288442051767,colegios civis desempenho similar escolas militares opiniao modelo institutos federais promissor integracao radical sistemas estaduais sistema s poderia ter sistema federal modelo melhor militarizar,colegios civis desempenho similar escolas militares opiniao modelo institutos federais promissor integracao radical sistemas estaduais sistema s poderia ter sistema federal modelo melhor militarizar,880,shared_story,https://external-gru1-1.xx.fbcdn.net/safe_image.php?d=AQBEI-SjGsFEek_T&url=https%3A%2F%2Ff.i.uol.com.br%2Ffotografia%2F2019%2F02%2F17%2F15504560625c6a14fe18d34_1550456062_3x2_rt.jpg&_nc_hash=AQC4h_fB9pgCIevt,5355,150,16,20,18,548,True
2019-02-18T11:13:12+0000,904277726319518_2180092458738032,laranja estimacao ficar cargo ministro turismo representara laranjal psl esplanada,laranja estimacao ficar cargo ministro turismo representara laranjal psl esplanada,889,shared_story,https://external-gru1-1.xx.fbcdn.net/safe_image.php?d=AQDSRsItal3hX4fi&url=https%3A%2F%2Ff.i.uol.com.br%2Ffotografia%2F2019%2F01%2F16%2F15476646715c3f7d1fbb3b3_1547664671_3x2_rt.jpg&_nc_hash=AQAhvrTh6_5_Mw9I,2539,369,40,23,156,23,True
2019-02-18T10:27:45+0000,904277726319518_2180046235409321,estela ontem assistir peca argumento contra existencia vida inteligente cone sul uruguaio santiago sanguinetti porao centro cultural sao paulo dirigido marina vieira peca discute recente avanco conservadorismo america latina elenco traz abel xavier carol vidotti emilene gutierrez wallyson mota talentoso coletivo labirinto so semana cartaz valeu galera,estela ontem assistir peca argumento contra existencia vida inteligente cone sul uruguaio santiago sanguinetti porao centro cultural sao paulo dirigido marina vieira peca discute recente avanco conservadorismo america latina elenco traz abel xavier carol vidotti emilene gutierrez wallyson mota talentoso coletivo labirinto so semana cartaz valeu galera,182,added_photos,https://scontent-gru2-2.xx.fbcdn.net/v/t1.0-9/s720x720/52898448_2180045815409363_7423304436547584000_n.jpg?_nc_cat=105&_nc_sid=110474&_nc_ohc=fyc6vta6FUcAX8DY18v&_nc_ht=scontent-gru2-2.xx&_nc_tp=7&oh=d3d4369ffec581bc065fff59aca16853&oe=5EAFB0D8,4462,43,17,1,6,709,True
2019-02-17T11:46:17+0000,904277726319518_2178560202224591,comentario preciso jornalista maria cristina fernandes valor economico sobre subserviencia sob bolsonaro exercito brasileiro governo norteamericano,comentario preciso jornalista maria cristina fernandes valor economico sobre subserviencia sob jb exercito brasileiro governo norteamericano,3792,added_video,https://scontent-gru2-1.xx.fbcdn.net/v/t15.5256-10/52054398_411647179411246_7895115961336856576_n.jpg?_nc_cat=109&_nc_sid=ad6a45&_nc_ohc=fu1GiwzwAFwAX8ssixP&_nc_ht=scontent-gru2-1.xx&oh=4ff9361b3bc19380c7fa869f23f15603&oe=5EAD0259,3397,30,130,337,395,39,True
2019-02-17T11:32:55+0000,904277726319518_2178543628892915,lavagem virtude descoberta laranjal psl cla bolsonaro negocia abandonar partido migrar nova udn tudo leva crer familia seguida abandonara proprio sobrenome adotara outro ainda desconhecido queiroz,lavagem virtude descoberta laranjal psl cla jb negocia abandonar partido migrar nova udn tudo leva crer familia seguida abandonara proprio sobrenome adotara outro ainda desconhecido queiroz,7870,shared_story,https://external-gru1-1.xx.fbcdn.net/safe_image.php?d=AQBChhPzGaewvhon&url=https%3A%2F%2Fimg.estadao.com.br%2Fresources%2Fjpg%2F1%2F4%2F1550365684941.jpg&_nc_hash=AQCtZvmtIMMIW8QT,17204,13100,1148,104,536,406,True
2019-02-16T13:21:47+0000,904277726319518_2176954475718497,marielle lados historia contraste alguns ate podem deixar enganar dizia machado assis futuro nunca engana,marielle lados historia contraste alguns ate podem deixar enganar dizia machado assis futuro nunca engana,697,added_photos,https://scontent-gru2-2.xx.fbcdn.net/v/t1.0-9/p720x720/52708406_2176954249051853_2285723647232442368_n.jpg?_nc_cat=105&_nc_sid=110474&_nc_ohc=c43wX-n9pHIAX-JXqRQ&_nc_ht=scontent-gru2-2.xx&_nc_tp=6&oh=69e68c9bc7e9b6882dbd8ef95c6b3310&oe=5EB000A5,5789,103,16,573,46,583,True
2019-02-16T01:27:53+0000,904277726319518_2176117965802148,lindo ato comemoracao anos pt lula livre fortaleza ceara foto ricardo stuckert,lindo ato comemoracao anos pt lula livre fortaleza ceara foto ricardo stuckert,1297,added_photos,https://scontent-gru2-2.xx.fbcdn.net/v/t1.0-9/s720x720/52422317_2176117755802169_5098222546533220352_n.jpg?_nc_cat=106&_nc_sid=110474&_nc_ohc=nzDyeMSvIIMAX8npnBT&_nc_ht=scontent-gru2-2.xx&_nc_tp=7&oh=fcef5fb72feb0282d9664fa7600599be&oe=5EAC3432,9004,304,34,1,21,2736,True
2019-02-15T23:31:36+0000,904277726319518_536365943518888,ato comemoracao anos pt lula livre,ato comemoracao anos pt lula livre,1756,added_video,https://scontent-gru1-1.xx.fbcdn.net/v/t15.5256-10/52106710_536382790183870_1910597896474984448_n.jpg?_nc_cat=108&_nc_sid=ad6a45&_nc_ohc=ewA9RSZG89IAX_xkME6&_nc_ht=scontent-gru1-1.xx&oh=2a054d126fc5be1362960f0a6299ff63&oe=5EAD7153,4908,206,32,11,93,2612,True
2019-02-15T23:20:50+0000,904277726319518_1150877861761830,ato comemoracao anos pt lula livre,ato comemoracao anos pt lula livre,299,added_video,https://scontent-gru1-1.xx.fbcdn.net/v/t15.5256-10/52024905_1150879795094970_3544839420823732224_n.jpg?_nc_cat=104&_nc_sid=ad6a45&_nc_ohc=yr0NfYxkWX0AX-kVge_&_nc_ht=scontent-gru1-1.xx&oh=2647cb23f7ad660e02f29f0e2823963d&oe=5EADE65F,2384,64,8,1,14,911,True
2019-02-15T22:11:06+0000,904277726319518_2116019051809784,ato comemoracao anos pt lula livre,ato comemoracao anos pt lula livre,1331,added_video,https://scontent-gru2-1.xx.fbcdn.net/v/t15.5256-10/52048042_2116019545143068_7341345667287089152_n.jpg?_nc_cat=107&_nc_sid=ad6a45&_nc_ohc=DXsjd_qIIJ8AX_EjZ4h&_nc_ht=scontent-gru2-1.xx&oh=264298e30d5df3b3cf00de4f95fa00cd&oe=5EAFE253,4935,118,33,3,27,2120,True
2019-02-15T21:55:50+0000,904277726319518_2175852685828676,hoje visitei feira musica centro dragao mar arte cultura fortaleza ceara foto ricardo stuckert,hoje visitei feira musica centro dragao mar arte cultura fortaleza ceara foto ricardo stuckert,2492,added_photos,https://scontent-gru1-1.xx.fbcdn.net/v/t1.0-9/s720x720/51844928_2175851805828764_8032551603389071360_n.jpg?_nc_cat=108&_nc_sid=110474&_nc_ohc=PjXhqY4h0TgAX8ycsHN&_nc_ht=scontent-gru1-1.xx&_nc_tp=7&oh=fe7e69dcd3620c25964365c8e46d0337&oe=5EAD3390,13351,120,287,3,9,7129,True
2019-02-15T20:26:41+0000,904277726319518_854229984923198,visita feira musica centro dragao mar cultura praia iracema,visita feira musica centro dragao mar cultura praia iracema,2105,added_video,https://scontent-gru1-1.xx.fbcdn.net/v/t15.5256-10/52250836_854230414923155_5243175729973166080_n.jpg?_nc_cat=110&_nc_sid=ad6a45&_nc_ohc=jP7m5YTQXSYAX_zQEsM&_nc_ht=scontent-gru1-1.xx&oh=9c049e95eca19298d18b094adfbbaa54&oe=5EADAD56,5288,101,72,4,13,3545,True
2019-02-15T20:03:19+0000,904277726319518_2269059626478426,visita feira musica centro dragao mar cultura praia iracema,visita feira musica centro dragao mar cultura praia iracema,584,added_video,https://scontent-gru2-2.xx.fbcdn.net/v/t15.5256-10/52296565_2269063326478056_961706012945940480_n.jpg?_nc_cat=105&_nc_sid=ad6a45&_nc_ohc=Zqohk0nplNgAX-WxRL4&_nc_ht=scontent-gru2-2.xx&oh=bc4e9ba80053f66f9a65e850a57f9069&oe=5EAC3CD7,2920,36,15,2,19,1516,True
2019-02-14T20:11:36+0000,904277726319518_2173965429350735,ultraje,ultraje,3263,shared_story,https://external-gru1-1.xx.fbcdn.net/safe_image.php?d=AQCiPFbCvWw0JANA&url=https%3A%2F%2Ff.i.uol.com.br%2Ffotografia%2F2019%2F02%2F05%2F15494159495c5a360daebf9_1549415949_3x2_rt.jpg&_nc_hash=AQAuXHD8xxvohU-y,22541,1859,116,2,22,6607,True
2019-02-14T14:34:28+0000,904277726319518_2173516342728977,ontem privilegio ser patrono duas formaturas faculdade filosofia letras ciencias humanas usp curso relacoes internacionais pucsp orgulho dessa juventude fotos ricardo stuckert,ontem privilegio ser patrono duas formaturas faculdade filosofia letras ciencias humanas usp curso relacoes internacionais pucsp orgulho dessa juventude fotos ricardo stuckert,6421,added_photos,https://scontent-gru2-2.xx.fbcdn.net/v/t1.0-9/s720x720/52596072_2173515246062420_4885671439757213696_n.jpg?_nc_cat=105&_nc_sid=110474&_nc_ohc=W-QvSThmcygAX_DRiWs&_nc_ht=scontent-gru2-2.xx&_nc_tp=7&oh=96f44bb78c9e95a2357bcee758a802b4&oe=5EAEB884,19953,98,268,4,11,11070,True
2019-02-14T11:15:00+0000,904277726319518_2173230822757529,senhor armas ministro sergio moro recusou responder questionamento inquiria representantes taurus ministerio antes decreto flexibilizou posse armas,senhor armas ministro sergio moro recusou responder questionamento inquiria representantes taurus ministerio antes decreto flexibilizou posse armas,4118,shared_story,https://external-gru1-1.xx.fbcdn.net/safe_image.php?d=AQBzjtFekVgs79Us&url=https%3A%2F%2Ff.i.uol.com.br%2Ffotografia%2F2019%2F02%2F04%2F15493098435c589793d167e_1549309843_3x2_rt.jpg&_nc_hash=AQABRNVjEP6Qgu5y,6221,848,199,139,2051,26,True
2019-02-12T17:20:32+0000,904277726319518_2170224076391537,feira livre bolsonaro quer faculdades privadas autorregulem autorizar cursos vai dar supercerto,feira livre jb quer faculdades privadas autorregulem autorizar cursos vai dar supercerto,1391,shared_story,https://external-gru1-1.xx.fbcdn.net/safe_image.php?d=AQAI88Tx46cGJThn&url=https%3A%2F%2Ff.i.uol.com.br%2Ffotografia%2F2017%2F09%2F15%2F150551888159bc6521662ae_1505518881_3x2_rt.jpg&_nc_hash=AQCpIpykN57zcBts,3239,1526,292,1095,802,13,True
2019-02-12T16:01:38+0000,904277726319518_2170124069734871,iniciativa importante aplicativo monitoramento politicos coloca binoculo gigante brasilia voce podera acompanhar voto representante cada projeto lei conhecendo opiniao especialistas diversas linhas pensamento,iniciativa importante aplicativo monitoramento politicos coloca binoculo gigante brasilia voce podera acompanhar voto representante cada projeto lei conhecendo opiniao especialistas diversas linhas pensamento,1322,shared_story,https://external-gru1-1.xx.fbcdn.net/safe_image.php?d=AQD0j8NXvF_UEoje&url=https%3A%2F%2Fstatic.poder360.com.br%2F2019%2F02%2FBinoculo-Esplanada-DeOlhoNoCongresso-101-2-1200x630.jpg&_nc_hash=AQChk3Crom6-WoWi,7646,467,54,1,4,858,True
2019-02-12T14:06:38+0000,904277726319518_2378921295727453,editores gisele federicce paulo moreira leite leonardo attuch entrevistam exprefeito sao paulo candidato presidencia republica fernando haddad,editores gisele federicce paulo moreira leite leonardo attuch entrevistam exprefeito sao paulo candidato presidencia republica fh,1020,added_video,https://scontent-gru2-1.xx.fbcdn.net/v/t15.5256-10/51916493_2378939985725584_5677713595832467456_n.jpg?_nc_cat=109&_nc_sid=ad6a45&_nc_ohc=8xs3l6Qg6SsAX-SinaI&_nc_ht=scontent-gru2-1.xx&oh=e76dab287484ce20b34a5deb90303f0d&oe=5EAC973A,3021,90,14,8,38,1984,True
2019-02-12T13:02:31+0000,904277726319518_2169847746429170, , ,101,mobile_status_update,https://scontent-gru1-1.xx.fbcdn.net/v/t1.0-9/s720x720/51800970_2499268420126150_6466505389377585152_o.jpg?_nc_cat=108&_nc_sid=8024bb&_nc_ohc=POY7Pg-qc04AX-AMgbz&_nc_ht=scontent-gru1-1.xx&_nc_tp=7&oh=1b7e48d069893e1c7099de104afe1d22&oe=5EAE3E5E,1857,86,5,0,8,441,False
2019-02-12T12:27:54+0000,904277726319518_2169806649766613,quarta pata araujo damares velez entrevista ricardo salles,quarta pata araujo damares velez entrevista ricardo salles,1564,mobile_status_update,https://scontent-gru1-1.xx.fbcdn.net/v/t15.5256-10/51893558_316776478840270_8826554034077827072_n.jpg?_nc_cat=108&_nc_sid=ad6a45&_nc_ohc=ngZCd1G7d7oAX-5r6GV&_nc_ht=scontent-gru1-1.xx&oh=6c935d97704c516d95090e4b5a39e413&oe=5EADAF82,3645,186,129,707,1510,24,True
2019-02-12T10:14:36+0000,904277726319518_2169654769781801,jogo pesado investigacao sugere coaf encobriu caso bolsonaroqueiroz durante periodo eleitoral data demissao queiroz ja indicava possivel conhecimento previo cla miliciano,jogo pesado investigacao sugere coaf encobriu caso jbqueiroz durante periodo eleitoral data demissao queiroz ja indicava possivel conhecimento previo cla miliciano,3136,shared_story,https://external-gru1-1.xx.fbcdn.net/safe_image.php?d=AQCJKAYYZWFkq9-z&url=https%3A%2F%2Ff.i.uol.com.br%2Ffotografia%2F2019%2F02%2F07%2F15495661565c5c80ccebf73_1549566156_3x2_rt.jpg&_nc_hash=AQBnWuPqCYdfFGpd,5303,89,411,142,1349,9,True
2019-02-11T18:31:14+0000,904277726319518_2168787809868497,triste episodio priva profissionalismo boechat sentimentos familias jornalista piloto deus acolha,triste episodio priva profissionalismo boechat sentimentos familias jornalista piloto deus acolha,135,mobile_status_update,None,5227,6,2,2035,2,169,True
2019-02-11T09:43:23+0000,904277726319518_2168153673265244,bolsonaro quer italia pressione vaticano censurar bispos sobre pauta ambiental papa discutindo enciclica laudato si acho dificil abrir mao conviccoes adotar bolsonaro,jb quer italia pressione vaticano censurar bispos sobre pauta ambiental papa discutindo enciclica laudato si acho dificil abrir mao conviccoes adotar jb,5039,shared_story,https://external-gru1-1.xx.fbcdn.net/safe_image.php?d=AQDC-skoyRnMkoj2&url=https%3A%2F%2Fimg.estadao.com.br%2Fresources%2Fjpg%2F9%2F7%2F1549841933979.jpg&_nc_hash=AQDct2j_WdnlrFNJ,13346,2376,824,217,442,383,True
2019-02-10T14:55:29+0000,904277726319518_2166919020055376,frances,frances,698,shared_story,https://external-gru1-1.xx.fbcdn.net/safe_image.php?d=AQB2bEE0Xgj9KIIt&url=http%3A%2F%2Fscd.br.rfi.fr%2Fsites%2Fbrasil.filesrfi%2Fdynimagecache%2F0%2F76%2F768%2F434%2F1024%2F578%2Fsites%2Fimages.rfi.fr%2Ffiles%2Faefimagesnew%2Faef_image%2F000_1bz5y8.jpg&_nc_hash=AQBPyMNFgz7P0WiI,3524,55,54,464,256,16,True
2019-02-10T13:51:42+0000,904277726319518_2166872546726690,vaticano comuna bolsonaro ve igreja catolica opositora discutir temas considerados esquerda situacao povos indigenas quilombolas mudancas climaticas preocupados queremos neutralizar ai disse gal heleno,vaticano comuna jb ve igreja catolica opositora discutir temas considerados esquerda situacao povos indigenas quilombolas mudancas climaticas preocupados queremos neutralizar ai disse gal heleno,7801,shared_story,https://external-gru1-1.xx.fbcdn.net/safe_image.php?d=AQAc98JGZIGv2rad&url=https%3A%2F%2Fimg.estadao.com.br%2Fresources%2Fjpg%2F5%2F2%2F1548546192725.jpg&_nc_hash=AQATqSWQRPQUxE-k,8521,2275,553,563,2214,92,True
2019-02-10T13:00:04+0000,904277726319518_2166819840065294,cortar verba sesc sesi vai ajudar pouco criacao emprego diz fgv proposta esteira pronatec integrar radicalmente sistema s ensino medio dar total transparencia utilizacao recursos apresentaremos substitutivo,cortar verba sesc sesi vai ajudar pouco criacao emprego diz fgv proposta esteira pronatec integrar radicalmente sistema s ensino medio dar total transparencia utilizacao recursos apresentaremos substitutivo,1160,shared_story,https://external-gru1-1.xx.fbcdn.net/safe_image.php?d=AQAB8A6MduwPM4t8&url=https%3A%2F%2Fconteudo.imguol.com.br%2Fc%2Fnoticias%2Fb8%2F2019%2F01%2F21%2Fsistema-s-senai-sesi-sebrae-senac-18dez2018---fachada-do-senac-do-sistema-s-em-salvador-ba-nesta-terca-feira-18-o-futuro-ministro-da-economia-paulo-guedes-disse-que-instituicoes-do-1548116322349_v2_615x300.jpg&_nc_hash=AQBfuxEH8ZIa6H3S,4079,33,27,603,65,85,True
2019-02-10T01:45:39+0000,904277726319518_2166179576795987,livros menos armas pt anos foto ricardo stuckert,livros menos armas pt anos foto ricardo stuckert,1291,added_photos,https://scontent-gru2-2.xx.fbcdn.net/v/t1.0-9/p720x720/51607288_2166179200129358_7051194998372433920_n.jpg?_nc_cat=105&_nc_sid=110474&_nc_ohc=vrjcMHhEQt0AX-EKIoE&_nc_ht=scontent-gru2-2.xx&_nc_tp=6&oh=6504fbc8d838c1eb0cf152bbea6e7d99&oe=5EAE77AD,10355,1814,63,19,51,3604,True
2019-02-09T20:37:47+0000,904277726319518_311310276404275,aovivo ato nacional anos pt partido trabalhadores direto sao paulo ptanos sempre lado povo,aovivo ato nacional anos pt partido trabalhadores direto sao paulo ptanos sempre lado povo,886,added_video,https://scontent-gru2-1.xx.fbcdn.net/v/t15.5256-10/52090500_311356456399657_4792170306665971712_n.jpg?_nc_cat=111&_nc_sid=ad6a45&_nc_ohc=YQyifN1MsjgAX8jo_yy&_nc_ht=scontent-gru2-1.xx&oh=0fcd8b170bbbe868af71b063763b3297&oe=5EADDD93,3262,374,40,19,550,2185,True
2019-02-09T11:13:25+0000,904277726319518_2165127940234484,pesquisadora canadense explica politica extremadireita area seguranca lei anticrime moro rende votos populismo punitivo visa vinganca,pesquisadora canadense explica politica extremadireita area seguranca lei anticrime moro rende votos populismo punitivo visa vinganca,1737,shared_story,https://external-gru1-1.xx.fbcdn.net/safe_image.php?d=AQDc8iT8_B-YvFzD&url=https%3A%2F%2Fconteudo.imguol.com.br%2Fblogs%2F138%2Ffiles%2F2019%2F02%2Farma-gesto-eleitor-615x300.jpg&_nc_hash=AQCieqep0WP1c1Jl,6076,177,33,809,461,27,True
2019-02-08T11:43:39+0000,904277726319518_2163600123720599,retrocesso tambem saude texto ministerio saude aval eletrochoque sugere onda internacoes caras desnecessarias,retrocesso tambem saude texto ministerio saude aval eletrochoque sugere onda internacoes caras desnecessarias,5124,shared_story,https://external-gru1-1.xx.fbcdn.net/safe_image.php?d=AQC2OQrYLUaegM10&url=https%3A%2F%2Fimg.estadao.com.br%2Fresources%2Fjpg%2F6%2F1%2F1542056182216.jpg&_nc_hash=AQDpTBiGVKFWXjc7,3981,38,370,3613,3986,10,True
2019-02-07T13:45:34+0000,904277726319518_2162270890520189,parabens ana estela haddad pioneirismo enfrentar visoes retrogradas sobre uso tecnologia saude mediante regulamentacao quase dez anos atras telessaude telemedicina hoje reconhecida conselho federal medicina cfm aplaudida editorial folha spaulo voce gigante,parabens ana estela fh pioneirismo enfrentar visoes retrogradas sobre uso tecnologia saude mediante regulamentacao quase dez anos atras telessaude telemedicina hoje reconhecida conselho federal medicina cfm aplaudida editorial folha spaulo voce gigante,251,shared_story,https://external-gru1-1.xx.fbcdn.net/safe_image.php?d=AQDpDSolSYuYjHGH&url=https%3A%2F%2Ff.i.uol.com.br%2Ffotografia%2F2019%2F02%2F06%2F15494967635c5b71bb03fff_1549496763_3x2_rt.jpg&_nc_hash=AQAK5Kxe99O1qrMR,3777,50,28,1,7,988,True
2019-02-06T19:39:51+0000,904277726319518_2161131863967425,regulamentei apoio prefeitura sp carnaval rua criticado hoje criticos aplaudem incentivo cultura turismo semana chamada morta paulistanos,regulamentei apoio prefeitura sp carnaval rua criticado hoje criticos aplaudem incentivo cultura turismo semana chamada morta paulistanos,173,mobile_status_update,https://scontent-gru1-1.xx.fbcdn.net/v/t1.0-9/p720x720/51552845_1036715573193546_540915246479441920_o.jpg?_nc_cat=101&_nc_sid=8024bb&_nc_ohc=TuqjU9v0OggAX9U_Y0e&_nc_ht=scontent-gru1-1.xx&_nc_tp=6&oh=321526b321c70730fc1e71b748822d80&oe=5EAF088E,3499,93,12,5,4,676,True
2019-02-06T14:46:49+0000,904277726319518_2160767974003814,ministro divulga marca israel faz agua ar brasil empresa eficiente,ministro divulga marca israel faz agua ar brasil empresa eficiente,2661,shared_story,https://external-gru1-1.xx.fbcdn.net/safe_image.php?d=AQDDVMcgR1fQ1XHU&url=https%3A%2F%2Fconteudo.imguol.com.br%2Fc%2Fnoticias%2F45%2F2019%2F02%2F04%2F4fev2019---o-ministro-marcos-pontes-divulga-equipamento-que-produz-agua-a-partir-da-umidade-do-ar-de-empresa-israelense-que-fez-doacao-ao-brasil-durante-sua-visita-a-israel-1fev2019-1549307381198_v2_615x300.jpg&_nc_hash=AQAAP3FqM-afOS7M,7158,1468,101,482,283,51,True
2019-02-06T13:05:36+0000,904277726319518_2160578744022737,direitos serao atirados janela aviao segundo ministro bolsonaro suposta manutencao direitos existem hoje fantasia porque aviao caindo vai morrer todo mundo nao adianta achar aviao vai continuar voar peso,direitos serao atirados janela aviao segundo ministro jb suposta manutencao direitos existem hoje fantasia porque aviao caindo vai morrer todo mundo nao adianta achar aviao vai continuar voar peso,348,mobile_status_update,None,2820,69,40,655,435,23,True
2019-02-06T12:06:08+0000,904277726319518_2160498750697403,pacote moro licenca matar,pacote moro licenca matar,905,shared_story,https://external-gru1-1.xx.fbcdn.net/safe_image.php?d=AQAtVUpFd0D153MI&url=https%3A%2F%2Fs2.glbimg.com%2FJLXypGNSFGx3-xu8UCT1suJ-xoE%3D%2F640x424%2Fi.glbimg.com%2Fog%2Fig%2Finfoglobo1%2Ff%2Foriginal%2F2018%2F12%2F07%2F80159716_sergio_moro_incoming_justice_minister_arrives_for_a_meeting_with_brazil27s_president-ele.jpg&_nc_hash=AQAm9cwbO0sQpjsV,2256,79,19,599,533,31,True
2019-02-06T10:35:06+0000,904277726319518_2160400954040516,aberracao,aberracao,1689,shared_story,https://external-gru1-1.xx.fbcdn.net/safe_image.php?d=AQB11-OUUVfuubTn&url=https%3A%2F%2Ff.i.uol.com.br%2Ffotografia%2F2018%2F10%2F22%2F15402550965bce6d7859867_1540255096_3x2_rt.jpg&_nc_hash=AQDSpqFLepgu6vWd,4199,78,118,1462,3437,58,True
2019-02-05T17:38:19+0000,904277726319518_2159341310813147,boa conversa sobre conjuntura politica guilherme boulos hoje manha,boa conversa sobre conjuntura politica guilherme boulos hoje manha,942,added_photos,https://scontent-gru1-1.xx.fbcdn.net/v/t1.0-9/s720x720/51304396_2159341047479840_8462241013811904512_n.jpg?_nc_cat=110&_nc_sid=110474&_nc_ohc=llIwqGxeNyUAX8ydqn8&_nc_ht=scontent-gru1-1.xx&_nc_tp=7&oh=ff5515ff1722fa6c59ba60d291b359e2&oe=5EAD5E8F,16878,808,76,10,54,6167,True
2019-02-05T11:53:12+0000,904277726319518_2158883194192292,ignorancia,ignorancia,3642,shared_story,https://external-gru1-1.xx.fbcdn.net/safe_image.php?d=AQDYLv3blvX6RV6_&url=https%3A%2F%2Fs2.glbimg.com%2Fc1lZK_JOdzePJhR44Y_B2F9U12k%3D%2F640x424%2Ftop%2Fi.glbimg.com%2Fog%2Fig%2Finfoglobo1%2Ff%2Foriginal%2F2017%2F06%2F30%2Fcazuza.jpg&_nc_hash=AQDPRO2liJS1fDiX,11780,184,204,1681,2312,76,True
2019-02-04T20:57:50+0000,904277726319518_2158029657610979,guarda civil mata ciclista tres tiros apos discussao legitima defesa,guarda civil mata ciclista tres tiros apos discussao legitima defesa,6318,shared_story,https://external-gru1-1.xx.fbcdn.net/safe_image.php?d=AQBNaBSzn580DCmr&url=https%3A%2F%2Fs2.glbimg.com%2F6U965q_Tb-0NgiKgkk6jnM2qlbc%3D%2F1200x%2Fsmart%2Ffilters%3Acover%28%29%3Astrip_icc%28%29%2Fi.s3.glbimg.com%2Fv1%2FAUTH_59edd422c0c84a879bd37670ae4f538a%2Finternal_photos%2Fbs%2F2019%2FS%2FP%2FtLEEc1RrWtXUwlGHxGyg%2Fgcm-foto-blur.jpg&_nc_hash=AQBhaKW2U0wBiuEy,6368,49,666,7595,5797,14,True
2019-02-04T19:52:18+0000,904277726319518_2157957084284903,li pacote anticrime moro esperava plano real seguranca viesse solucionar problemas relativos criminalidade letalidade policial genocidio populacao negra superpopulacao carceraria etc medidas anunciadas sao frustrantes contraproducentes,li pacote anticrime moro esperava plano real seguranca viesse solucionar problemas relativos criminalidade letalidade policial genocidio populacao negra superpopulacao carceraria etc medidas anunciadas sao frustrantes contraproducentes,1332,mobile_status_update,None,11176,548,74,2188,197,241,True
2019-02-04T12:16:09+0000,904277726319518_2157358004344811,vale ler drauzio varella,vale ler drauzio varella,1694,shared_story,https://external-gru1-1.xx.fbcdn.net/safe_image.php?d=AQCv_adCap7Vn59B&url=https%3A%2F%2Ff.i.uol.com.br%2Ffotografia%2F2019%2F02%2F01%2F15490671455c54e38980e06_1549067145_3x2_xl.jpg&_nc_hash=AQDx8aSW-ulxIAbl,6695,52,14,18,10,421,True
2019-02-04T12:02:38+0000,904277726319518_2157343207679624,show carlos lyra paul winter relembrando the sound of ipanema ontem sesc maio convite renato bras,show carlos lyra paul winter relembrando the sound of ipanema ontem sesc maio convite renato bras,142,added_photos,https://scontent-gru2-2.xx.fbcdn.net/v/t1.0-9/p720x720/52063554_2157343111012967_2768254495564496896_n.jpg?_nc_cat=105&_nc_sid=110474&_nc_ohc=uoW8GmwXmmUAX_iO-b-&_nc_ht=scontent-gru2-2.xx&_nc_tp=6&oh=b1783cc21f853c691207784d55125668&oe=5EAF235E,3105,49,12,2,6,517,True
2019-02-03T17:05:59+0000,904277726319518_2156103484470263, , ,1415,shared_story,https://external-gru1-1.xx.fbcdn.net/safe_image.php?d=AQAMQNj8lIBIM8Hg&url=https%3A%2F%2Fs2.glbimg.com%2FztSMtSQ6lzul71I2gyQyRHNkClQ%3D%2F640x424%2Fi.glbimg.com%2Fog%2Fig%2Finfoglobo1%2Ff%2Foriginal%2F2019%2F02%2F01%2F19298600_mb_rio_de_janeiro_rj_15-12-2011_decoracao_da_am4_-_agencia_digital_montada_dentro_da_f.jpg&_nc_hash=AQBFfb6mVxbt_hlX,3382,88,476,64,862,5,False
2019-02-03T16:10:23+0000,904277726319518_2156102777803667, , ,1578,shared_story,https://external-gru1-1.xx.fbcdn.net/safe_image.php?d=AQBjU1R8PHGsYcef&url=https%3A%2F%2Fi.guim.co.uk%2Fimg%2Fmedia%2F12fd70b57f3882e57f402c6c6ac37eba3154f517%2F0_164_3915_2349%2Fmaster%2F3915.jpg%3Fwidth%3D1200%26height%3D630%26quality%3D85%26auto%3Dformat%26fit%3Dcrop%26overlay-align%3Dbottom%252Cleft%26overlay-width%3D100p%26overlay-base64%3DL2ltZy9zdGF0aWMvb3ZlcmxheXMvdGctZGVmYXVsdC5wbmc%26s%3D26c930cf897f6dac484acc366e4e4d89&_nc_hash=AQANxzqCr0GljN28,6478,640,86,52,48,252,False
2019-02-03T15:12:05+0000,904277726319518_2156051984475413,preferido,preferido,110,added_photos,https://scontent-gru2-2.xx.fbcdn.net/v/t1.0-9/51082866_2156051814475430_4774889136383328256_n.jpg?_nc_cat=106&_nc_sid=110474&_nc_ohc=fi27zFubpb8AX_lVbuT&_nc_ht=scontent-gru2-2.xx&oh=45a28569b253876da39e51fc59e59620&oe=5EAF72D9,2325,31,17,5,0,339,True
2019-02-03T13:31:17+0000,904277726319518_2155905914490020,governo incapazes,governo incapazes,1601,shared_story,https://external-gru1-1.xx.fbcdn.net/safe_image.php?d=AQDnvVpCd1QqQIMl&url=https%3A%2F%2Ff.i.uol.com.br%2Ffotografia%2F2019%2F02%2F01%2F15490519225c54a812745d7_1549051922_3x2_rt.jpg&_nc_hash=AQCUyMM43St2hTQI,7516,706,236,1026,220,33,True
2019-02-03T12:15:24+0000,904277726319518_2155740501173228,criamos sisu sabiamos talentos revelariam nome jhenyfer exaluna escola publica negra aprovada medicina usp anos universidade todos,criamos sisu sabiamos talentos revelariam nome jhenyfer exaluna escola publica negra aprovada medicina usp anos universidade todos,6896,shared_story,https://external-gru1-1.xx.fbcdn.net/safe_image.php?d=AQDHxdrG7XZsjjCp&url=https%3A%2F%2Fs2.glbimg.com%2FSDc2Ygqbvb5pu7pE0bXB1RefX_g%3D%2F1200x%2Fsmart%2Ffilters%3Acover%28%29%3Astrip_icc%28%29%2Fi.s3.glbimg.com%2Fv1%2FAUTH_59edd422c0c84a879bd37670ae4f538a%2Finternal_photos%2Fbs%2F2019%2Fi%2FJ%2FrFHmusQDmje8oaKVb5yA%2Fcbfd5b33-ae39-4625-9986-f6f3beca0435.jpg&_nc_hash=AQDVpPWypV4_ZAn6,33732,80,377,4,6,12031,True
2019-02-03T11:09:42+0000,904277726319518_2155735741173704,bancadas tematicas boi bala biblia precisavam partido articulalas dem casa civil presidencia duas casas habilita exercer funcao troca poder desde fim ditadura espera momento,bancadas tematicas boi bala biblia precisavam partido articulalas dem casa civil presidencia duas casas habilita exercer funcao troca poder desde fim ditadura espera momento,609,mobile_status_update,None,4948,159,28,1030,142,24,True
2019-02-01T20:42:56+0000,904277726319518_2153419664738645,sera chamando povo brasileiro ladrao chamando teologo respeitavel estelionatario promovendo educacao basica distancia afastando educandos mestres afirmando universidade poucos atual ministro educacao caminho certo,sera chamando povo brasileiro ladrao chamando teologo respeitavel estelionatario promovendo educacao basica distancia afastando educandos mestres afirmando universidade poucos atual ministro educacao caminho certo,6346,mobile_status_update,None,13044,167,103,4389,2492,114,True
2019-01-31T16:48:35+0000,904277726319518_2151684201578858,experiencia requisito basico deste governo defensora ensino domiciliar assume pasta educacao,experiencia requisito basico deste governo defensora ensino domiciliar assume pasta educacao,3821,shared_story,https://external-gru1-1.xx.fbcdn.net/safe_image.php?d=AQBTpw8gcQ7XMDuV&url=http%3A%2F%2Fabrilexame.files.wordpress.com%2F2016%2F10%2Fsize_960_16_9_fachada-do-ministerio-da-educacao-mec-em-brasilia1.jpg%3Fquality%3D70%26strip%3Dinfo%26w%3D680%26h%3D453%26crop%3D1&_nc_hash=AQDdmhfqMwrhUDts,8077,255,233,3424,3775,23,True
2019-01-31T13:36:18+0000,904277726319518_2151445318269413,bazofias ministra familia diz alegado titulo mestre nao academico biblico chanceler fixa meta importante volta brasao republica capa passaportes ministro educacao acusa jornalista senior globo stalinista ta bom ne,bazofias ministra familia diz alegado titulo mestre nao academico biblico chanceler fixa meta importante volta brasao republica capa passaportes ministro educacao acusa jornalista senior globo stalinista ta bom ne,3413,mobile_status_update,None,11888,4595,325,2996,442,104,True
2019-01-30T23:36:40+0000,904277726319518_2150580851689193,belo artigo atual ministro educacao acredita alunos consequencias desastrosas declaracoes sobre elite intelectual,belo artigo atual ministro educacao acredita alunos consequencias desastrosas declaracoes sobre elite intelectual,675,shared_story,https://external-gru1-1.xx.fbcdn.net/safe_image.php?d=AQCiPmk-YCTkKopd&url=https%3A%2F%2Ff.i.uol.com.br%2Ffotografia%2F2018%2F09%2F14%2F15369476935b9bf5ed068c4_1536947693_3x2_rt.jpg&_nc_hash=AQB9MQcnLyX4_khE,2824,24,15,508,197,20,True
2019-01-30T19:17:34+0000,904277726319518_2150306961716582, , ,348,mobile_status_update,https://scontent-gru2-2.xx.fbcdn.net/v/t1.0-9/s720x720/51482028_2114010035334652_856566566454558720_n.jpg?_nc_cat=105&_nc_sid=110474&_nc_ohc=uPzLycPZ0zwAX-l3e7d&_nc_ht=scontent-gru2-2.xx&_nc_tp=7&oh=96775437314ac6ee8d5316778657244e&oe=5EAD5F01,4606,85,8,2783,22,292,False
2019-01-30T09:30:46+0000,904277726319518_2149340968479848,sinceramente entendo relacao lula nunca juridica transbordou politico tornou pessoal,sinceramente entendo relacao lula nunca juridica transbordou politico tornou pessoal,2845,mobile_status_update,None,19991,212,41,6558,977,145,True
2019-01-29T22:58:38+0000,904277726319518_2148735618540383,ato solidariedade jean wyllys boulos manu,ato solidariedade jean wyllys boulos manu,2873,added_photos,https://scontent-gru2-2.xx.fbcdn.net/v/t1.0-9/p720x720/50905773_2148735498540395_582067119143780352_n.jpg?_nc_cat=102&_nc_sid=110474&_nc_ohc=bFtrKF8avgIAX_Hqnl2&_nc_ht=scontent-gru2-2.xx&_nc_tp=6&oh=ba0de2ea18d1109c1397c03757a93cc6&oe=5EACDA2F,30134,1234,113,13,75,13464,True
2019-01-29T18:04:59+0000,904277726319518_2148408215239790,extraordinario artigo ana estela,extraordinario artigo ana estela,657,shared_story,https://external-gru1-1.xx.fbcdn.net/safe_image.php?d=AQA2JkoE99dosrZP&url=https%3A%2F%2Ff.i.uol.com.br%2Ffotografia%2F2018%2F12%2F07%2F15442095805c0ac4ac7ce49_1544209580_3x2_rt.jpg&_nc_hash=AQB-zWSBZhRnJcPE,6139,22,52,10,3,1151,True
2019-01-29T17:11:23+0000,904277726319518_2148340278579917,sentimentos lula,sentimentos lula,280,mobile_status_update,https://scontent-gru2-2.xx.fbcdn.net/v/t1.0-0/p480x480/51050381_2112126628856326_1888150971456946176_n.jpg?_nc_cat=106&_nc_sid=110474&_nc_ohc=t6hH1mrETB8AX9-GB9F&_nc_ht=scontent-gru2-2.xx&_nc_tp=6&oh=beafcb20c2ace8cc10b36aad1bc5a210&oe=5EAE251E,5591,46,9,3952,10,315,True
2019-01-29T14:35:48+0000,904277726319518_2148053771941901,dejeitos articulador politico governo bolsonaro senado leonardo quintao mdb retirou medida provisoria mp criou agencia nacional mineracao anm dois dispositivos aumentariam fiscalizacao barragens rejeitos,dejeitos articulador politico governo jb senado leonardo quintao mdb retirou medida provisoria mp criou agencia nacional mineracao anm dois dispositivos aumentariam fiscalizacao barragens rejeitos,1952,shared_story,https://external-gru1-1.xx.fbcdn.net/safe_image.php?d=AQCrVpkTBZygMUfP&url=http%3A%2F%2Fwww.valor.com.br%2Fsites%2Fdefault%2Ffiles%2Fimagecache%2Fmedia_library_big_horizontal%2Fgn%2F19%2F01%2Ffoto29emp-101-quintao-b2.jpg&_nc_hash=AQBXla6iH8AEoJUk,2671,33,72,350,881,8,True
2019-01-29T13:47:26+0000,904277726319518_2147987918615153,divertida materia,divertida materia,2502,shared_story,https://external-gru1-1.xx.fbcdn.net/safe_image.php?d=AQCpIBjL0MZuaKJ8&url=https%3A%2F%2Fogimg.infoglobo.com.br%2Fin%2F23407901-d3f-b7d%2FFT1086A%2F652%2FJantar-na-casa-de-Steve-Bannon.jpg&_nc_hash=AQA2tlUdTYb-sDi4,9992,4843,86,15,20,487,True
2019-01-29T12:56:18+0000,904277726319518_2147964721950806,entrevista jose claudio souza alves sociologo exproreitor extensao universidade federal rural rio janeiro ufrrj rio janeiro milicia nao poder paralelo estado,entrevista jose claudio souza alves sociologo exproreitor extensao universidade federal rural rio janeiro ufrrj rio janeiro milicia nao poder paralelo estado,1352,shared_story,https://external-gru1-1.xx.fbcdn.net/safe_image.php?d=AQDfVC0prdb3RXxI&url=https%3A%2F%2Fi0.wp.com%2Fapublica.org%2Fwp-content%2Fuploads%2F2019%2F01%2Fex-pm-estava-preso-quando-foi-homenageado-por-flavio-bolsonaro.jpg%3Ffit%3D1110%252C550%26ssl%3D1&_nc_hash=AQALOiDd6OHnxFeq,4060,31,327,758,127,21,True
2019-01-28T11:05:26+0000,904277726319518_2146308178783127,celso rocha barros bolsonaro herdeiro ideologico faccao forcas armadas ligada torturadores nao aceitou abertura democratica partiu crime esquadrao morte garimpo jogo bicho mesma linhagem deu milicias heranca agora ronda planalto,celso rocha barros jb herdeiro ideologico faccao forcas armadas ligada torturadores nao aceitou abertura democratica partiu crime esquadrao morte garimpo jogo bicho mesma linhagem deu milicias heranca agora ronda planalto,4976,shared_story,https://external-gru1-1.xx.fbcdn.net/safe_image.php?d=AQACFvg-mfIfgAMl&url=https%3A%2F%2Ff.i.uol.com.br%2Ffotografia%2F2019%2F01%2F25%2F15484643215c4bb0c1a27d1_1548464321_3x2_rt.jpg&_nc_hash=AQAMmFZ5ov5yITve,11572,173,229,1526,1024,76,True
2019-01-27T18:28:41+0000,904277726319518_2145365572210721,heranca temer reforma trabalhista limita indenizacao vitimas tragedia salarios bolsonaro pretende aprofundar reforma fiscalizacao estatal direitos trabalhistas dificultam vida dura empresarios,heranca temer reforma trabalhista limita indenizacao vitimas tragedia salarios jb pretende aprofundar reforma fiscalizacao estatal direitos trabalhistas dificultam vida dura empresarios,7477,shared_story,https://external-gru1-1.xx.fbcdn.net/safe_image.php?d=AQB7bET5ket1qpCi&url=https%3A%2F%2Fconteudo.imguol.com.br%2Fblogs%2F61%2Ffiles%2F2019%2F01%2Fbruma-1-615x300.jpg&_nc_hash=AQDPvTa_ajZ2D67z,10411,76,146,4249,3187,19,True
2019-01-26T15:36:03+0000,904277726319518_2143611065719505,[ instrumental ] [ verse ] still here still grinding hustling and striving in these dark times these dark minds i m diamond big ben is still chiming they nt wan see us smiling they wan keep us grimey but my politics still lively still here amongst the sirens thunder claps and violence down dust in lane i m scribing visits from your highness still here my dear despite the prophecies of seers smashed to pieces on the pier put myself back like ikea still here amongst the brass garments washed in starch london wind is biting harsh shiver my thin moustache i m crude but not into crass willing and able and up to the task they go low we go high it s fact they go low we go high like tax [ verse ] still here and cool still here like queen castle [ ] old school like tomatoes too ooh stood on the shoulders of greats in my hands my own faith make my enemies eat the cake cry river cry lake still here god willing old rebels still revelling calm inside with kettle in calm though times unsettling [ ] settled in nt want the beef that i m serving feline amongst these vermin black and proud and determined [ verse ] jump in the war left in this ditch ate with priest drive with witch man s [ ] heartbreak wherever my flag is pitched cutting my hunger fine things learning the lesson that time brings acquired this taste london pride spread my wings in these noxious skies in these streets these streets where foxes hide i m not yet old and i m so wise i take this strife in my stride i must admit it s tough at times but most nt like it i dive in this never never never never ending pressure piling on i m still here still unruly all sound and all fury all frown and all fury all gas and all fury peers jury burn ukip fuck the tories fuck the fascists end of story fuck em all fuck em truly call roach cause i m resilient i m born strong the son of an immigrant struggling element and i ll be here i ll be here when your cities are sediment and only your borders and fences are left i ll be here when your banks stop selling debt and all your leaders stop selling death and you ve lost all relevance in the corner with your pen and paper scribing your last will and testament [ outro ] i m still here i m still here i m still here i m still here man still here i m still here i m still here dun know,[ instrumental ] [ verse ] still here still grinding hustling and striving in these dark times these dark minds i m diamond big ben is still chiming they nt wan see us smiling they wan keep us grimey but my politics still lively still here amongst the sirens thunder claps and violence down dust in lane i m scribing visits from your highness still here my dear despite the prophecies of seers smashed to pieces on the pier put myself back like ikea still here amongst the brass garments washed in starch london wind is biting harsh shiver my thin moustache i m crude but not into crass willing and able and up to the task they go low we go high it s fact they go low we go high like tax [ verse ] still here and cool still here like queen castle [ ] old school like tomatoes too ooh stood on the shoulders of greats in my hands my own faith make my enemies eat the cake cry river cry lake still here god willing old rebels still revelling calm inside with kettle in calm though times unsettling [ ] settled in nt want the beef that i m serving feline amongst these vermin black and proud and determined [ verse ] jump in the war left in this ditch ate with priest drive with witch man s [ ] heartbreak wherever my flag is pitched cutting my hunger fine things learning the lesson that time brings acquired this taste london pride spread my wings in these noxious skies in these streets these streets where foxes hide i m not yet old and i m so wise i take this strife in my stride i must admit it s tough at times but most nt like it i dive in this never never never never ending pressure piling on i m still here still unruly all sound and all fury all frown and all fury all gas and all fury peers jury burn ukip fuck the tories fuck the fascists end of story fuck em all fuck em truly call roach cause i m resilient i m born strong the son of an immigrant struggling element and i ll be here i ll be here when your cities are sediment and only your borders and fences are left i ll be here when your banks stop selling debt and all your leaders stop selling death and you ve lost all relevance in the corner with your pen and paper scribing your last will and testament [ outro ] i m still here i m still here i m still here i m still here man still here i m still here i m still here dun know,102,shared_story,https://external-gru1-1.xx.fbcdn.net/safe_image.php?d=AQBmreQjSUb2eODP&url=https%3A%2F%2Fimages.genius.com%2F5b2094ac54651e994593a1a7176ad644.640x640x1.jpg&_nc_hash=AQBNHcjjjpdR7zNv,1152,5,8,83,7,150,True
2019-01-26T10:38:45+0000,904277726319518_2143200372427241,ma escolha governo errou nomear ministro meio ambiente alguem cujas posicoes estao contramao pais precisa bolsonaro ate ontem so falava afrouxar fiscalizacao facilitar licenciamento veremos agora,ma escolha governo errou nomear ministro meio ambiente alguem cujas posicoes estao contramao pais precisa jb ate ontem so falava afrouxar fiscalizacao facilitar licenciamento veremos agora,1814,shared_story,https://external-gru1-1.xx.fbcdn.net/safe_image.php?d=AQDtArRfAZZ0qBXc&url=https%3A%2F%2Ff.i.uol.com.br%2Ffotografia%2F2018%2F01%2F31%2F15174338955a7234277779e_1517433895_1x1_md.jpg&_nc_hash=AQCnbGGpFR5WdYXO,7310,56,24,1050,326,41,True
2019-01-25T17:23:54+0000,904277726319518_2142111405869471,relacao bolsonaro milicias antiga bolsonaro atacou condenacao homicidio expolicial agora foragido,relacao jb milicias antiga jb atacou condenacao homicidio expolicial agora foragido,1673,shared_story,https://external-gru1-1.xx.fbcdn.net/safe_image.php?d=AQC3bVtsgKWE53nn&url=https%3A%2F%2Ff.i.uol.com.br%2Ffotografia%2F2018%2F10%2F07%2F15389448385bba6f46c43df_1538944838_3x2_rt.jpg&_nc_hash=AQBGo8wR_GwhSemj,4037,81,114,316,704,16,True
2019-01-25T14:48:46+0000,904277726319518_2141879105892701,escandalo flavio bolsonaro explica ataque contra transparencia publica lei acesso informacao acoes coaf ameacadas,escandalo flavio jb explica ataque contra transparencia publica lei acesso informacao acoes coaf ameacadas,2059,shared_story,https://external-gru1-1.xx.fbcdn.net/safe_image.php?d=AQDQVgBktzo5zwBK&url=https%3A%2F%2Fblogdomag.blogfolha.uol.com.br%2Ffiles%2F2019%2F01%2FMour%C3%A3o-interino.jpg&_nc_hash=AQBf6BFGDWAie12J,5028,77,79,482,923,9,True
2019-01-25T14:11:50+0000,904277726319518_2141828329231112,querido presidente lembranca daquele brasil forca coragem seguir luta sempre juntos,querido presidente lembranca daquele brasil forca coragem seguir luta sempre juntos,579,mobile_status_update,https://scontent-gru2-2.xx.fbcdn.net/v/t1.0-9/s720x720/50950885_2106315976104058_495386643226689536_n.jpg?_nc_cat=100&_nc_sid=110474&_nc_ohc=sGyCyFW8IHwAX_C7wuF&_nc_ht=scontent-gru2-2.xx&_nc_tp=7&oh=c532d1831b511d053c1af36360985c9c&oe=5EAEB8FD,8610,383,25,13,21,3945,True
2019-01-25T11:28:25+0000,904277726319518_2141636845916927,vergonha internacional damares acusa pais holandeses masturbarem bebes partir sete meses gera indignacao,vergonha internacional damares acusa pais holandeses masturbarem bebes partir sete meses gera indignacao,10118,shared_story,https://external-gru1-1.xx.fbcdn.net/safe_image.php?d=AQDhddwUlazuKeY5&url=https%3A%2F%2Fconteudo.imguol.com.br%2Ff2%2F2019%2F01%2F16%2Fministra-damares-governo-bolsonaro-1547687991456_615x300.png&_nc_hash=AQBC8vyySH2Dr_36,19389,1193,1643,4912,11430,45,True
2019-01-24T23:00:58+0000,904277726319518_2140987115981900,voce brasil voltara ser todos,voce brasil voltara ser todos,16659,added_photos,https://scontent-gru2-2.xx.fbcdn.net/v/t1.0-9/s720x720/50914605_2140987102648568_7225151589156126720_n.jpg?_nc_cat=105&_nc_sid=110474&_nc_ohc=gyfJ_fEa9iUAX_FCLrG&_nc_ht=scontent-gru2-2.xx&_nc_tp=7&oh=da60ec86895a0fcb8426a2f52defc86b&oe=5EAF2AAA,87129,4776,99,12229,122,41085,True
2019-01-24T16:08:04+0000,904277726319518_2140578309356114, , ,806,shared_story,https://external-gru1-1.xx.fbcdn.net/safe_image.php?d=AQAD9RVcHLmW_gI6&url=https%3A%2F%2Ff.i.uol.com.br%2Ffotografia%2F2019%2F01%2F23%2F15482866435c48fab3c0a36_1548286643_3x2_xl.jpg&_nc_hash=AQDq0Dvc4qFlGVpq,5904,147,24,1,11,1385,False
2019-01-24T10:40:51+0000,904277726319518_2140147892732489,estadao bastante chateado desempenho bolsonaro davos segundo jornal rapaz demonstrou despreparo fisico psicologico fraquejou menos nao desmaiou,estadao bastante chateado desempenho jb davos segundo jornal rapaz demonstrou despreparo fisico psicologico fraquejou menos nao desmaiou,2138,shared_story,https://external-gru1-1.xx.fbcdn.net/safe_image.php?d=AQAN7tw_zpLPfH8x&url=http%3A%2F%2Fwww.estadao.com.br%2Festadao%2Fnovo%2Fimg%2Festadao.gif&_nc_hash=AQCLXVYM9tIcICxy,14330,10744,70,43,47,1422,True
2019-01-23T19:54:48+0000,904277726319518_2139383199475625,duas horas boa conversa amigo antonio costa primeiroministro portugal foto ricardo stuckert,duas horas boa conversa amigo antonio costa primeiroministro portugal foto ricardo stuckert,1728,added_photos,https://scontent-gru2-2.xx.fbcdn.net/v/t1.0-9/s720x720/50925323_2139383176142294_3668221109544681472_n.jpg?_nc_cat=105&_nc_sid=110474&_nc_ohc=yu5DSMjxZDcAX95Wn0z&_nc_ht=scontent-gru2-2.xx&_nc_tp=7&oh=280741d795024d079b5b997e46324061&oe=5EAE88EB,9547,269,43,1,9,2853,True
2019-01-23T11:05:03+0000,904277726319518_2138745802872698,excelente ato democracia perda direitos brasil lisboa portugal fotos ricardo stuckert,excelente ato democracia perda direitos brasil lisboa portugal fotos ricardo stuckert,987,added_photos,https://scontent-gru2-2.xx.fbcdn.net/v/t1.0-9/s720x720/50459909_2138745709539374_4558588050711511040_n.jpg?_nc_cat=100&_nc_sid=110474&_nc_ohc=AHT81XmClc0AX_UdfXq&_nc_ht=scontent-gru2-2.xx&_nc_tp=7&oh=2f401faeb317790fdd35a9118e1bb0a9&oe=5EAFCDB3,5477,198,31,2,10,1587,True
2019-01-23T00:30:44+0000,904277726319518_2138184969595448,hoje ato democracia perda direitos brasil lisboa portugal foto ricardo stuckert,hoje ato democracia perda direitos brasil lisboa portugal foto ricardo stuckert,2546,added_photos,https://scontent-gru1-1.xx.fbcdn.net/v/t1.0-9/s720x720/50834256_2138184956262116_4728080199084670976_n.jpg?_nc_cat=104&_nc_sid=8024bb&_nc_ohc=heexkQBeOmUAX_Cysm0&_nc_ht=scontent-gru1-1.xx&_nc_tp=7&oh=39737c3787e162a9f1164c798ec52c9a&oe=5EACDE29,11444,208,89,4,11,4124,True
2019-01-22T23:22:48+0000,904277726319518_2138156559598289, , ,7342,shared_story,https://external-gru1-1.xx.fbcdn.net/safe_image.php?d=AQBxNqRfW3VASKo9&url=https%3A%2F%2Fconteudo.imguol.com.br%2Fc%2Finteracao%2Ffacebook%2Fuol-noticias-600px.jpg&_nc_hash=AQB5RTGyhRBfB6uu,24891,6807,180,326,94,1811,False
2019-01-22T19:18:41+0000,904277726319518_2196242877304328,democracia perda direitos brasil lisboa portugal,democracia perda direitos brasil lisboa portugal,3342,added_video,https://scontent-gru2-2.xx.fbcdn.net/v/t15.5256-10/49787436_2196252730636676_3223126046568087552_n.jpg?_nc_cat=100&_nc_sid=ad6a45&_nc_ohc=E_kHkXac91YAX81EN5F&_nc_ht=scontent-gru2-2.xx&oh=fb110087be8edfc75ddb46813e2f1ead&oe=5EAF3FDB,8055,332,53,17,147,6084,True
2019-01-22T19:13:55+0000,904277726319518_549903078861443,democracia perda direitos brasil lisboa portugal,democracia perda direitos brasil lisboa portugal,2796,added_video,https://scontent-gru2-1.xx.fbcdn.net/v/t15.5256-10/49697364_549904112194673_5839171333568593920_n.jpg?_nc_cat=109&_nc_sid=ad6a45&_nc_ohc=TF-k_1REMVoAX-Sgwuk&_nc_ht=scontent-gru2-1.xx&oh=8b261e0bd6a3fe13fdca1e15dc7d1ba3&oe=5EAD68A7,5790,86,24,4,20,2394,True
2019-01-22T12:30:59+0000,904277726319518_2137323716348240,expremies espanha felipe gonzalez jose luis zapatero fundador podemos juan carlos monedero fotos ricardo stuckert,expremies espanha felipe gonzalez jose luis zapatero fundador podemos juan carlos monedero fotos ricardo stuckert,324,added_photos,https://scontent-gru2-2.xx.fbcdn.net/v/t1.0-9/s720x720/50277511_2137323693014909_4808810998540533760_n.jpg?_nc_cat=105&_nc_sid=8024bb&_nc_ohc=SPLX6GPHM28AX9mXs9R&_nc_ht=scontent-gru2-2.xx&_nc_tp=7&oh=67c9b054dab49c8be3091d936028217b&oe=5EAC73D3,3769,67,24,0,4,840,True
2019-01-22T10:02:01+0000,904277726319518_2137220996358512,excelente agenda expremies zapatero felipe gonzalez alem monedero dirigentes podemos espanha debater frente contra extrema direita,excelente agenda expremies zapatero felipe gonzalez alem monedero dirigentes podemos espanha debater frente contra extrema direita,886,shared_story,https://external-gru1-1.xx.fbcdn.net/safe_image.php?d=AQCyatTPzOWvB6_W&url=https%3A%2F%2Ff.i.uol.com.br%2Ffotografia%2F2019%2F01%2F21%2F15481081725c46418c874c8_1548108172_3x2_rt.jpg&_nc_hash=AQCtf9Eds-yvxn3w,5995,103,17,0,5,1033,True
2019-01-21T14:18:22+0000,904277726319518_2136071623140116,agora,agora,1319,shared_story,https://external-gru1-1.xx.fbcdn.net/safe_image.php?d=AQDzqzXmQQzAlD-j&url=https%3A%2F%2Fs2.glbimg.com%2Fs5art1pOYG-O7cqnmM5ptXeO80s%3D%2F1200x%2Fsmart%2Ffilters%3Acover%28%29%3Astrip_icc%28%29%2Fi.s3.glbimg.com%2Fv1%2FAUTH_59edd422c0c84a879bd37670ae4f538a%2Finternal_photos%2Fbs%2F2018%2FI%2FL%2FcB4ekPR6mRcxaI0CZNwA%2F2018-04-24t170032z-1312577258-rc18a5ffa8a0-rtrmadp-3-whatsapp-privacy-eu.jpg&_nc_hash=AQArrxbyrsyE0S7s,13729,5574,239,215,439,934,True
2019-01-20T22:56:21+0000,904277726319518_2135218189892126,jantar caminhando madri encantadora pilar del rio politica prato principal literatura sobremesa combinamos visita fundacao jose saramago lisboa foto ricardo stuckert,jantar caminhando madri encantadora pilar del rio politica prato principal literatura sobremesa combinamos visita fundacao jose saramago lisboa foto ricardo stuckert,1271,added_photos,https://scontent-gru2-1.xx.fbcdn.net/v/t1.0-9/p720x720/50583727_2135217919892153_1423213017838911488_n.jpg?_nc_cat=107&_nc_sid=110474&_nc_ohc=ity9tFRBd1YAX9LiE6l&_nc_ht=scontent-gru2-1.xx&_nc_tp=6&oh=0dcec58ec67aa0a0dda2d082f66069c7&oe=5EAE87E5,16442,94,255,2,9,4671,True
2019-01-20T20:15:48+0000,904277726319518_2135045586576053,thread escandalo bolsonaro ana cristina exmulher bolsonaro acusou deputado ter renda superior recebia deputado militar reformado renda mensal chegava r mil reais r mil valores atualizados,thread escandalo jb ana cristina exmulher jb acusou deputado ter renda superior recebia deputado militar reformado renda mensal chegava r mil reais r mil valores atualizados,3036,shared_story,https://external-gru1-1.xx.fbcdn.net/safe_image.php?d=AQB1oHQGYOPxNvm9&url=https%3A%2F%2Fs2.glbimg.com%2FjJFTrzLIWak8geBjHMfHG7kifCI%3D%2F1200x%2Fsmart%2Ffilters%3Acover%28%29%3Astrip_icc%28%29%2Fs01.video.glbimg.com%2Fx720%2F7051356.jpg&_nc_hash=AQAwvlvyoOXGHc_T,9293,800,697,28,124,96,True
2019-01-20T12:37:31+0000,904277726319518_2134483503298928,athena entrevista el pais,athena entrevista el pais,950,added_photos,https://scontent-gru2-2.xx.fbcdn.net/v/t1.0-9/50498014_2134483189965626_5589437281866874880_n.jpg?_nc_cat=105&_nc_sid=110474&_nc_ohc=SnIFVfdQ13gAX_6qpFD&_nc_ht=scontent-gru2-2.xx&oh=ffef53e02d09599eff709810029fdbc7&oe=5EAE3559,11704,180,69,1,7,6162,True
2019-01-20T09:37:16+0000,904277726319518_2134304213316857,thread escandalo bolsonaro r milhoes queiroz logo logo explica evolucao patrimonial,thread escandalo jb r milhoes queiroz logo logo explica evolucao patrimonial,2921,shared_story,https://external-gru1-1.xx.fbcdn.net/safe_image.php?d=AQCERui8ERHcA5Jd&url=https%3A%2F%2Fs2.glbimg.com%2F3K1FhA4utNZLfaysaSFLDug1DVY%3D%2F666x375%2Fi.glbimg.com%2Fog%2Fig%2Finfoglobo1%2Ff%2Foriginal%2F2018%2F12%2F10%2Fxfabricio-e-flavio.jpg.pagespeed.ic.f_73jw_lqm.jpg&_nc_hash=AQBvqWDE0hTpnlDn,9963,1172,580,58,169,155,True
2019-01-19T18:00:23+0000,904277726319518_2133388510075094,escape the debate,escape the debate,6010,shared_story,https://external-gru1-1.xx.fbcdn.net/safe_image.php?d=AQCc98zCg5VX_Wuy&url=https%3A%2F%2Fpolitica.estadao.com.br%2Fblogs%2Fcoluna-do-estadao%2Fwp-content%2Fuploads%2Fsites%2F352%2F2018%2F10%2FBOLSONARORINDO.jpg&_nc_hash=AQAbJbyZwnyLvYSr,12369,9508,557,83,270,200,True
2019-01-19T09:55:08+0000,904277726319518_2132794776801134,thread escandalo bolsonaro deveria comecar esquecida reportagem afinal deputado amealhou patrimonio imobiliario r mi aprovar unico projeto relevante real funcao assessoria,thread escandalo jb deveria comecar esquecida reportagem afinal deputado amealhou patrimonio imobiliario r mi aprovar unico projeto relevante real funcao assessoria,6286,shared_story,https://external-gru1-1.xx.fbcdn.net/safe_image.php?d=AQDZpa7MLdJhYTeu&url=https%3A%2F%2Ff.i.uol.com.br%2Ffotografia%2F2018%2F01%2F05%2F15151647185a4f942ecb413_1515164718_3x4_md.jpg&_nc_hash=AQCU6ij0GY_0YKok,16184,434,934,128,1335,205,True
2019-01-18T16:23:14+0000,904277726319518_2131786813568597,entrevista dei el pais,entrevista dei el pais,1785,shared_story,https://external-gru1-1.xx.fbcdn.net/safe_image.php?d=AQDTJ5tBWRO3PjcQ&url=https%3A%2F%2Fep00.epimg.net%2Fbrasil%2Fimagenes%2F2019%2F01%2F16%2Fpolitica%2F1547642566_811137_1547642796_rrss_normal.jpg&_nc_hash=AQBseh5DhunU4ocQ,18447,199,44,16,16,2394,True
2019-01-17T17:43:58+0000,904277726319518_2130438097036802,luz esperanca pesquisas indicam rejeicao ingleses brexit somado possivel impeachment trump mundial retrocessos pode ter vida curta,luz esperanca pesquisas indicam rejeicao ingleses brexit somado possivel impeachment trump mundial retrocessos pode ter vida curta,515,shared_story,https://external-gru1-1.xx.fbcdn.net/safe_image.php?d=AQCjPvVZSxHtIXgR&url=https%3A%2F%2Fi.guim.co.uk%2Fimg%2Fmedia%2Fd333868df3256845f50b6fd7139bb3202537d4ca%2F0_209_5576_3345%2Fmaster%2F5576.jpg%3Fwidth%3D1200%26height%3D630%26quality%3D85%26auto%3Dformat%26fit%3Dcrop%26overlay-align%3Dbottom%252Cleft%26overlay-width%3D100p%26overlay-base64%3DL2ltZy9zdGF0aWMvb3ZlcmxheXMvdGctb3BpbmlvbnMucG5n%26s%3D6756381acaec2db9e34ce9fd36590160&_nc_hash=AQCuqF0Q7QvWEw4j,4473,75,24,0,1,767,True
2019-01-17T15:40:38+0000,904277726319518_2130298060384139,jr deu fraquejada flavio bolsonaro pede stf suspende investigacao sobre queiroz,jr deu fraquejada flavio jb pede stf suspende investigacao sobre queiroz,12302,shared_story,https://external-gru1-1.xx.fbcdn.net/safe_image.php?d=AQAtE3emtuyuafVU&url=https%3A%2F%2Fconteudo.imguol.com.br%2Fc%2Fnoticias%2F20%2F2018%2F12%2F21%2Fflavio-bolsonaro-e-seu-ex-assessor-fabricio-queiroz-1545416060381_v2_750x421.jpg&_nc_hash=AQBJF1YRPNMhnPHS,23339,4418,480,1155,9515,280,True
2019-01-17T12:20:47+0000,904277726319518_2130015453745733,defender decreto armas ministro contestou estudos apresentou dados falsos praticas sido comuns neste inicio governo,defender decreto armas ministro contestou estudos apresentou dados falsos praticas sido comuns neste inicio governo,2630,shared_story,https://external-gru1-1.xx.fbcdn.net/safe_image.php?d=AQAJDFmSUE9x7OY0&url=https%3A%2F%2Fs2.glbimg.com%2FnuZx-n02kZKMFr2i3H9kqns9iWA%3D%2F640x424%2Ftop%2Fi.glbimg.com%2Fog%2Fig%2Finfoglobo1%2Ff%2Foriginal%2F2019%2F01%2F07%2F80259622_bsb_-_brasilia_-_brasil_-_11-12-2018_-_pa_-_o_futuro_ministro_da_casa_civil_onyx_lorenz.jpg&_nc_hash=AQBRKXdBQOYFYacn,5970,65,63,841,1197,12,True
2019-01-17T09:25:29+0000,904277726319518_2129829623764316,patria amada militares intensificam lobby ficar reforma previdencia,patria amada militares intensificam lobby ficar reforma previdencia,3059,shared_story,https://external-gru1-1.xx.fbcdn.net/safe_image.php?d=AQAlVAbPSOQVGiK-&url=https%3A%2F%2Ff.i.uol.com.br%2Ffotografia%2F2019%2F01%2F16%2F15476902125c3fe0e4e3a60_1547690212_3x2_rt.jpg&_nc_hash=AQDm71zrD10iRFKE,5331,180,82,475,2065,19,True
2019-01-16T10:01:29+0000,904277726319518_2128453447235267,nao deixe onyx alcance criancas,nao deixe onyx alcance criancas,1559,mobile_status_update,None,13723,6327,30,78,21,1993,True
2019-01-15T21:00:21+0000,904277726319518_2127754190638526, , ,2776,mobile_status_update,https://scontent-gru2-2.xx.fbcdn.net/v/t1.0-9/s720x720/49946728_2092457134156609_3405927040166133760_n.jpg?_nc_cat=106&_nc_sid=110474&_nc_ohc=VzRu6NjbTs4AX8STqdO&_nc_ht=scontent-gru2-2.xx&_nc_tp=7&oh=70fd11b61d942472729fd4f2e07cada4&oe=5EAC1E39,24721,878,39,71,10,7487,False
2019-01-15T17:54:37+0000,904277726319518_2127550847325527,privilegios brasileiros defende inclusao militares reforma previdencia diz pesquisa,privilegios brasileiros defende inclusao militares reforma previdencia diz pesquisa,738,shared_story,https://external-gru1-1.xx.fbcdn.net/safe_image.php?d=AQDCaCYCNAivgvZe&url=https%3A%2F%2Fi.glbimg.com%2Fog%2Fig%2Finfoglobo1%2Ff%2Foriginal%2Fblog%2Fimage_share%2Fancelmo.jpg&_nc_hash=AQDEiggkrcIsT5sA,3524,58,8,5,5,210,True
2019-01-15T11:16:41+0000,904277726319518_2127079150706030,pouca gente sabe seguranca primeiros direitos assegurados estado moderno liberacao armas remete premodernidade conduzira privatizacao desse servico publico legalizacao milicias proximo passo ha pl bolsonaro sobre tema,pouca gente sabe seguranca primeiros direitos assegurados estado moderno liberacao armas remete premodernidade conduzira privatizacao desse servico publico legalizacao milicias proximo passo ha pl jb sobre tema,1962,mobile_status_update,None,10522,181,159,2842,870,97,True
2019-01-14T20:15:01+0000,904277726319518_2126260720787873,recuo bemvindo bolsonaro concordou manter pais acordo paris diz ministro ruralista,recuo bemvindo jb concordou manter pais acordo paris diz ministro ruralista,1701,shared_story,https://external-gru1-1.xx.fbcdn.net/safe_image.php?d=AQBgraBm90GUYMTL&url=https%3A%2F%2Fconteudo.imguol.com.br%2Fc%2Fnoticias%2F24%2F2018%2F12%2F18%2Fricardo-salles-1545163312126_v2_750x421.jpg&_nc_hash=AQBKzHhetR0rDw6C,11455,1394,97,9,14,745,True
2019-01-14T19:30:42+0000,904277726319518_2126214367459175,jr nao bate bem,jr nao bate bem,1273,shared_story,https://external-gru1-1.xx.fbcdn.net/safe_image.php?d=AQDrJ7r0oNyH9K6m&url=https%3A%2F%2Fwww.diariodocentrodomundo.com.br%2Fwp-content%2Fuploads%2F2019%2F01%2Fdonald-trump-jr.jpg&_nc_hash=AQAZ1yS11eZ4gtlS,3590,983,248,299,1895,24,True
2019-01-13T18:16:34+0000,904277726319518_2124678934279385,fevereiro ana estela haddad apresentavamos prouni recemempossado ministro tarso genro menos ano ha precisamente quatorze anos dia janeiro programa convertia lei la ca dois milhoes brasileiros baixa renda egressos escola publica facilitado acesso educacao superior obrigado lula tarso privilegio estela trabalhar voces parabens prounistas provarem renda merito nao confundem,fevereiro ana estela fh apresentavamos prouni recemempossado ministro tarso genro menos ano ha precisamente quatorze anos dia janeiro programa convertia lei la ca dois milhoes brasileiros baixa renda egressos escola publica facilitado acesso educacao superior obrigado lula tarso privilegio estela trabalhar voces parabens prounistas provarem renda merito nao confundem,1508,mobile_status_update,https://scontent-gru2-1.xx.fbcdn.net/v/t15.13418-10/48548663_1983605041755908_8142211734887727104_n.jpg?_nc_cat=111&_nc_sid=ad6a45&_nc_ohc=9iAtrlcvs-EAX_mhkGE&_nc_ht=scontent-gru2-1.xx&oh=1f06e5a14489786ff3a02c556700f9da&oe=5EADC84C,7558,55,14,170,7,2550,True
2019-01-13T13:16:06+0000,904277726319518_2124259657654646,maioria brasileiros contraria reducao terras indigenas,maioria brasileiros contraria reducao terras indigenas,2442,shared_story,https://external-gru1-1.xx.fbcdn.net/safe_image.php?d=AQC1VjGVfc1yMz5m&url=https%3A%2F%2Ff.i.uol.com.br%2Ffotografia%2F2019%2F01%2F12%2F15472883485c39bf1c0558b_1547288348_3x2_rt.jpg&_nc_hash=AQC4TYqqs9Dl-k2U,9870,61,14,448,18,721,True
2019-01-12T20:12:09+0000,904277726319518_2123270321086913,economista anos nenhuma especializacao educacao comandara inep responsavel maior vestibular pais,economista anos nenhuma especializacao educacao comandara inep responsavel maior vestibular pais,2429,shared_story,https://external-gru1-1.xx.fbcdn.net/safe_image.php?d=AQC8aKX37EGhaeGL&url=https%3A%2F%2Fep00.epimg.net%2Fbrasil%2Fimagenes%2F2019%2F01%2F09%2Fpolitica%2F1547054312_400224_1547304729_rrss_normal.jpg&_nc_hash=AQCxWTTp2SjmVO31,4956,243,200,2843,3361,19,True
2019-01-12T19:17:54+0000,904277726319518_2123209751092970,trabalho robos utilizados bolsonaro twitter durante eleicoes sao desativados,trabalho robos utilizados jb twitter durante eleicoes sao desativados,4303,shared_story,https://external-gru1-1.xx.fbcdn.net/safe_image.php?d=AQCtkNeykmY2om9G&url=http%3A%2F%2Fabrilveja.files.wordpress.com%2F2019%2F01%2Fbotseleic%CC%A7o%CC%83es.jpg%3Fquality%3D70%26strip%3Dinfo%26w%3D680%26h%3D453%26crop%3D1&_nc_hash=AQD-zQkcZ3ftPmvz,14371,4951,1322,212,723,103,True
2019-01-12T15:58:13+0000,904277726319518_2122973974449881,rolando alegria,rolando alegria,4413,shared_story,https://external-gru1-1.xx.fbcdn.net/safe_image.php?d=AQDt-zrMVQA3Olzw&url=https%3A%2F%2Fimg.estadao.com.br%2Fresources%2Fjpg%2F1%2F4%2F1545860853441.jpg&_nc_hash=AQAGvdmVlJRn-reg,13397,4976,334,295,3594,142,True
2019-01-11T17:20:19+0000,904277726319518_2121612594586019,recuo bolsonaro apaga tuite dizia indicado capacidade tecnica acabou,recuo jb apaga tuite dizia indicado capacidade tecnica acabou,4608,shared_story,https://external-gru1-1.xx.fbcdn.net/safe_image.php?d=AQAC_nYv5CuGNzkY&url=https%3A%2F%2Ff.i.uol.com.br%2Ffotografia%2F2019%2F01%2F07%2F15468870645c339f981ae00_1546887064_3x2_rt.jpg&_nc_hash=AQCl7Y5bmxBKScO-,10769,7964,147,97,832,97,True
2019-01-10T21:12:42+0000,904277726319518_2120439584703320,obrigado flavio tavares livro linha sonho paraiba mundo celebrem arte eternidade,obrigado flavio tavares livro linha sonho paraiba mundo celebrem arte eternidade,149,added_photos,https://scontent-gru1-1.xx.fbcdn.net/v/t1.0-9/s720x720/50412338_2120438984703380_8871810091590877184_n.jpg?_nc_cat=110&_nc_sid=110474&_nc_ohc=oN35d9187p8AX-t7Pc4&_nc_ht=scontent-gru1-1.xx&_nc_tp=7&oh=e8c0e392b34cd32c65e44ffd6bb759a9&oe=5EAC24AB,3661,12,102,0,1,763,True
2019-01-10T20:05:17+0000,904277726319518_2120362448044367,criacao evolucao tio certa vez tio chama conversa sobre polemica criacionismo evolucionismo diz pensado respeito digo ciencia errada podendo deus criar homem imagem semelhanca nao criado antes macaco bom argumento respondo leve sorriso admiracao volta carga igreja contudo tambem errada nao reconhecer parentesco homem macaco nao homem continua evoluiu macaco macaco involucao homem homens desgarram intolerantes homens odeiam buscam isolamento progressivamente involuem condicao animal tio respondo querer parecer ironico teoria nao so supera contradicao fe ciencia explica bem desumanidade saudades pai tios tias lavradores filhos padre cristao ortodoxo nao puderam estudar nao conhecimento cientifico sede sabedoria respeitava demais,criacao evolucao tio certa vez tio chama conversa sobre polemica criacionismo evolucionismo diz pensado respeito digo ciencia errada podendo deus criar homem imagem semelhanca nao criado antes macaco bom argumento respondo leve sorriso admiracao volta carga igreja contudo tambem errada nao reconhecer parentesco homem macaco nao homem continua evoluiu macaco macaco involucao homem homens desgarram intolerantes homens odeiam buscam isolamento progressivamente involuem condicao animal tio respondo querer parecer ironico teoria nao so supera contradicao fe ciencia explica bem desumanidade saudades pai tios tias lavradores filhos padre cristao ortodoxo nao puderam estudar nao conhecimento cientifico sede sabedoria respeitava demais,494,mobile_status_update,None,7690,144,55,0,3,2077,True
2019-01-10T18:07:05+0000,904277726319518_2120221654725113,pessoal hoje dia ne,pessoal hoje dia ne,2608,shared_story,https://external-gru1-1.xx.fbcdn.net/safe_image.php?d=AQCrpdL29cKtrITk&url=https%3A%2F%2Fpolitica.estadao.com.br%2Fblogs%2Fcoluna-do-estadao%2Fwp-content%2Fuploads%2Fsites%2F352%2F2019%2F01%2Falex-carreiro.jpg&_nc_hash=AQAwmr2OX7h7X2hE,15057,9302,270,94,59,932,True
2019-01-10T10:36:06+0000,904277726319518_2119703841443561,reforma sistemas previdenciarios deveria focar inicialmente privilegios regimes proprios incluindo militares ate legitimar ajustes regime geral,reforma sistemas previdenciarios deveria focar inicialmente privilegios regimes proprios incluindo militares ate legitimar ajustes regime geral,1590,shared_story,https://external-gru1-1.xx.fbcdn.net/safe_image.php?d=AQBdoGuOEpQcW8T9&url=https%3A%2F%2Ff.i.uol.com.br%2Ffotografia%2F2018%2F08%2F16%2F15343921745b74f76ea0190_1534392174_3x2_lg.jpg&_nc_hash=AQCR2XGJ2uj8FgGk,5082,46,99,577,868,70,True
2019-01-09T21:23:32+0000,904277726319518_2119026688177943,livro didatico bozo recua menos h recorde,livro didatico bozo recua menos h recorde,4159,shared_story,None,18629,11099,190,55,93,2020,True
2019-01-09T19:29:09+0000,904277726319518_2118908728189739,ibama anula multa ambiental bolsonaro aplicada fiscal comunista processo volta estaca zero nao multado pescar multado porque vara pesca fiscal presumiu pescando,ibama anula multa ambiental jb aplicada fiscal comunista processo volta estaca zero nao multado pescar multado porque vara pesca fiscal presumiu pescando,5697,shared_story,https://external-gru1-1.xx.fbcdn.net/safe_image.php?d=AQBgyVPOsH5oL3ZY&url=https%3A%2F%2Ff.i.uol.com.br%2Ffotografia%2F2018%2F10%2F15%2F15396168805bc4b070e7aa6_1539616880_3x2_md.jpg&_nc_hash=AQBpZDXNlMLurWN3,8470,4806,417,636,6358,77,True
2019-01-09T17:00:57+0000,904277726319518_2118746841539261,imprensa so pode estar brincadeira governo bolsonaro muda edital passa permitir erros propagandas livros didaticos,imprensa so pode estar brincadeira governo jb muda edital passa permitir erros propagandas livros didaticos,3139,shared_story,https://external-gru1-1.xx.fbcdn.net/safe_image.php?d=AQBBD4HUs_rc6OBt&url=https%3A%2F%2Feducacao.estadao.com.br%2Fblogs%2Fblog-renata-cafardo%2Fwp-content%2Fuploads%2Fsites%2F704%2F2019%2F01%2Flivraria-nilton-fukuda-estadao-conteudo-300x300.jpg&_nc_hash=AQApjMbQcLm9arWD,4710,213,452,2543,3021,17,True
2019-01-09T12:30:20+0000,904277726319518_2118377841576161,brasil melhor,brasil melhor,5677,added_photos,https://scontent-gru2-1.xx.fbcdn.net/v/t1.0-9/p720x720/49608108_2118377808242831_6568326234898432000_n.jpg?_nc_cat=107&_nc_sid=8024bb&_nc_ohc=013qdpVGKTMAX8eaxLl&_nc_ht=scontent-gru2-1.xx&_nc_tp=6&oh=4214ef5d6aabc819b5a3d94aa95725cf&oe=5EAE788A,14240,789,61,14,23,3452,True
2019-01-09T11:15:49+0000,904277726319518_2118328444914434,macaquear eua virou politica estado decisao retirar brasil pacto migracao tera pouco efeito pratico interno nao ser fomentar xenofobia vida brasileiros dificilmente piorara gesto simbolico homenagem intolerancia,macaquear eua virou politica estado decisao retirar brasil pacto migracao tera pouco efeito pratico interno nao ser fomentar xenofobia vida brasileiros dificilmente piorara gesto simbolico homenagem intolerancia,4176,shared_story,https://external-gru1-1.xx.fbcdn.net/safe_image.php?d=AQD3sPeQ7nnylsKF&url=https%3A%2F%2Fimg.estadao.com.br%2Fresources%2Fjpg%2F6%2F4%2F1546466828246.jpg&_nc_hash=AQCaqSef_tMMMnND,12021,105,142,3968,2258,83,True
2019-01-08T13:47:58+0000,904277726319518_2117107261703219,cara agora folha atacando fantasmas ministro educacao onde vai parar,cara agora folha atacando fantasmas ministro educacao onde vai parar,558,shared_story,https://external-gru1-1.xx.fbcdn.net/safe_image.php?d=AQCbUDeiObyf7QGz&url=https%3A%2F%2Ff.i.uol.com.br%2Ffotografia%2F2019%2F01%2F07%2F15469041075c33e22be3a64_1546904107_3x2_rt.jpg&_nc_hash=AQCsS3jSeADM9hFq,4652,687,59,61,42,208,True
2019-01-08T12:25:27+0000,904277726319518_2117010245046254,truques baixo clero onyx usou notas serie amigo receber verba gabinete nova tattoo sendo providenciada,truques baixo clero onyx usou notas serie amigo receber verba gabinete nova tattoo sendo providenciada,4473,shared_story,https://external-gru1-1.xx.fbcdn.net/safe_image.php?d=AQCUX1kAOGSpcodF&url=https%3A%2F%2Fwww.rbsdirect.com.br%2Fimagesrc%2F23743669.jpg%3Fw%3D1200%26h%3D630%26a%3Dc&_nc_hash=AQAM4BmgdsxQEMRM,12882,3466,426,173,1755,163,True
2019-01-08T11:12:55+0000,904277726319518_2116930055054273,antes defender bozoideia espere h poupa esforco defender recuo bolsonaro recua desiste base americana brasil,antes defender bozoideia espere h poupa esforco defender recuo jb recua desiste base americana brasil,5294,shared_story,https://external-gru1-1.xx.fbcdn.net/safe_image.php?d=AQCcoM_Rjb1Xwpkg&url=https%3A%2F%2Ff.i.uol.com.br%2Ffotografia%2F2019%2F01%2F07%2F15469110695c33fd5d33918_1546911069_3x2_rt.jpg&_nc_hash=AQA4Fznvd1f7jbjX,21835,14723,118,22,52,2436,True
2019-01-07T21:13:18+0000,904277726319518_2116164018464210,comunismo onde menos espera,comunismo onde menos espera,2062,shared_story,https://external-gru1-1.xx.fbcdn.net/safe_image.php?d=AQAN7tw_zpLPfH8x&url=http%3A%2F%2Fwww.estadao.com.br%2Festadao%2Fnovo%2Fimg%2Festadao.gif&_nc_hash=AQCLXVYM9tIcICxy,13493,2799,83,17,6,1742,True
2019-01-07T19:57:09+0000,904277726319518_2116089085138370,mano estadao acusou chanceler obscurantismo onde vai parar,mano estadao acusou chanceler obscurantismo onde vai parar,369,shared_story,https://external-gru1-1.xx.fbcdn.net/safe_image.php?d=AQCc_C_GitCq4LBN&url=https%3A%2F%2Fbrasil.estadao.com.br%2Fblogs%2Festadao-podcasts%2Fwp-content%2Fuploads%2Fsites%2F633%2F2018%2F02%2Fexplicacao-podcast-1-768x2041.jpg&_nc_hash=AQA6gC_nHJ3R_BOo,4051,1431,74,17,14,508,True
2019-01-07T16:46:31+0000,904277726319518_2115887345158544,ministra damares critica sisu ministra novo enem sisu reuni institutos federais prouni nao sao apenas realizacoes governo sao conquistas geracao preciso ouvila sempre,ministra damares critica sisu ministra novo enem sisu reuni institutos federais prouni nao sao apenas realizacoes governo sao conquistas geracao preciso ouvila sempre,604,mobile_status_update,None,8755,160,16,21,14,1596,True
2019-01-07T13:05:26+0000,904277726319518_2115597338520878,sisu criado dar liberdade jovens mesma regra prouni duas enormes conquistas gestao educacao liberdade aprisionar juventude nao fara bem brasil,sisu criado dar liberdade jovens mesma regra prouni duas enormes conquistas gestao educacao liberdade aprisionar juventude nao fara bem brasil,4844,shared_story,https://external-gru1-1.xx.fbcdn.net/safe_image.php?d=AQBvbh7DrNtaF9od&url=https%3A%2F%2Fs2.glbimg.com%2FJU7PDx7Ur59wpTatWINcVXsceik%3D%2F1200x%2Fsmart%2Ffilters%3Acover%28%29%3Astrip_icc%28%29%2Fs03.video.glbimg.com%2Fx720%2F7278058.jpg&_nc_hash=AQDCXq0HguCEKWUY,25359,210,150,3482,3046,839,True
2019-01-07T10:58:20+0000,904277726319518_2115458321868113,onda obscurantista india nao sos,onda obscurantista india nao sos,270,shared_story,https://external-gru1-1.xx.fbcdn.net/safe_image.php?d=AQBabMfVDWMghPoh&url=https%3A%2F%2Fichef.bbci.co.uk%2Fnews%2F1024%2Fbranded_news%2FBC53%2Fproduction%2F_104611284_gettyimages-113636669.jpg&_nc_hash=AQDZBLxDiWnkz57n,2897,41,301,1084,78,9,True
2019-01-06T12:25:57+0000,904277726319518_2114106175336661,oferta feita bolsonaro ceder parte territorio instalacao base militar americana nao concretize medidas dramaticas simbolicas novo governo,oferta feita jb ceder parte territorio instalacao base militar americana nao concretize medidas dramaticas simbolicas novo governo,3557,shared_story,https://external-gru1-1.xx.fbcdn.net/safe_image.php?d=AQAN7tw_zpLPfH8x&url=http%3A%2F%2Fwww.estadao.com.br%2Festadao%2Fnovo%2Fimg%2Festadao.gif&_nc_hash=AQCLXVYM9tIcICxy,11863,144,286,4884,3620,52,True
2019-01-05T15:55:01+0000,904277726319518_2112860642127881,parece jair quer debater comigo redes sociais ja bom comeco hora dessas toma coragem reparem educacao moco coisa estadista,parece jb quer debater comigo redes sociais ja bom comeco hora dessas toma coragem reparem educacao moco coisa estadista,31080,added_photos,https://scontent-gru2-1.xx.fbcdn.net/v/t1.0-9/p720x720/49505567_2112860485461230_8599664105969680384_n.jpg?_nc_cat=107&_nc_sid=110474&_nc_ohc=uNkMQfqc8ooAX_xucKr&_nc_ht=scontent-gru2-1.xx&_nc_tp=6&oh=d2fbdab3f3dd5a4137ea4786da8e8e5e&oe=5EAFD7C3,60130,22636,593,87,171,33647,True
2019-01-05T11:12:03+0000,904277726319518_2112532125494066,patria amada,patria amada,5650,shared_story,https://external-gru1-1.xx.fbcdn.net/safe_image.php?d=AQB7sk76ZItxJ2QB&url=https%3A%2F%2Fimg.estadao.com.br%2Fresources%2Fjpg%2F7%2F1%2F1546646546417.jpg&_nc_hash=AQD_7eB7qVXFpWep,18958,4680,297,682,2583,218,True
2019-01-05T02:14:32+0000,904277726319518_2112065712207374,assistiu noticiario hoje entendeu ha simplesmente nao possa participar debates,assistiu noticiario hoje entendeu ha simplesmente nao possa participar debates,3135,mobile_status_update,None,31653,7119,55,75,24,5874,True
2019-01-05T00:21:35+0000,904277726319518_2111923015554977,estudante instituto federal educacao ciencia tecnologia rio grande sul ifrs tornou primeira jovem brasileira historia ser selecionada acompanhar cerimonia premio nobel institutos federais enchem orgulho,estudante instituto federal educacao ciencia tecnologia rio grande sul ifrs tornou primeira jovem brasileira historia ser selecionada acompanhar cerimonia premio nobel institutos federais enchem orgulho,4563,shared_story,https://external-gru1-1.xx.fbcdn.net/safe_image.php?d=AQDaOL3SBU3NIJwA&url=https%3A%2F%2Fs2.glbimg.com%2F8HfQED28twDZ9JED83cA_LJ-x_c%3D%2Fe.glbimg.com%2Fog%2Fed%2Ff%2Foriginal%2F2018%2F12%2F30%2F33545936_187742028717012_4993315105585233920_n1.jpg&_nc_hash=AQAvbw4K8yEkWsIQ,29030,26,404,3,4,8888,True
2019-01-04T23:51:56+0000,904277726319518_2111881632225782,philipp lichterbeck deutsche welle brasil moda antiintelectualismo lembra inquisicao representantes preferem silas malafaia immanuel kant ataques miram proprio esclarecimento,philipp lichterbeck deutsche welle brasil moda antiintelectualismo lembra inquisicao representantes preferem silas malafaia immanuel kant ataques miram proprio esclarecimento,4303,shared_story,https://external-gru1-1.xx.fbcdn.net/safe_image.php?d=AQCFC0c8EPlzza3d&url=https%3A%2F%2Fwww.dw.com%2Fimage%2F46065908_304.jpg&_nc_hash=AQBWvD17OIoVGpDP,16766,110,71,3773,116,701,True
2019-01-03T18:25:50+0000,904277726319518_2110110905736188,relendo maior educador brasileiro camisa cor errada mal,relendo maior educador brasileiro camisa cor errada mal,73245,added_photos,https://scontent-gru2-2.xx.fbcdn.net/v/t1.0-9/p720x720/49530657_2110110819069530_1596720174654816256_n.jpg?_nc_cat=100&_nc_sid=110474&_nc_ohc=UaKRCniuJTEAX86sMmY&_nc_ht=scontent-gru2-2.xx&_nc_tp=6&oh=803346d90fdef93d7bd0ebb63319d69a&oe=5EAE8876,101848,34031,329,53,227,119107,True
2019-01-03T17:39:07+0000,904277726319518_2110058649074747,luz esperanca,luz esperanca,4110,shared_story,https://external-gru1-1.xx.fbcdn.net/safe_image.php?d=AQDqSlENvaMWu2nN&url=https%3A%2F%2Ff.i.uol.com.br%2Ffotografia%2F2019%2F01%2F02%2F15464540425c2d041ae4522_1546454042_3x2_rt.jpg&_nc_hash=AQCN97lUeDbKamGE,34392,2021,514,8,51,8942,True
2019-01-03T16:35:55+0000,904277726319518_2109987885748490,reformulacao total enem criacao sisu grandes legados educacao superior sobe total universidades aceitam notas enem portugal parabens inep,reformulacao total enem criacao sisu grandes legados educacao superior sobe total universidades aceitam notas enem portugal parabens inep,4852,shared_story,https://external-gru1-1.xx.fbcdn.net/safe_image.php?d=AQBJQHUGckQ21BSG&url=https%3A%2F%2Fs2.glbimg.com%2Fmgi7w1ktBI5iaZmmfKpSY4gVpIo%3D%2F1200x%2Fsmart%2Ffilters%3Acover%28%29%3Astrip_icc%28%29%2Fi.s3.glbimg.com%2Fv1%2FAUTH_59edd422c0c84a879bd37670ae4f538a%2Finternal_photos%2Fbs%2F2019%2FD%2FF%2FwUh7cjRq2pRgnOGWIFLQ%2Funiversidade-europeia-de-lisboa.png&_nc_hash=AQDrIC85XdZgrQiM,18751,45,217,2,3,3893,True
2019-01-02T15:30:29+0000,904277726319518_2108514039229208,povo comecou libertar socialismo salario minimo previsto r fixado r coitadismo selva,povo comecou libertar socialismo salario minimo previsto r fixado r coitadismo selva,10951,mobile_status_update,None,51195,11474,193,6713,523,1726,True
2019-01-02T14:36:55+0000,904277726319518_2108446589235953,ministerio agronegocio cuidara reforma agraria demarcacao terras indigenas quilombolas vamos torcer dar certo,ministerio agronegocio cuidara reforma agraria demarcacao terras indigenas quilombolas vamos torcer dar certo,1771,mobile_status_update,None,12988,3083,109,5755,303,141,True
2018-12-24T15:45:57+0000,904277726319518_2095209093893036,galera meio distante dias bozosfera passei desejar daqui bahia axe todos amor profundo torna verdadeiramente humanos,galera meio distante dias bozosfera passei desejar daqui bahia axe todos amor profundo torna verdadeiramente humanos,13694,added_photos,https://scontent-gru2-2.xx.fbcdn.net/v/t1.0-9/p720x720/48408645_2095209057226373_7545604867251765248_n.jpg?_nc_cat=100&_nc_sid=110474&_nc_ohc=3mVpnTiaMf0AX98k8Gw&_nc_ht=scontent-gru2-2.xx&_nc_tp=6&oh=77e72c710c30bd0a5576575935cd321d&oe=5EACB602,102261,5348,271,23,359,64967,True
2018-12-14T23:28:02+0000,904277726319518_2081860155227930, , ,364,added_photos,https://scontent-gru2-1.xx.fbcdn.net/v/t1.0-9/s720x720/48384129_2081860131894599_5920585007054716928_n.jpg?_nc_cat=111&_nc_sid=dd9801&_nc_ohc=JfdXgk3Udy8AX96KYzF&_nc_ht=scontent-gru2-1.xx&_nc_tp=7&oh=8b6c6a65473c667aa1988b439ee05a1d&oe=5EACEBEE,6057,130,24,21,14,3230,False
2018-12-11T23:04:14+0000,904277726319518_2231163467156802,ato publico montevideu uruguai democracia brasil liberdade lula participacao bancada progressista parlasul,ato publico montevideu uruguai democracia brasil liberdade lula participacao bancada progressista parlasul,1654,added_video,https://scontent-gru2-2.xx.fbcdn.net/v/t15.5256-10/s261x260/47586903_2231195570486925_5952603726253391872_n.jpg?_nc_cat=102&_nc_sid=ad6a45&_nc_ohc=xcd0QZvflhAAX93RPeA&_nc_ht=scontent-gru2-2.xx&_nc_tp=7&oh=191a27af1f5649656989436aca1e2ce8&oe=5EAD6E8B,5519,156,34,6,54,3455,True
2018-12-09T00:35:12+0000,904277726319518_343073656245492, , ,834,added_video,https://scontent-gru1-1.xx.fbcdn.net/v/t15.5256-10/s526x395/47344228_343076209578570_6647586304408158208_n.jpg?_nc_cat=104&_nc_sid=ad6a45&_nc_ohc=p2DMPs3-H-UAX-AzHXF&_nc_ht=scontent-gru1-1.xx&_nc_tp=7&oh=4708a3eb646fd887fae6586d14ae4c91&oe=5EAF4405,4237,58,70,4,22,3745,False
2018-12-08T21:34:02+0000,904277726319518_2102879283135749, , ,698,added_video,https://scontent-gru2-2.xx.fbcdn.net/v/t15.5256-10/45916298_2102880436468967_265153731618668544_n.jpg?_nc_cat=106&_nc_sid=ad6a45&_nc_ohc=6e6RJxaVoJYAX-T6QGb&_nc_ht=scontent-gru2-2.xx&oh=120ec252eb2c59e2725b36c81161a2b9&oe=5EAC5AB6,4085,54,68,7,28,3410,False
2018-12-01T21:16:10+0000,904277726319518_311723449672079,national network democracy in brazil columbia law school,national network democracy in brazil columbia law school,2719,added_video,https://scontent-gru1-1.xx.fbcdn.net/v/t15.5256-10/46115436_311724289671995_8904742264434065408_n.jpg?_nc_cat=104&_nc_sid=ad6a45&_nc_ohc=IPn1PcSXfk0AX8gWAG_&_nc_ht=scontent-gru1-1.xx&oh=ce7f93a9a4f6a0509e5352cb9b842e84&oe=5EAFEB29,6204,126,35,7,70,4297,True
2018-11-29T23:36:57+0000,904277726319518_2004489786253942,evento peoples forum nova york deu errado brasil direita,evento peoples forum nova york deu errado brasil direita,4927,added_video,https://scontent-gru1-1.xx.fbcdn.net/v/t15.5256-10/45861964_2004526246250296_7305490820738580480_n.jpg?_nc_cat=108&_nc_sid=ad6a45&_nc_ohc=pniOhU3fhjUAX8iw8kB&_nc_ht=scontent-gru1-1.xx&oh=4b92c8fdfcc1ba5eefb0ef9bd11db3cb&oe=5EB009ED,7900,236,54,12,120,5682,True
2018-11-28T21:36:58+0000,904277726319518_608869122883689,brazil talk universidade columbia brasil apos eleicoes,brazil talk universidade columbia brasil apos eleicoes,4400,added_video,https://scontent-gru2-2.xx.fbcdn.net/v/t15.5256-10/46477602_608898079547460_6492147800128618496_n.jpg?_nc_cat=100&_nc_sid=ad6a45&_nc_ohc=5TpFnWvNs-wAX-5m3ZS&_nc_ht=scontent-gru2-2.xx&oh=0a381cd8440fdc0e0484cdf2c36f5614&oe=5EACA6FD,8842,266,55,19,193,5558,True
2018-11-21T19:51:40+0000,904277726319518_512687542543640,fernando haddad participa ato parlamentares apoio movimentos sociais congresso nacional,fh participa ato parlamentares apoio movimentos sociais congresso nacional,1717,added_video,https://scontent-gru2-2.xx.fbcdn.net/v/t15.5256-10/45343476_512688509210210_5815950348069634048_n.jpg?_nc_cat=100&_nc_sid=ad6a45&_nc_ohc=9XqjKfHDyQoAX-FaKfQ&_nc_ht=scontent-gru2-2.xx&oh=08a9501cb32db5ad453a2f0b194fc6d2&oe=5EACAAFE,6759,198,37,16,61,3461,True
2018-11-21T18:46:18+0000,904277726319518_296039367683417,coletiva imprensa fernando haddad direto brasilia apos reuniao bancadas petistas congresso,coletiva imprensa fh direto brasilia apos reuniao bancadas petistas congresso,1932,added_video,https://scontent-gru1-1.xx.fbcdn.net/v/t15.5256-10/44383771_296050224348998_2439853642480615424_n.jpg?_nc_cat=108&_nc_sid=ad6a45&_nc_ohc=A05VKvZ91_MAX_uKWrG&_nc_ht=scontent-gru1-1.xx&oh=f8e19a9ed11ef3036353aecb7338980f&oe=5EAE4FD1,6524,298,35,23,177,4447,True
2018-11-05T23:54:02+0000,904277726319518_1290082017799304,miklos canta adoniran,miklos canta adoniran,1149,added_video,https://scontent-gru2-1.xx.fbcdn.net/v/t15.5256-10/44387610_1290089114465261_929291680014663680_n.jpg?_nc_cat=109&_nc_sid=ad6a45&_nc_ohc=DeawnfheUSgAX-BFO73&_nc_ht=scontent-gru2-1.xx&oh=b973193a8a4178b19b64f74b567792bc&oe=5EACF6A2,11471,105,149,10,33,8394,True
2018-11-05T00:28:58+0000,904277726319518_2025131917567421,foto ricardo stuckert,foto ricardo stuckert,3299,added_photos,https://scontent-gru1-1.xx.fbcdn.net/v/t1.0-9/p720x720/39067693_1890872174326730_929144109233340416_o.jpg?_nc_cat=1&_nc_sid=85a577&_nc_ohc=AVBfKWUotnMAX8G4T3U&_nc_ht=scontent-gru1-1.xx&_nc_tp=6&oh=199cd089c3e34dfadaeba1b02115cda4&oe=5EAC7D4B,100876,823,1909,63,144,42404,True
2018-10-29T02:17:11+0000,904277726319518_2012077898872823,coloco vida disposicao desse pais nao medo estaremos aqui foto ricardo stuckert,coloco vida disposicao desse pais nao medo estaremos aqui foto ricardo stuckert,19286,added_photos,https://scontent-gru2-2.xx.fbcdn.net/v/t1.0-9/s720x720/45009592_2012077875539492_4295596405629648896_n.jpg?_nc_cat=102&_nc_sid=110474&_nc_ohc=7KfgjOcNpgwAX-MYBVB&_nc_ht=scontent-gru2-2.xx&_nc_tp=7&oh=fd3dcdd9ac3dddde11174b5b03fba52c&oe=5EAEDF82,100942,6454,98,6922,202,60618,True
2018-10-29T01:25:51+0000,904277726319518_1972821749687132, , ,4067,added_video,https://scontent-gru1-1.xx.fbcdn.net/v/t15.5256-10/41444394_1972826849686622_7665733990124355584_n.jpg?_nc_cat=104&_nc_sid=ad6a45&_nc_ohc=3MnNdkUPBY4AX8wZu_q&_nc_ht=scontent-gru1-1.xx&oh=f308931a1664e799fd4966ede00defab&oe=5EAE1308,17210,948,57,1308,85,21658,False
2018-10-28T23:54:34+0000,904277726319518_2164213310303387, , ,2235,added_video,https://scontent-gru1-1.xx.fbcdn.net/v/t15.5256-10/42521830_2164219816969403_6963616801276035072_n.jpg?_nc_cat=108&_nc_sid=ad6a45&_nc_ohc=jawAdkyPREMAX__PkF9&_nc_ht=scontent-gru1-1.xx&oh=fa5b09de989158f7ee8b4daf526e01ef&oe=5EAE03E1,20695,2152,44,1104,94,16418,False
2018-10-28T23:06:10+0000,904277726319518_1886255711490923, , ,22892,added_video,https://scontent-gru2-2.xx.fbcdn.net/v/t15.5256-10/43300771_1886273208155840_8594284045251117056_n.jpg?_nc_cat=102&_nc_sid=ad6a45&_nc_ohc=xbZ_l5aJ9RYAX_Aw8og&_nc_ht=scontent-gru2-2.xx&oh=1b361775ca1cf652353446494cb67745&oe=5EAEAE69,53323,6677,180,6753,900,68080,False
2018-10-28T00:56:02+0000,904277726319518_2010441665703113,dias gravando propaganda eleitoral recebi grata visita maria adelia souza araujo parnagua piaui carinho amor recebi nesta campanha deixou leve caminhada todos voces obrigado,dias gravando propaganda eleitoral recebi grata visita maria adelia souza araujo parnagua piaui carinho amor recebi nesta campanha deixou leve caminhada todos voces obrigado,8785,added_video,https://scontent-gru2-1.xx.fbcdn.net/v/t15.13418-10/43986923_804992579832530_855862097328734208_n.jpg?_nc_cat=109&_nc_sid=ad6a45&_nc_ohc=YsURE2ufN2IAX9r7Iux&_nc_ht=scontent-gru2-1.xx&oh=861935eec2cf0de5215fa9f697a287bc&oe=5EAF329F,28480,1216,94,42,120,9711,True
2018-10-27T21:36:09+0000,904277726319518_2128565730805086,vivo haddad responde perguntas populacao conversa artistas personalidades viravirouhaddad,vivo fh responde perguntas populacao conversa artistas personalidades viraviroufh,14422,added_video,https://scontent-gru2-2.xx.fbcdn.net/v/t15.5256-10/43837710_2128713994123593_4455257137639063552_n.jpg?_nc_cat=100&_nc_sid=ad6a45&_nc_ohc=b1eDWLj2BZ4AX_kEnTi&_nc_ht=scontent-gru2-2.xx&oh=72ca9861b6e0f6c31d058071f249c4b5&oe=5EADB393,20934,1596,143,104,5558,16457,True
2018-10-27T21:09:41+0000,904277726319518_2010111395736140,depoimentos torturados ditadura sao chocantes nao possivel ser humano defenda nivel atrocidade contra outro ainda dificil acreditar deputado candidato presidente defende nunca aconteca nao esqueca,depoimentos torturados ditadura sao chocantes nao possivel ser humano defenda nivel atrocidade contra outro ainda dificil acreditar deputado candidato presidente defende nunca aconteca nao esqueca,28182,added_video,https://scontent-gru2-2.xx.fbcdn.net/v/t15.13418-10/41943836_1869863863096795_1123035833671090176_n.jpg?_nc_cat=106&_nc_sid=ad6a45&_nc_ohc=Tm4K3zBbgdMAX-guVMi&_nc_ht=scontent-gru2-2.xx&oh=84a1462bd3da0b7ba2ed5aad5d059f5c&oe=5EAE57E9,13524,504,138,7424,455,866,True
2018-10-27T19:07:44+0000,904277726319518_317609132355796,vivo haddad responde perguntas populacao conversa artistas personalidades viravirouhaddad,vivo fh responde perguntas populacao conversa artistas personalidades viraviroufh,13573,added_video,https://scontent-gru2-2.xx.fbcdn.net/v/t15.5256-10/43116021_317718985678144_7187308713915449344_n.jpg?_nc_cat=105&_nc_sid=ad6a45&_nc_ohc=5X0g28vzuWEAX_HMuRn&_nc_ht=scontent-gru2-2.xx&oh=ffd22c0e5fd656f08dfcc88166ab365c&oe=5EAD4F68,19209,1328,136,114,3475,16821,True
2018-10-27T15:51:22+0000,904277726319518_530086114084144,caminhada paz bairro heliopolis sao paulo horadavirada virevoto haddad,caminhada paz bairro heliopolis sao paulo horadavirada virevoto fh,3926,added_video,https://scontent-gru1-1.xx.fbcdn.net/v/t15.5256-10/42882727_530092714083484_4976524862949425152_n.jpg?_nc_cat=103&_nc_sid=ad6a45&_nc_ohc=FKKp-eYDUMQAX8FUfW9&_nc_ht=scontent-gru1-1.xx&oh=75410cc2ea7ba75f7bd5966c7dabcd4f&oe=5EAF47C5,10810,303,44,10,93,4318,True
2018-10-27T15:31:16+0000,904277726319518_2106909156240590,caminhada paz bairro heliopolis sao paulo horadavirada virevoto haddad,caminhada paz bairro heliopolis sao paulo horadavirada virevoto fh,2216,added_video,https://scontent-gru2-1.xx.fbcdn.net/v/t15.5256-10/42028256_2106912852906887_584033501200777216_n.jpg?_nc_cat=109&_nc_sid=ad6a45&_nc_ohc=j7z-MTILbAYAX8MAp1_&_nc_ht=scontent-gru2-1.xx&oh=fed72a116602ac9a94c8eca44d312c63&oe=5EAEBF1D,7712,261,37,7,78,3117,True
2018-10-27T15:12:08+0000,904277726319518_314931145986169,caminhada paz bairro heliopolis sao paulo horadavirada virevoto haddad,caminhada paz bairro heliopolis sao paulo horadavirada virevoto fh,5723,added_video,https://scontent-gru2-1.xx.fbcdn.net/v/t15.5256-10/42851415_314942395985044_7135699106986459136_n.jpg?_nc_cat=107&_nc_sid=ad6a45&_nc_ohc=YLiPnqX9RrgAX_-x6zp&_nc_ht=scontent-gru2-1.xx&oh=4194db1287ad091043bcf5363833db88&oe=5EAF5F72,13340,379,70,16,229,7725,True
2018-10-27T14:57:20+0000,904277726319518_311758259410810,caminhada paz bairro heliopolis sao paulo horadavirada virevoto haddad,caminhada paz bairro heliopolis sao paulo horadavirada virevoto fh,5613,added_video,https://scontent-gru2-2.xx.fbcdn.net/v/t15.5256-10/42027153_311766272743342_6644412911986933760_n.jpg?_nc_cat=100&_nc_sid=ad6a45&_nc_ohc=MzDr-xH3HowAX88-hjh&_nc_ht=scontent-gru2-2.xx&oh=d286a94b5a74532ae124c47cdae426b8&oe=5EAD7F08,14067,319,92,13,243,8761,True
2018-10-26T23:51:22+0000,904277726319518_1107705662723465,haddad participa sabatina tve sabatinahaddad,fh participa sabatina tve sabatinafh,24219,added_video,https://scontent-gru2-2.xx.fbcdn.net/v/t15.5256-10/42027206_1107724219388276_5218141417871769600_n.jpg?_nc_cat=106&_nc_sid=ad6a45&_nc_ohc=k2pyQ3CTvQ8AX8AO6K0&_nc_ht=scontent-gru2-2.xx&oh=8cb85b6362d0a3b295c987f2777792a3&oe=5EAEE6FC,25871,904,173,74,2099,20029,True
2018-10-26T20:59:19+0000,904277726319518_1090510651119009,grande ato virada salvador democracia haddad,grande ato virada salvador democracia fh,13339,added_video,https://scontent-gru1-1.xx.fbcdn.net/v/t15.5256-10/43182428_1090523021117772_3849397201050533888_n.jpg?_nc_cat=108&_nc_sid=ad6a45&_nc_ohc=zkOoW4A41A4AX8H6fZ4&_nc_ht=scontent-gru1-1.xx&oh=835443d258ceda816f76ebfdc99ad561&oe=5EACD92A,20909,781,154,20,316,12001,True
2018-10-26T20:59:05+0000,904277726319518_2008155205931759,saida dialogo olho olho adversario evita nao saber lidar divergente obrigado todos artistas estao ruas hoje conversando pessoas virando voto juntos faremos historia brasilvirahaddad,saida dialogo olho olho adversario evita nao saber lidar divergente obrigado todos artistas estao ruas hoje conversando pessoas virando voto juntos faremos historia brasilvirafh,3824,added_photos,https://scontent-gru2-2.xx.fbcdn.net/v/t1.0-9/s720x720/44832287_2008155209265092_595609370071400448_n.jpg?_nc_cat=106&_nc_sid=e007fa&_nc_ohc=zHAicjEJCiIAX9b1zza&_nc_ht=scontent-gru2-2.xx&_nc_tp=7&oh=68b38b2fb73345de1d059ab1f96ce576&oe=5EAFEA0D,12293,391,68,1,42,4223,True
2018-10-26T20:03:06+0000,904277726319518_2228671397380993,grande ato virada salvador democracia haddad,grande ato virada salvador democracia fh,8455,added_video,https://scontent-gru2-2.xx.fbcdn.net/v/t15.5256-10/42611989_2228681470713319_9053365858205696_n.jpg?_nc_cat=102&_nc_sid=ad6a45&_nc_ohc=_eXsJaKQ1CgAX-lkkto&_nc_ht=scontent-gru2-2.xx&oh=cb43ebb9f81b8a5ece661e204b28bb17&oe=5EAC40F0,15211,517,97,19,288,7239,True
2018-10-26T19:53:49+0000,904277726319518_547437895697094,fernando haddad bahia virada haddad,fh bahia virada fh,3044,added_video,https://scontent-gru2-2.xx.fbcdn.net/v/t15.5256-10/43785398_547437935697090_8753793044655898624_n.jpg?_nc_cat=102&_nc_sid=ad6a45&_nc_ohc=-6WPwl4KiqUAX9jQfod&_nc_ht=scontent-gru2-2.xx&oh=dfdcdf3c1bc9ebb82b77c7aefb00ff33&oe=5EAF91B0,9517,214,34,19,66,2942,True
2018-10-26T19:35:46+0000,904277726319518_935441083317071,fernando haddad bahia virada haddad,fh bahia virada fh,3441,added_video,https://scontent-gru1-1.xx.fbcdn.net/v/t15.5256-10/42730261_935452509982595_5526308396556353536_n.jpg?_nc_cat=103&_nc_sid=ad6a45&_nc_ohc=GI1Lj16W5X0AX-FKQdb&_nc_ht=scontent-gru1-1.xx&oh=de026b2e689efdde4c62a596c8a61750&oe=5EACF131,11429,350,47,13,198,5063,True
2018-10-26T18:52:21+0000,904277726319518_1222571131230044,fernando haddad rui costa indo grande ato virada salvador democracia haddad,fh rui costa indo grande ato virada salvador democracia fh,8577,added_video,https://scontent-gru1-1.xx.fbcdn.net/v/t15.5256-10/43891984_1222577047896119_4995370505134407680_n.jpg?_nc_cat=104&_nc_sid=ad6a45&_nc_ohc=Nsj3WhBHIXwAX-SrLiZ&_nc_ht=scontent-gru1-1.xx&oh=1f7aa20326ae32c3ed87b877d1022989&oe=5EAF8814,17404,486,103,25,737,9092,True
2018-10-26T22:19:14+0000,904277726319518_2008373709243242,onda virada tomou conta salvador ba hoje vai tomar conta brasil inteiro nesses ultimos dias campanha vamos juntos rumo vitoria viravoto haddad,onda virada tomou conta salvador ba hoje vai tomar conta brasil inteiro nesses ultimos dias campanha vamos juntos rumo vitoria viravoto fh,44221,added_video,https://scontent-gru1-1.xx.fbcdn.net/v/t15.5256-10/42026966_343801706386700_8378629270552969216_n.jpg?_nc_cat=108&_nc_sid=ad6a45&_nc_ohc=WiH4VFN5aX0AX8gERYT&_nc_ht=scontent-gru1-1.xx&oh=e856853232804558009539dbcbcbbddb&oe=5EADE722,47102,1260,1372,44,117,9401,True
2018-10-26T16:28:45+0000,904277726319518_2007821475965132,livro professor arma soldadinho araque brasil vai escolher brasil quer presidente garanta seguranca paz oportunidades todos vou enfrentar dificuldades pais coragem medo enfrentar debate olho olho vamos colocar brasil volta caminho certo viravoto haddad,livro professor arma soldadinho araque brasil vai escolher brasil quer presidente garanta seguranca paz oportunidades todos vou enfrentar dificuldades pais coragem medo enfrentar debate olho olho vamos colocar brasil volta caminho certo viravoto fh,10592,added_video,https://scontent-gru1-1.xx.fbcdn.net/v/t15.5256-10/42532914_305100696990795_8442604943025635328_n.jpg?_nc_cat=108&_nc_sid=ad6a45&_nc_ohc=yFU9qiCf5XcAX_SXXxz&_nc_ht=scontent-gru1-1.xx&oh=59f49ef2cd6b0c62fc797d5da76c6580&oe=5EACA2D9,15353,459,48,3,93,2939,True
2018-10-26T15:54:04+0000,904277726319518_741150492901975,fernando haddad governador ricardo coutinho caminhada virada joao pessoa democracia horadavirada haddad,fh governador ricardo coutinho caminhada virada joao pessoa democracia horadavirada fh,5210,added_video,https://scontent-gru2-2.xx.fbcdn.net/v/t15.5256-10/42128741_741172176233140_1466752810715447296_n.jpg?_nc_cat=105&_nc_sid=ad6a45&_nc_ohc=EO811xFIBawAX9h4-7U&_nc_ht=scontent-gru2-2.xx&oh=976377dfb9ea4486d4d83981a343bcae&oe=5EAF8707,10946,343,47,17,522,4462,True
2018-10-26T15:52:18+0000,904277726319518_2007766545970625,domingo vamos vencer eleicao reconstruir pais caminho paz inclusao social democracia peco voto todos brasil,domingo vamos vencer eleicao reconstruir pais caminho paz inclusao social democracia peco voto todos brasil,20369,added_video,https://scontent-gru2-2.xx.fbcdn.net/v/t15.5256-10/42528025_189652298623524_4682794381743226880_n.jpg?_nc_cat=102&_nc_sid=ad6a45&_nc_ohc=Z36tG1NUnCQAX9x6TIo&_nc_ht=scontent-gru2-2.xx&oh=594fb12736a5693cf9b9c5bcb7aa9176&oe=5EAE47EA,17074,750,79,78,167,4399,True
2018-10-26T15:31:52+0000,904277726319518_2164668590211535,fernando haddad governador ricardo coutinho caminhada virada joao pessoa democracia horadavirada haddad,fh governador ricardo coutinho caminhada virada joao pessoa democracia horadavirada fh,13228,added_video,https://scontent-gru2-2.xx.fbcdn.net/v/t15.5256-10/43088270_2164668803544847_3907913660852338688_n.jpg?_nc_cat=106&_nc_sid=ad6a45&_nc_ohc=HoeQ_bRRaiQAX_cDNFB&_nc_ht=scontent-gru2-2.xx&oh=6ce1c8ffe67d6ab3b0c43127b3506779&oe=5EAD4C26,14844,509,84,18,381,7250,True
2018-10-26T15:06:51+0000,904277726319518_347308972708525,fernando haddad governador ricardo coutinho caminhada virada joao pessoa democracia horadavirada haddad,fh governador ricardo coutinho caminhada virada joao pessoa democracia horadavirada fh,3654,added_video,https://scontent-gru2-2.xx.fbcdn.net/v/t15.5256-10/41394756_347309752708447_1134714210526167040_n.jpg?_nc_cat=100&_nc_sid=ad6a45&_nc_ohc=0Ao6rqvhBKsAX9aGN5i&_nc_ht=scontent-gru2-2.xx&oh=f212d75dfc3072ed62d9fdf20d8eac45&oe=5EACAB2A,7603,275,40,2,90,2729,True
2018-10-26T14:47:26+0000,904277726319518_322990128299331,fernando haddad governador ricardo coutinho caminhada virada joao pessoa democracia horadavirada haddad,fh governador ricardo coutinho caminhada virada joao pessoa democracia horadavirada fh,8455,added_video,https://scontent-gru2-2.xx.fbcdn.net/v/t15.5256-10/42863581_322998014965209_744644292860968960_n.jpg?_nc_cat=106&_nc_sid=ad6a45&_nc_ohc=CqaWYrQzTLsAX8PE9KP&_nc_ht=scontent-gru2-2.xx&oh=be833d163006f5ab57e1975f9fcfca89&oe=5EAE5C54,11212,340,92,14,160,5411,True
2018-10-26T14:30:16+0000,904277726319518_314172282710155,fernando haddad governador ricardo coutinho caminhada virada joao pessoa democracia horadavirada haddad,fh governador ricardo coutinho caminhada virada joao pessoa democracia horadavirada fh,8022,added_video,https://scontent-gru2-2.xx.fbcdn.net/v/t15.5256-10/42508612_314180792709304_4942949913890652160_n.jpg?_nc_cat=106&_nc_sid=ad6a45&_nc_ohc=DWwiak4g9BYAX-r1oyN&_nc_ht=scontent-gru2-2.xx&oh=1ebc8ae4c1137d8a8408ea06a1909f01&oe=5EAE540E,11978,351,290,24,461,7477,True
2018-10-26T11:34:02+0000,904277726319518_308419399753878,haddad hora virada fala radio super minas gerais democracia vote votehaddad,fh hora virada fala radio super minas gerais democracia vote votefh,5635,added_video,https://scontent-gru2-1.xx.fbcdn.net/v/t15.5256-10/41280578_308430816419403_8309687065402933248_n.jpg?_nc_cat=107&_nc_sid=ad6a45&_nc_ohc=JGXiiueQtEsAX8IiDu7&_nc_ht=scontent-gru2-1.xx&oh=ce76a8c56eccacf023b50ec96915e891&oe=5EAF4F23,12794,759,673,27,834,6608,True
2018-10-26T10:29:32+0000,904277726319518_2182501178705292,haddad fala radio globo mato grosso sul horadavirada vote votehaddad,fh fala radio globo mato grosso sul horadavirada vote votefh,6409,added_video,https://scontent-gru1-1.xx.fbcdn.net/v/t15.5256-10/43544635_2182517635370313_9212625431679729664_n.jpg?_nc_cat=104&_nc_sid=ad6a45&_nc_ohc=e944N5QG_XUAX88gNko&_nc_ht=scontent-gru1-1.xx&oh=beebf629ea03ccbd079b09c72a5f5c12&oe=5EAEA912,12740,506,70,28,1004,6787,True
2018-10-25T23:35:32+0000,904277726319518_247889682512026,virada ja comecou assista programa inedito viravoto haddad,virada ja comecou assista programa inedito viravoto fh,11998,added_video,https://scontent-gru2-2.xx.fbcdn.net/v/t15.5256-10/42013694_247898542511140_7303883880199618560_n.jpg?_nc_cat=100&_nc_sid=ad6a45&_nc_ohc=c2uQWcpdzVkAX8PMteh&_nc_ht=scontent-gru2-2.xx&oh=e210632099fa5254cbfae7f547c04128&oe=5EACD2AB,13312,817,83,90,277,7223,True
2018-10-25T21:10:44+0000,904277726319518_357810298123423,ato virada pernambuco fernando haddad haddad viravoto,ato virada pernambuco fh fh viravoto,17389,added_video,https://scontent-gru1-1.xx.fbcdn.net/v/t15.5256-10/42146864_357847318119721_935342644689633280_n.jpg?_nc_cat=110&_nc_sid=ad6a45&_nc_ohc=oPkKnEKNyqcAX8PWNRU&_nc_ht=scontent-gru1-1.xx&oh=8bdfaae06d27ae161f54b03049a39297&oe=5EAFFF92,25190,1215,277,73,2214,16025,True
2018-10-25T20:42:30+0000,904277726319518_2851247354901523,coletiva imprensa fernando haddad viravoto,coletiva imprensa fh viravoto,7903,added_video,https://scontent-gru1-1.xx.fbcdn.net/v/t15.5256-10/43236784_2851267268232865_6678581142058172416_n.jpg?_nc_cat=108&_nc_sid=ad6a45&_nc_ohc=ayuZYzPwScQAX-h3wet&_nc_ht=scontent-gru1-1.xx&oh=8732e77d50d0244e30c5ec120e0bc6ba&oe=5EAC17DA,17134,711,107,52,2105,9166,True
2018-10-25T18:23:45+0000,904277726319518_2006175762796370,ha anos vladimir herzog assassinado ditadura doicodi mesma ditadura bolsonaro defende conviccao remorso algum definitivamente brasil nao pode voltar tras quer deputado queremos construir futuro violencia esperanca,ha anos vladimir herzog assassinado ditadura doicodi mesma ditadura jb defende conviccao remorso algum definitivamente brasil nao pode voltar tras quer deputado queremos construir futuro violencia esperanca,9887,added_video,https://scontent-gru1-1.xx.fbcdn.net/v/t15.13418-10/43283937_194110731486096_7932412559687155712_n.jpg?_nc_cat=108&_nc_sid=ad6a45&_nc_ohc=Ry35qXEI1g8AX9rchxp&_nc_ht=scontent-gru1-1.xx&oh=77b622d0dcafc9d886471a43fa8f8ed2&oe=5EAC502E,8325,168,34,2823,111,853,True
2018-10-25T15:49:50+0000,904277726319518_283774408934080,coletiva imprensa fernando haddad sao paulo haddad viravoto,coletiva imprensa fh sao paulo fh viravoto,7677,added_video,https://scontent-gru2-1.xx.fbcdn.net/v/t15.5256-10/42941906_283775228933998_3605585569947582464_n.jpg?_nc_cat=107&_nc_sid=ad6a45&_nc_ohc=sU15tGGZ8tkAX9S_7JO&_nc_ht=scontent-gru2-1.xx&oh=31e96aabb98a3c1ae433c77e3dc26bd2&oe=5EAC749E,16217,918,79,23,823,10182,True
2018-10-24T23:42:23+0000,904277726319518_2004807789599834,tomarei medidas imediatas dia janeiro aumentar salario minimo acima inflacao bolsa familia fazer gas custe apenas r reais todo pais ja fiz contas decisao tomada agora voces,tomarei medidas imediatas dia janeiro aumentar salario minimo acima inflacao bolsa familia fazer gas custe apenas r reais todo pais ja fiz contas decisao tomada agora voces,25193,added_video,https://scontent-gru2-1.xx.fbcdn.net/v/t15.5256-10/42511182_322699095190847_1383151499932073984_n.jpg?_nc_cat=107&_nc_sid=ad6a45&_nc_ohc=4Tejh-4b7GwAX9u3M1V&_nc_ht=scontent-gru2-1.xx&oh=14efb8e19de2a2b2e0189f79093ff123&oe=5EACFA35,21345,1681,137,152,204,6905,True
2018-10-24T22:53:32+0000,904277726319518_286141395559702,fernando haddad grande ato virada sao paulo onde haddad governou ja lidera eleicao vai virar todo brasil democracia votehaddad haddad viradademocratica,fh grande ato virada sao paulo onde fh governou ja lidera eleicao vai virar todo brasil democracia votefh fh viradademocratica,15099,added_video,https://scontent-gru2-2.xx.fbcdn.net/v/t15.5256-10/43717724_286159458891229_8432597789485039616_n.jpg?_nc_cat=106&_nc_sid=ad6a45&_nc_ohc=CjfLd1JXFDQAX-_N_mH&_nc_ht=scontent-gru2-2.xx&oh=715ff75087b48f332065b54154777a41&oe=5EAF606E,23224,1848,159,35,1086,12937,True
2018-10-24T22:48:13+0000,904277726319518_253923375468787,fernando haddad fala imprensa sao paulo diferente outro candidato cuja campanha ameaca jornais jornalistas democracia votehaddad haddad viradademocratical,fh fala imprensa sao paulo diferente outro candidato cuja campanha ameaca jornais jornalistas democracia votefh fh viradademocratical,12578,added_video,https://scontent-gru2-1.xx.fbcdn.net/v/t15.5256-10/38971488_253928272134964_7669362043488567296_n.jpg?_nc_cat=111&_nc_sid=ad6a45&_nc_ohc=8_nUXeW8Zz0AX9WGLB8&_nc_ht=scontent-gru2-1.xx&oh=386554c926730dc3b020722992434b79&oe=5EAF50D4,28003,1100,90,18,383,9103,True
2018-10-24T11:31:36+0000,904277726319518_2067787429940048,enquanto bolsonaro foge fernando haddad participa entrevista cbn deveria ser debate bolsonaro bolsonaro fugiu podendo participar telefone haddadnacbn vemprodebate votehaddad vote,enquanto jb foge fh participa entrevista cbn deveria ser debate jb jb fugiu podendo participar telefone fhnacbn vemprodebate votefh vote,8254,added_video,https://scontent-gru1-1.xx.fbcdn.net/v/t15.5256-10/43236797_2067794003272724_1312353727176245248_n.jpg?_nc_cat=104&_nc_sid=ad6a45&_nc_ohc=9mdeiKz1zr8AX_adHLo&_nc_ht=scontent-gru1-1.xx&oh=959e9d6f02e00a6c8a74755382b1d643&oe=5EAE17D5,18885,829,51,14,222,4395,True
2018-10-24T01:04:28+0000,904277726319518_2272656659636106,fernando haddad participa ato virada arcos lapa rio janeiro haddad viravoto,fh participa ato virada arcos lapa rio janeiro fh viravoto,3889,added_video,https://scontent-gru1-1.xx.fbcdn.net/v/t15.5256-10/42013933_2272657296302709_33563472906158080_n.jpg?_nc_cat=108&_nc_sid=ad6a45&_nc_ohc=4zJS15QNS44AX_WIlkx&_nc_ht=scontent-gru1-1.xx&oh=5259cbc7767593a94d830367abe4f62a&oe=5EAE4AFA,13772,541,41,9,133,5855,True
2018-10-24T00:26:53+0000,904277726319518_325935494624791,fernando haddad participa ato virada arcos lapa rio janeiro haddad viravoto,fh participa ato virada arcos lapa rio janeiro fh viravoto,2533,added_video,https://scontent-gru1-1.xx.fbcdn.net/v/t15.5256-10/43403502_325948717956802_4043519844404953088_n.jpg?_nc_cat=110&_nc_sid=ad6a45&_nc_ohc=7uTmkuacQ5IAX8TtYfk&_nc_ht=scontent-gru1-1.xx&oh=0ae161eb38995f47ae735b955e302098&oe=5EAE77BB,9870,359,35,13,169,3861,True
2018-10-24T00:06:09+0000,904277726319518_2169052103106623,fernando haddad participa ato virada arcos lapa rio janeiro haddad viravoto,fh participa ato virada arcos lapa rio janeiro fh viravoto,2549,added_video,https://scontent-gru1-1.xx.fbcdn.net/v/t15.5256-10/42013010_2169052843106549_4711396536062312448_n.jpg?_nc_cat=108&_nc_sid=ad6a45&_nc_ohc=oijodx37C1UAX86utxn&_nc_ht=scontent-gru1-1.xx&oh=674c3b9d76611e2fdeb81e4f9b4ca4d9&oe=5EAC96B7,8825,248,30,1,84,3321,True
2018-10-23T23:54:49+0000,904277726319518_324780828307314,fernando haddad participa ato virada arcos lapa rio janeiro haddad viravoto,fh participa ato virada arcos lapa rio janeiro fh viravoto,2112,added_video,https://scontent-gru1-1.xx.fbcdn.net/v/t15.5256-10/42989423_324784861640244_2789920226160934912_n.jpg?_nc_cat=104&_nc_sid=ad6a45&_nc_ohc=eqNotnz1oAcAX8Za2go&_nc_ht=scontent-gru1-1.xx&oh=1687b36ae88a151542733e34db1819c4&oe=5EAFBBD3,9019,236,20,4,75,3137,True
2018-10-23T23:41:44+0000,904277726319518_2004941379796364,fernando haddad participa ato virada arcos lapa rio janeiro haddad viravoto,fh participa ato virada arcos lapa rio janeiro fh viravoto,7676,added_video,https://scontent-gru2-2.xx.fbcdn.net/v/t15.5256-10/42730231_2004943143129521_737241598898733056_n.jpg?_nc_cat=100&_nc_sid=ad6a45&_nc_ohc=AwzFeArWid0AX9LKV4f&_nc_ht=scontent-gru2-2.xx&oh=f83c31edf2108c61fc7130f2121a54e8&oe=5EAD22C6,17176,415,76,14,228,8477,True
2018-10-23T21:57:00+0000,904277726319518_317480115718176,encontro fernando haddad judeus democracia democracia votehaddad haddad,encontro fh judeus democracia democracia votefh fh,4255,added_video,https://scontent-gru2-2.xx.fbcdn.net/v/t15.5256-10/42827693_317509045715283_3513486266937114624_n.jpg?_nc_cat=100&_nc_sid=ad6a45&_nc_ohc=rdqFPaPRkxwAX9cRa2c&_nc_ht=scontent-gru2-2.xx&oh=6d0014f1a38c13695cbbc41fcf6eee11&oe=5EAC223B,11340,397,30,10,129,3593,True
2018-10-23T21:15:40+0000,904277726319518_554289555010404,encontro fernando haddad dom orani tempesta cardeal arcebispo rio janeiro democracia votehaddad haddad,encontro fh dom orani tempesta cardeal arcebispo rio janeiro democracia votefh fh,4844,added_video,https://scontent-gru2-2.xx.fbcdn.net/v/t15.5256-10/41510291_554297671676259_328737883462565888_n.jpg?_nc_cat=102&_nc_sid=ad6a45&_nc_ohc=hWrWetTYa7YAX8aOgp5&_nc_ht=scontent-gru2-2.xx&oh=7924343854f49bd1db6d0bef95458e3e&oe=5EAC25A1,12401,299,32,10,149,4697,True
2018-10-23T19:14:02+0000,904277726319518_349557568952069,fernando haddad visita comunidade mare rio janeiro haddad,fh visita comunidade mare rio janeiro fh,7497,added_video,https://scontent-gru2-1.xx.fbcdn.net/v/t15.5256-10/42013054_349581358949690_5939046777947684864_n.jpg?_nc_cat=109&_nc_sid=ad6a45&_nc_ohc=4SYCfD_YDRoAX-s0Lvw&_nc_ht=scontent-gru2-1.xx&oh=f9472ad94021cd631662b743ab7cbbfd&oe=5EAF0A6F,15897,481,92,33,902,8262,True
2018-10-23T16:38:56+0000,904277726319518_306071653557370,haddad fala coletiva imprensa rio janeiro haddad,fh fala coletiva imprensa rio janeiro fh,5795,added_video,https://scontent-gru2-2.xx.fbcdn.net/v/t15.5256-10/42503109_306086840222518_7593274254003535872_n.jpg?_nc_cat=105&_nc_sid=ad6a45&_nc_ohc=Om8CSbATPpgAX_dy2PX&_nc_ht=scontent-gru2-2.xx&oh=b6702ec567a96f9171a7defdc24fd0da&oe=5EAD4F05,14294,527,60,19,445,6525,True
2018-10-23T13:53:10+0000,904277726319518_183045495971720,fernando haddad participa sabatina globo extra epoca valor economico haddad,fh participa sabatina globo extra epoca valor economico fh,12938,added_video,https://scontent-gru1-1.xx.fbcdn.net/v/t15.5256-10/42027600_183098355966434_2009490708171325440_n.jpg?_nc_cat=108&_nc_sid=ad6a45&_nc_ohc=9ukTbluQrfkAX8pN_G-&_nc_ht=scontent-gru1-1.xx&oh=9d311f736e6437a9e1fbf9d9b52b4dcd&oe=5EAF625E,18004,699,131,45,2046,11395,True
2018-10-23T01:01:43+0000,904277726319518_896653450458918,fernando haddad participa programa roda vida tv cultura haddad haddadnorodaviva,fh participa programa roda vida tv cultura fh fhnorodaviva,20908,added_video,https://scontent-gru2-1.xx.fbcdn.net/v/t15.5256-10/43325215_896694143788182_2818348816556621824_n.jpg?_nc_cat=109&_nc_sid=ad6a45&_nc_ohc=SjMuLQ1-a6gAX_W9FFX&_nc_ht=scontent-gru2-1.xx&oh=77ea63e9aca21dd2d0559515ec8c40c6&oe=5EAEA8B9,25711,1055,1228,67,2579,21369,True
2018-10-23T00:27:11+0000,904277726319518_490529238119039,fernando haddad participa ato virada tuca sp haddad,fh participa ato virada tuca sp fh,3342,added_video,https://scontent-gru2-2.xx.fbcdn.net/v/t15.5256-10/43783921_490529294785700_4502160602872938496_n.jpg?_nc_cat=105&_nc_sid=ad6a45&_nc_ohc=D1v0rUwsE10AX-1n82w&_nc_ht=scontent-gru2-2.xx&oh=04e33cedaec88dcf8ef0ff9f9dfb3859&oe=5EAC54FE,16630,678,52,7,246,4227,True
2018-10-22T22:46:44+0000,904277726319518_299724683965192,fernando haddad participa ato virada tuca sp haddad,fh participa ato virada tuca sp fh,9451,added_video,https://scontent-gru2-1.xx.fbcdn.net/v/t15.5256-10/43919972_299772827293711_163956523939135488_n.jpg?_nc_cat=109&_nc_sid=ad6a45&_nc_ohc=QuvCKqF-CCYAX_ugjxP&_nc_ht=scontent-gru2-1.xx&oh=f3c0bb3cc440f0b83227b24e6dd95fc8&oe=5EAC563C,17756,1358,126,74,3259,9370,True
2018-10-22T22:43:19+0000,904277726319518_2182882465368542,fernando haddad participa ato virada tuca sp haddad,fh participa ato virada tuca sp fh,3203,added_video,https://scontent-gru2-1.xx.fbcdn.net/v/t15.5256-10/43785095_2182883202035135_7758152873061384192_n.jpg?_nc_cat=109&_nc_sid=ad6a45&_nc_ohc=7bLsJN1XFNMAX9Hpavk&_nc_ht=scontent-gru2-1.xx&oh=ee5abcff5778403d7980a99dbef4b6d8&oe=5EAC63B9,9612,363,50,7,169,4149,True
2018-10-22T22:40:50+0000,904277726319518_258368278214559,haddad manuela ato nacional educacao ciencia tecnologia intelectuais votehaddad democracia,fh manuela ato nacional educacao ciencia tecnologia intelectuais votefh democracia,11135,added_video,https://scontent-gru2-2.xx.fbcdn.net/v/t15.5256-10/43457718_258368664881187_7609658231387848704_n.jpg?_nc_cat=105&_nc_sid=ad6a45&_nc_ohc=E9HEt5wt9LAAX9xba3S&_nc_ht=scontent-gru2-2.xx&oh=134a2f602d921a9e82f380aa986cb1ff&oe=5EAF50A5,24391,703,106,19,255,7370,True
2018-10-22T18:34:34+0000,904277726319518_2000917313322215,espero hoje teatro tuca sao paulo ato virada artistas intelectuais cidadaos cidadas todo mundo junto vamos ganhar eleicoes,espero hoje teatro tuca sao paulo ato virada artistas intelectuais cidadaos cidadas todo mundo junto vamos ganhar eleicoes,2944,added_video,https://scontent-gru2-2.xx.fbcdn.net/v/t15.5256-10/42493564_2142594529084912_7835172021909585920_n.jpg?_nc_cat=106&_nc_sid=ad6a45&_nc_ohc=22c4Ikr7m0EAX89kW0i&_nc_ht=scontent-gru2-2.xx&oh=df66f17ba97257368e4198ecb2bed5af&oe=5EAEF24E,9373,916,28,4,73,1895,True
2018-10-22T14:53:13+0000,904277726319518_342397319844318,encontro fernando haddad catadores sao paulo haddad,encontro fh catadores sao paulo fh,3571,added_video,https://scontent-gru2-2.xx.fbcdn.net/v/t15.5256-10/43321393_342416393175744_7379701374507810816_n.jpg?_nc_cat=100&_nc_sid=ad6a45&_nc_ohc=USmMOBMz2pEAX9MX395&_nc_ht=scontent-gru2-2.xx&oh=ac77d376afd3b45866f8deeeba52e628&oe=5EAFEB8B,10475,785,41,6,255,3550,True
2018-10-22T14:32:10+0000,904277726319518_246945852665312,encontro fernando haddad catadores sao paulo haddad,encontro fh catadores sao paulo fh,4716,added_video,https://scontent-gru1-1.xx.fbcdn.net/v/t15.5256-10/42730261_246958092664088_8046977329089478656_n.jpg?_nc_cat=103&_nc_sid=ad6a45&_nc_ohc=bxht1H6raUwAX84C3g9&_nc_ht=scontent-gru1-1.xx&oh=63989a28fb77dd46dbaf72292ae5be13&oe=5EAE6879,11577,676,59,46,279,4616,True
2018-10-22T14:29:28+0000,904277726319518_277706956418800,fernando haddad participa encontro catadores sao paulo haddad,fh participa encontro catadores sao paulo fh,1956,added_video,https://scontent-gru1-1.xx.fbcdn.net/v/t15.5256-10/43439846_277707743085388_2557881426833833984_n.jpg?_nc_cat=108&_nc_sid=ad6a45&_nc_ohc=BkAJJI3glzoAX9F3Fnf&_nc_ht=scontent-gru1-1.xx&oh=2010f32f6993eed5d6050af9e3329f63&oe=5EAEA606,9487,396,26,7,74,2364,True
2018-10-21T15:07:27+0000,904277726319518_2003784036347396,caminhada ato fernando haddad sao luis maranhao,caminhada ato fh sao luis maranhao,2198,added_video,https://scontent-gru1-1.xx.fbcdn.net/v/t15.5256-10/41592467_2003807456345054_1140670582841409536_n.jpg?_nc_cat=101&_nc_sid=ad6a45&_nc_ohc=QYN0BTql78kAX8iI7iX&_nc_ht=scontent-gru1-1.xx&oh=3413bf5130eb4eb65c0f6f35ca457c6b&oe=5EAEBE12,11477,481,38,11,233,2415,True
2018-10-21T15:02:37+0000,904277726319518_283313859056631,caminhada ato fernando haddad sao luis maranhao,caminhada ato fh sao luis maranhao,1397,added_video,https://scontent-gru2-1.xx.fbcdn.net/v/t15.5256-10/43836123_283314005723283_873124176481746944_n.jpg?_nc_cat=111&_nc_sid=ad6a45&_nc_ohc=ZMeAISQpPRUAX-S1N3N&_nc_ht=scontent-gru2-1.xx&oh=dd972de36a11ce105c84509b725b1140&oe=5EAF745D,8944,258,29,3,100,2655,True
2018-10-21T13:41:59+0000,904277726319518_252004595662338,caminhada ato fernando haddad sao luis maranhao,caminhada ato fh sao luis maranhao,4754,added_video,https://scontent-gru2-2.xx.fbcdn.net/v/t15.5256-10/43329464_252011332328331_5798008147960397824_n.jpg?_nc_cat=102&_nc_sid=ad6a45&_nc_ohc=FxDqUz-MeMkAX87mE9v&_nc_ht=scontent-gru2-2.xx&oh=fc37b1388b4052f4474245f540841eb8&oe=5EAC7331,16051,631,63,20,499,4507,True
2018-10-21T13:00:27+0000,904277726319518_179711509620024,caminhada ato fernando haddad sao luis maranhao,caminhada ato fh sao luis maranhao,6374,added_video,https://scontent-gru2-1.xx.fbcdn.net/v/t15.5256-10/41666907_179712699619905_6671276871566491648_n.jpg?_nc_cat=111&_nc_sid=ad6a45&_nc_ohc=tIzMvUEF2EEAX_YbmOW&_nc_ht=scontent-gru2-1.xx&oh=d33e41a538947380cc2cc63ad7cfc6c6&oe=5EAFEEE0,20925,718,81,40,368,4461,True
2018-10-21T12:34:45+0000,904277726319518_480105099149581,caminhada ato fernando haddad sao luis maranhao,caminhada ato fh sao luis maranhao,4370,added_video,https://scontent-gru1-1.xx.fbcdn.net/v/t15.5256-10/43466303_480105179149573_4695371772562767872_n.jpg?_nc_cat=104&_nc_sid=ad6a45&_nc_ohc=Jm-uyqimN0QAX_0VU9A&_nc_ht=scontent-gru1-1.xx&oh=c21489a0856708049dca119ed0679916&oe=5EADC4CA,17269,440,50,12,215,3441,True
2018-10-21T00:03:35+0000,904277726319518_1997944630286150,todos todas brasil milhares pessoas brasil afora mostraram forte esperanca democracia liberdade construcao pais justo desenvolvido pais vai ser grande nacao,todos todas brasil milhares pessoas brasil afora mostraram forte esperanca democracia liberdade construcao pais justo desenvolvido pais vai ser grande nacao,9441,added_photos,https://scontent-gru1-1.xx.fbcdn.net/v/t1.0-0/p480x480/44444474_1997944636952816_6172292252631564288_o.jpg?_nc_cat=101&_nc_sid=e007fa&_nc_ohc=Xzq3tNqTqiUAX-WeoHe&_nc_ht=scontent-gru1-1.xx&_nc_tp=6&oh=b5071ecb5529e31b863a5d430a154d8d&oe=5EAFB4A8,20987,1067,144,4,57,4656,True
2018-10-20T23:16:12+0000,904277726319518_1873393272752220,fernando haddad direto picos piaui haddadsim,fh direto picos piaui fhsim,6852,added_video,https://scontent-gru2-2.xx.fbcdn.net/v/t15.5256-10/41981504_1873396682751879_7381261074701484032_n.jpg?_nc_cat=106&_nc_sid=ad6a45&_nc_ohc=Fw_y9Yk9DI0AX_NpUFu&_nc_ht=scontent-gru2-2.xx&oh=bf6ab90976b721dce4b298a79fcac2c0&oe=5EAEE38F,20616,657,66,17,258,4736,True
2018-10-20T22:30:43+0000,904277726319518_1271957406279439,fernando haddad direto picos piaui haddadsim,fh direto picos piaui fhsim,7975,added_video,https://scontent-gru2-1.xx.fbcdn.net/v/t15.5256-10/41882585_1271989242942922_3918540762857340928_n.jpg?_nc_cat=107&_nc_sid=ad6a45&_nc_ohc=2LwYap2o_1EAX-z1LiT&_nc_ht=scontent-gru2-1.xx&oh=86c1259a7d1923a05ac243c28e4e1ef9&oe=5EAC2470,17713,856,117,59,2238,7485,True
2018-10-20T20:30:00+0000,904277726319518_1997638553650091,bolsonaro nao surpreende ja aprovou todas pautas agenda temer agora oferece extensao pior governo atual,jb nao surpreende ja aprovou todas pautas agenda temer agora oferece extensao pior governo atual,7104,shared_story,https://external-gru1-1.xx.fbcdn.net/safe_image.php?d=AQC930Uhiar2ZZSB&url=https%3A%2F%2Fconteudo.imguol.com.br%2Fc%2Fnoticias%2Fb3%2F2018%2F10%2F20%2F20out2018---jair-bolsonaro-psl-1540051525896_956x500.jpg&_nc_hash=AQAQAl6fm6pbeARj,11950,1370,208,503,2168,131,True
2018-10-20T19:35:56+0000,904277726319518_1997664293647517,brasil ja viveu melhor momento sabe caminho resgatar tempo bom vamos fazer pais voltar crescer povo sorrir novo haddad haddadsim,brasil ja viveu melhor momento sabe caminho resgatar tempo bom vamos fazer pais voltar crescer povo sorrir novo fh fhsim,5410,added_video,https://scontent-gru1-1.xx.fbcdn.net/v/t15.5256-10/42075441_302220243720194_3654480070350733312_n.jpg?_nc_cat=101&_nc_sid=ad6a45&_nc_ohc=4lBa24g8dYwAX94pxyC&_nc_ht=scontent-gru1-1.xx&oh=2d0c86f9a83e7cc77d08768ea012cdbc&oe=5EAFF158,9894,388,35,29,426,1292,True
2018-10-20T19:12:38+0000,904277726319518_481898018962681,fernando haddad camilo santana direto crato ceara haddadsim bolsonaronao,fh camilo santana direto crato ceara fhsim jbnao,7474,added_video,https://scontent-gru2-2.xx.fbcdn.net/v/t15.5256-10/41528971_481913622294454_5987451518935105536_n.jpg?_nc_cat=105&_nc_sid=ad6a45&_nc_ohc=b9Fe8JN-DsYAX_dnsIC&_nc_ht=scontent-gru2-2.xx&oh=bd9c2ee2bb8410291264d28a5801e116&oe=5EADD778,14891,641,91,41,1502,6437,True
2018-10-20T16:50:32+0000,904277726319518_359740621235071,fernando haddad participa ato juazeiro norte haddadsim bolsonaronao,fh participa ato juazeiro norte fhsim jbnao,2906,added_video,https://scontent-gru1-1.xx.fbcdn.net/v/t15.5256-10/41923957_359750441234089_1961578853335826432_n.jpg?_nc_cat=108&_nc_sid=ad6a45&_nc_ohc=nafZiuXJl78AX_es-tY&_nc_ht=scontent-gru1-1.xx&oh=cbf84857efa660d1ce47330be5591999&oe=5EADA928,9955,506,50,15,1109,3649,True
2018-10-20T16:33:16+0000,904277726319518_555606084893105,fernando haddad participa ato juazeiro norte haddadsim bolsonaronao,fh participa ato juazeiro norte fhsim jbnao,2386,added_video,https://scontent-gru2-1.xx.fbcdn.net/v/t15.5256-10/43112811_555620458225001_3250535153461624832_n.jpg?_nc_cat=107&_nc_sid=ad6a45&_nc_ohc=qGaVOKIfwZsAX_LfxDU&_nc_ht=scontent-gru2-1.xx&oh=f9f3751146a16d900d040b36f269b890&oe=5EAD8F59,13492,406,33,5,168,2749,True
2018-10-20T16:19:36+0000,904277726319518_2156855454538306,fernando haddad participa ato juazeiro norte haddadsim bolsonaronao,fh participa ato juazeiro norte fhsim jbnao,3517,added_video,https://scontent-gru1-1.xx.fbcdn.net/v/t15.5256-10/41869020_2156863601204158_7865986088681078784_n.jpg?_nc_cat=104&_nc_sid=ad6a45&_nc_ohc=mwzd1K2WFhQAX-jKe2N&_nc_ht=scontent-gru1-1.xx&oh=eecfe9a43b5d79ce47dbe2400dad4150&oe=5EACB499,12645,442,37,15,219,3695,True
2018-10-20T16:18:10+0000,904277726319518_159544618330696,fernando haddad participa ato juazeiro norte haddadsim bolsonaronao,fh participa ato juazeiro norte fhsim jbnao,831,added_video,https://scontent-gru2-2.xx.fbcdn.net/v/t15.5256-10/43282626_159545131663978_3815045756264382464_n.jpg?_nc_cat=100&_nc_sid=ad6a45&_nc_ohc=2WPAAHXFn-MAX8SSW6R&_nc_ht=scontent-gru2-2.xx&oh=8b772382fe2418d3a7423ea923e6321d&oe=5EADB33F,7127,172,13,1,46,1060,True
2018-10-20T15:27:19+0000,904277726319518_182105812673902,fernando haddad participa ato juazeiro norte haddadsim bolsonaronao,fh participa ato juazeiro norte fhsim jbnao,2978,added_video,https://scontent-gru2-2.xx.fbcdn.net/v/t15.5256-10/42799376_182110162673467_184186489918193664_n.jpg?_nc_cat=100&_nc_sid=ad6a45&_nc_ohc=hZpSsBmW1PgAX97BDrz&_nc_ht=scontent-gru2-2.xx&oh=cf84ae722f6e8297a2c977fae79e16d7&oe=5EAD420E,14357,426,48,8,141,3550,True
2018-10-20T13:47:57+0000,904277726319518_340942240006692,fernando haddad caminhada povo rua fortaleza votehaddad haddadpresidente democracia,fh caminhada povo rua fortaleza votefh hp democracia,7501,added_video,https://scontent-gru2-2.xx.fbcdn.net/v/t15.5256-10/41953396_340948593339390_216454626457681920_n.jpg?_nc_cat=100&_nc_sid=ad6a45&_nc_ohc=Uj_39rCO9KEAX8KUqmb&_nc_ht=scontent-gru2-2.xx&oh=b26fd9177e6e43c80d3f00c6cbef2f8a&oe=5EAFA2D8,18059,931,78,18,788,5211,True
2018-10-20T13:13:57+0000,904277726319518_533486050431283,fernando haddad caminhada povo rua fortaleza votehaddad haddadpresidente democracia,fh caminhada povo rua fortaleza votefh hp democracia,7092,added_video,https://scontent-gru1-1.xx.fbcdn.net/v/t15.5256-10/41573155_533508620429026_6321567977057550336_n.jpg?_nc_cat=108&_nc_sid=ad6a45&_nc_ohc=scOymETPG3QAX8VVX-E&_nc_ht=scontent-gru1-1.xx&oh=a37be89c3901ae142dd11a38cb43d4cd&oe=5EAD1589,12422,839,87,42,2146,5651,True
2018-10-20T13:05:53+0000,904277726319518_2090171801296496,fernando haddad caminhada povo rua fortaleza votehaddad haddadpresidente democracia,fh caminhada povo rua fortaleza votefh hp democracia,1811,added_video,https://scontent-gru1-1.xx.fbcdn.net/v/t15.5256-10/43247070_2090172034629806_4996200610643574784_n.jpg?_nc_cat=104&_nc_sid=ad6a45&_nc_ohc=-cX4pKkwKL0AX9uUtL6&_nc_ht=scontent-gru1-1.xx&oh=c867c401d405a4356c42cd005403ea6d&oe=5EB009CB,5342,369,21,6,96,1442,True
2018-10-20T13:01:30+0000,904277726319518_741072702905581,fernando haddad caminhada povo rua fortaleza votehaddad haddadpresidente democracia,fh caminhada povo rua fortaleza votefh hp democracia,1594,added_video,https://scontent-gru1-1.xx.fbcdn.net/v/t15.5256-10/43112096_741073072905544_8705973351228637184_n.jpg?_nc_cat=104&_nc_sid=ad6a45&_nc_ohc=7eGZaUX-ENEAX9RhmCP&_nc_ht=scontent-gru1-1.xx&oh=7477b5f9cd7a4a592abd6644d1e701e9&oe=5EAFA08C,7410,238,28,9,104,1919,True
2018-10-20T12:48:30+0000,904277726319518_1906488216103770,fernando haddad caminhada povo rua fortaleza votehaddad haddadpresidente democracia,fh caminhada povo rua fortaleza votefh hp democracia,3944,added_video,https://scontent-gru2-2.xx.fbcdn.net/v/t15.5256-10/41591191_1906489689436956_8617592218586185728_n.jpg?_nc_cat=102&_nc_sid=ad6a45&_nc_ohc=bq4gSf03kCEAX_ciDRK&_nc_ht=scontent-gru2-2.xx&oh=56013b23538a12efd02254df7c0079b3&oe=5EAC9371,13374,363,40,11,192,2633,True
2018-10-20T12:41:30+0000,904277726319518_313532762771260,fernando haddad caminhada povo rua fortaleza votehaddad haddadpresidente democracia,fh caminhada povo rua fortaleza votefh hp democracia,3568,added_video,https://scontent-gru2-1.xx.fbcdn.net/v/t15.5256-10/42768713_313539486103921_1175209812187676672_n.jpg?_nc_cat=109&_nc_sid=ad6a45&_nc_ohc=crnrQFUUWC4AX_2SjOp&_nc_ht=scontent-gru2-1.xx&oh=83a8b67349d330b65a7abc8c0809fd17&oe=5EAFED7B,11576,288,39,3,129,3589,True
2018-10-19T23:47:17+0000,904277726319518_1996195157127764,nao assistiu programa assista aqui coisa aprendi vida paz so possivel todos direitos respeitados vamos juntos fazer brasil paz oportunidades todos haddad,nao assistiu programa assista aqui coisa aprendi vida paz so possivel todos direitos respeitados vamos juntos fazer brasil paz oportunidades todos fh,9033,added_video,https://scontent-gru1-1.xx.fbcdn.net/v/t15.5256-10/41799160_511217689378775_70144083028344832_n.jpg?_nc_cat=108&_nc_sid=ad6a45&_nc_ohc=U6Kao3GeV4wAX82uZ2r&_nc_ht=scontent-gru1-1.xx&oh=efc67c7b58309d35983151fcf6e96f1b&oe=5EACD69E,14961,1132,74,80,206,2002,True
2018-10-19T23:27:29+0000,904277726319518_327545611354824,fernando haddad comite democracia fortaleza votehaddad,fh comite democracia fortaleza votefh,5087,added_video,https://scontent-gru2-2.xx.fbcdn.net/v/t15.5256-10/41726976_327559738020078_6050936414084792320_n.jpg?_nc_cat=105&_nc_sid=ad6a45&_nc_ohc=Lf_skSANj7sAX-yNB8u&_nc_ht=scontent-gru2-2.xx&oh=befe90e7c40c976f5e4ca20bdf2d3433&oe=5EAE384C,14760,845,81,39,1733,6531,True
2018-10-19T22:51:11+0000,904277726319518_2031606660232028,recepcao fernando haddad chegando fortaleza votehaddad democracia,recepcao fh chegando fortaleza votefh democracia,10058,added_video,https://scontent-gru2-1.xx.fbcdn.net/v/t15.5256-10/42969243_2031613193564708_6308095562298163200_n.jpg?_nc_cat=107&_nc_sid=ad6a45&_nc_ohc=Ifnue5MM_UIAX-7cJmk&_nc_ht=scontent-gru2-1.xx&oh=9b5f6db79a72129941ade72897c95d46&oe=5EAC2877,30108,1236,111,26,577,9682,True
2018-10-19T18:10:51+0000,904277726319518_587037195045173,haddad rio janeiro chama bolsonaro debate propostas brasil nao vai ter entrevista emprego importante nacao,fh rio janeiro chama jb debate propostas brasil nao vai ter entrevista emprego importante nacao,5756,added_video,https://scontent-gru1-1.xx.fbcdn.net/v/t15.5256-10/42950735_587037818378444_7550915263600787456_n.jpg?_nc_cat=108&_nc_sid=ad6a45&_nc_ohc=eIMzvuB7wlwAX97mKCz&_nc_ht=scontent-gru1-1.xx&oh=a90a3103fb25be9abf1de402caf6c0a9&oe=5EAFAE96,15082,1301,50,3,286,4228,True
2018-10-19T16:34:12+0000,904277726319518_1422072547895760,haddad ato militantes centro rio janeiro haddadpresidente,fh ato militantes centro rio janeiro hp,5187,added_video,https://scontent-gru1-1.xx.fbcdn.net/v/t15.5256-10/41517266_1422076641228684_7925585503011733504_n.jpg?_nc_cat=108&_nc_sid=ad6a45&_nc_ohc=X5lK9HFVBAEAX-BCoYD&_nc_ht=scontent-gru1-1.xx&oh=f36e1f0568452ca8fe72417d5c3379b2&oe=5EAFBF89,12170,972,78,22,1607,4796,True
2018-10-19T15:52:26+0000,904277726319518_321132581803525,haddad fala imprensa rio janeiro haddadpresidente votehaddad,fh fala imprensa rio janeiro hp votefh,2254,added_video,https://scontent-gru2-2.xx.fbcdn.net/v/t15.5256-10/41684154_321139881802795_3983662070611574784_n.jpg?_nc_cat=106&_nc_sid=ad6a45&_nc_ohc=n6OL3kC2aXcAX_4-Hpl&_nc_ht=scontent-gru2-2.xx&oh=93e974283ddd945d51e45b9962a2890c&oe=5EAC8C0C,7135,341,37,10,581,2601,True
2018-10-19T14:45:44+0000,904277726319518_2114101825517228,fernando haddad fala sobre desenvolvimento soberania nacional clube engenharia rio janeiro haddad democracia,fh fala sobre desenvolvimento soberania nacional clube engenharia rio janeiro fh democracia,4806,added_video,https://scontent-gru2-1.xx.fbcdn.net/v/t15.5256-10/42490961_2114142535513157_5361649190197788672_n.jpg?_nc_cat=107&_nc_sid=ad6a45&_nc_ohc=Ed0vTvYhmc4AX822wiq&_nc_ht=scontent-gru2-1.xx&oh=7755518dcd0f1414b3bd12fd52fddd57&oe=5EAEE4D6,10944,686,66,19,1472,4850,True
2018-10-19T13:39:50+0000,904277726319518_292005268190324,chegada fernando haddad rio janeiro haddadpresidente,chegada fh rio janeiro hp,3150,added_video,https://scontent-gru1-1.xx.fbcdn.net/v/t15.5256-10/43228802_292008978189953_1194604883769032704_n.jpg?_nc_cat=101&_nc_sid=ad6a45&_nc_ohc=ICmGrYtaezIAX8r5dt0&_nc_ht=scontent-gru1-1.xx&oh=0be27f9ad5cec76285dce91d21ed2def&oe=5EACAE2B,10532,1214,50,12,697,4662,True
2018-10-18T20:04:38+0000,904277726319518_486071285210845,fernando haddad fala radio globo democracia liberdade votehaddad abaixofakenews,fh fala radio globo democracia liberdade votefh abaixofakenews,6029,added_video,https://scontent-gru1-1.xx.fbcdn.net/v/t15.5256-10/41617241_486096435208330_255450296690409472_n.jpg?_nc_cat=101&_nc_sid=ad6a45&_nc_ohc=AjtFIqsyyLEAX8Yn52B&_nc_ht=scontent-gru1-1.xx&oh=139e116a1b8c1865655718975077cc65&oe=5EAF003D,11235,1109,89,30,2940,6799,True
2018-10-18T19:11:21+0000,904277726319518_1993865667360713,democracia risco bolsonaro sendo condenado diariamente justica eleitoral retirar difamacoes faz contra mim agora sabemos produzindo distribuindo dinheiro sujo,democracia risco jb sendo condenado diariamente justica eleitoral retirar difamacoes faz contra mim agora sabemos produzindo distribuindo dinheiro sujo,13493,added_photos,https://scontent-gru1-1.xx.fbcdn.net/v/t1.0-9/p720x720/44245516_1993862187361061_2682296549110710272_o.jpg?_nc_cat=108&_nc_sid=8024bb&_nc_ohc=SdXktzO6g7QAX8qtHre&_nc_ht=scontent-gru1-1.xx&_nc_tp=6&oh=1235e11928d3fdc7b9fe68618b04cb30&oe=5EAD7B13,19778,6557,117,117,563,1773,True
2018-10-18T18:01:14+0000,904277726319518_2236927859928538,encontro candidato fernando haddad defesa animais direitodosanimais haddad,encontro candidato fh defesa animais direitodosanimais fh,3398,added_video,https://scontent-gru2-2.xx.fbcdn.net/v/t15.5256-10/41448642_2236946099926714_7463009588132970496_n.jpg?_nc_cat=105&_nc_sid=ad6a45&_nc_ohc=nm6EH6LeeqgAX_yAGIA&_nc_ht=scontent-gru2-2.xx&oh=443132191953e8162e96838766a08958&oe=5EAEBC17,6894,1253,35,9,301,3372,True
2018-10-18T17:56:25+0000,904277726319518_1966059326774245,coletiva imprensa sobre tentativa campanha bolsonaro fraudar eleicoes haddad,coletiva imprensa sobre tentativa campanha jb fraudar eleicoes fh,20390,added_video,https://scontent-gru1-1.xx.fbcdn.net/v/t15.5256-10/41757993_1966067730106738_7914012206826520576_n.jpg?_nc_cat=108&_nc_sid=ad6a45&_nc_ohc=JuZWW252wikAX-hr0cC&_nc_ht=scontent-gru1-1.xx&oh=c3e1422ed3fd1774a87b704828f3b627&oe=5EAEADCD,17496,4914,197,43,1896,6662,True
2018-10-18T17:23:57+0000,904277726319518_1993686207378659,neste sabado vamos ruas todos brasil haddad,neste sabado vamos ruas todos brasil fh,8384,added_video,https://scontent-gru1-1.xx.fbcdn.net/v/t15.5256-10/41742880_1131647156989824_7075018121106423808_n.jpg?_nc_cat=101&_nc_sid=ad6a45&_nc_ohc=bLLtiYFsBuYAX8DkyvC&_nc_ht=scontent-gru1-1.xx&oh=858899bad46628a15741b3802dd6a94e&oe=5EAF389E,7873,1996,64,267,222,2154,True
2018-10-18T15:16:32+0000,904277726319518_1915637512065676,coletiva imprensa sao paulo haddad,coletiva imprensa sao paulo fh,5544,added_video,https://scontent-gru2-1.xx.fbcdn.net/v/t15.5256-10/41602460_1915639465398814_247480933333073920_n.jpg?_nc_cat=109&_nc_sid=ad6a45&_nc_ohc=VBCIkcnAoVEAX-B-8P2&_nc_ht=scontent-gru2-1.xx&oh=3915444b1b1e0bf07afde2707d2aa5c7&oe=5EACCA50,9193,661,93,31,1059,4806,True
2018-10-18T13:10:15+0000,904277726319518_577544252660420,encontro juristas haddad defesa democracia estado direito haddad,encontro juristas fh defesa democracia estado direito fh,7154,added_video,https://scontent-gru2-1.xx.fbcdn.net/v/t15.5256-10/43217271_577595925988586_1889661176447500288_n.jpg?_nc_cat=109&_nc_sid=ad6a45&_nc_ohc=KorELuxluqwAX9yw2xV&_nc_ht=scontent-gru2-1.xx&oh=dfdf3c5118bd1383d9c122e67b58fb9f&oe=5EAFC732,9543,740,52,22,1293,4649,True
2018-10-18T12:40:53+0000,904277726319518_2209308999345049,fernando haddad fala radio tupi rio janeiro votehaddad,fh fala radio tupi rio janeiro votefh,2774,added_video,https://scontent-gru2-2.xx.fbcdn.net/v/t15.5256-10/41748537_2209317532677529_8208501312401178624_n.jpg?_nc_cat=100&_nc_sid=ad6a45&_nc_ohc=aFmTi0J6Zu8AX_SfVAl&_nc_ht=scontent-gru2-2.xx&oh=18d35d7dabf7d8f3429467f562098c1c&oe=5EAFB1AB,6363,814,34,16,325,3322,True
2018-10-18T01:07:09+0000,904277726319518_1992520954161851,ultimos dias verdadeira onda voluntarios engajado campanha defesa democracia participe haddad,ultimos dias verdadeira onda voluntarios engajado campanha defesa democracia participe fh,1669,shared_story,https://external-gru1-1.xx.fbcdn.net/safe_image.php?d=AQA8LGKzDwhxj-Q4&url=http%3A%2F%2Fd3n8a8pro7vhmx.cloudfront.net%2Fthemes%2F5bbdf9114445eaadc53b28df%2Fattachments%2Foriginal%2F1539292067%2FHaddad----Share-Image_FB.jpg%3F1539292067&_nc_hash=AQDcgbL2g6Cvy7gI,9756,1085,26,0,73,1324,True
2018-10-18T00:03:20+0000,904277726319518_1992452077502072,queremos construir juntos governo pautado verdade maxima responsabilidade acolher proximo,queremos construir juntos governo pautado verdade maxima responsabilidade acolher proximo,9784,added_video,https://scontent-gru1-1.xx.fbcdn.net/v/t15.5256-10/42679410_317201022441377_2292465294188216320_n.jpg?_nc_cat=110&_nc_sid=ad6a45&_nc_ohc=Ua_lYQ4CLsYAX-u3_43&_nc_ht=scontent-gru1-1.xx&oh=de6767d71063e0fd674775b4f89d0fbe&oe=5EAE0E42,21899,1382,50,8,190,3406,True
2018-10-17T22:10:19+0000,904277726319518_2374933882536680,fernando haddad fala eleicoes sbt haddadnosbt,fh fala eleicoes sbt fhnosbt,12363,added_video,https://scontent-gru2-1.xx.fbcdn.net/v/t15.5256-10/41851453_2374954135867988_5029741036755222528_n.jpg?_nc_cat=107&_nc_sid=ad6a45&_nc_ohc=BQavxULWZ6cAX8TsfuD&_nc_ht=scontent-gru2-1.xx&oh=426ac7a0537e8f801b0baebfe7298d91&oe=5EADE906,15336,399,197,16,737,10924,True
2018-10-17T19:23:58+0000,904277726319518_1992076074206339,hora agora defender democracia obrigado importante posicionamento renata sorrah,hora agora defender democracia obrigado importante posicionamento renata sorrah,25583,added_video,https://scontent-gru1-1.xx.fbcdn.net/v/t15.5256-10/41720837_289718728310860_1965612918548463616_n.jpg?_nc_cat=108&_nc_sid=ad6a45&_nc_ohc=Yz5kKZhZNgkAX-GsiL9&_nc_ht=scontent-gru1-1.xx&oh=83683c4386077276f06ee000bac66fd6&oe=5EAD007F,25288,2276,109,30,501,6301,True
2018-10-17T16:14:49+0000,904277726319518_164844434462240,fernando haddad fala imprensa liberdade democracia debate votehaddad,fh fala imprensa liberdade democracia debate votefh,3959,added_video,https://scontent-gru2-2.xx.fbcdn.net/v/t15.5256-10/41368014_164868444459839_2979893789373497344_n.jpg?_nc_cat=106&_nc_sid=ad6a45&_nc_ohc=JQ6dyY8B0HoAX_7UdPa&_nc_ht=scontent-gru2-2.xx&oh=caad20e145ac074b3004b01d9286d686&oe=5EAF5DAF,8366,382,36,21,956,4688,True
2018-10-17T15:44:45+0000,904277726319518_1991743714239575,estado garantir liberdades religiosas nao podemos tomar partido detrimento outra,estado garantir liberdades religiosas nao podemos tomar partido detrimento outra,10050,added_photos,https://scontent-gru1-1.xx.fbcdn.net/v/t1.0-9/s720x720/44183264_1991743677572912_3765706735336030208_n.jpg?_nc_cat=104&_nc_sid=110474&_nc_ohc=OJDuwyuFKGwAX-7uLjl&_nc_ht=scontent-gru1-1.xx&_nc_tp=7&oh=178020c29ac89f48fe49966a71a8465c&oe=5EACC065,18177,459,24,7,27,2746,True
2018-10-17T13:47:03+0000,904277726319518_2117071491941966,encontro fernando haddad liderancas evangelicas metodista presbiteriana batista anglicana assembleia deus comissao justica paz betesda frente evangelica estado direito haddadpresidente haddad,encontro fh liderancas evangelicas metodista presbiteriana batista anglicana assembleia deus comissao justica paz betesda frente evangelica estado direito hp fh,12102,added_video,https://scontent-gru1-1.xx.fbcdn.net/v/t15.5256-10/41543075_2117153378600444_6041963763546980352_n.jpg?_nc_cat=103&_nc_sid=ad6a45&_nc_ohc=sAfjV-2Osk0AX9YI9mi&_nc_ht=scontent-gru1-1.xx&oh=46a19890751f5e67f06eeb48a51980e4&oe=5EAF361A,12587,933,108,112,3090,6696,True
2018-10-17T00:21:35+0000,904277726319518_311105863003606,fernando haddad candidato presidencia concede entrevista jornalista bob fernandes haddad,fh candidato presidencia concede entrevista jornalista bob fernandes fh,9371,added_video,https://scontent-gru2-2.xx.fbcdn.net/v/t15.5256-10/43252735_311107469670112_341402384808804352_n.jpg?_nc_cat=105&_nc_sid=ad6a45&_nc_ohc=1bkAQROi6j0AX9agFra&_nc_ht=scontent-gru2-2.xx&oh=6cb926e9d4589acbd18f406bb4b142e2&oe=5EAEF4AF,11330,337,60,20,893,6867,True
2018-10-16T23:48:35+0000,904277726319518_1990563791024234,ditadura nunca tortura nunca,ditadura nunca tortura nunca,25727,added_video,https://scontent-gru1-1.xx.fbcdn.net/v/t15.5256-10/41555857_197384891155293_5376099216823156736_n.jpg?_nc_cat=104&_nc_sid=ad6a45&_nc_ohc=yvJ-tOhz-vwAX8wivuZ&_nc_ht=scontent-gru1-1.xx&oh=10085fadb87fadec087203952c85ce55&oe=5EAC4F42,11484,960,124,3195,546,991,True
2018-10-16T19:58:54+0000,904277726319518_2675105195849730,encontro fernando haddad frentes brasil popular povo medo haddadpresidente,encontro fh frentes brasil popular povo medo hp,5491,added_video,https://scontent-gru2-2.xx.fbcdn.net/v/t15.5256-10/41735905_2675161645844085_1442176513926496256_n.jpg?_nc_cat=102&_nc_sid=ad6a45&_nc_ohc=ZHcD8ow2RkMAX8Xv9L2&_nc_ht=scontent-gru2-2.xx&oh=2b08fda597cbf660d9fbe12adad98c18&oe=5EAE4CBD,9421,742,58,28,1981,4263,True
2018-10-16T19:10:45+0000,904277726319518_2062724187113213,fernando haddad fala radios minas gerais haddadpresidente,fh fala radios minas gerais hp,2167,added_video,https://scontent-gru2-1.xx.fbcdn.net/v/t15.5256-10/41294728_2062733010445664_3539758410088054784_n.jpg?_nc_cat=111&_nc_sid=ad6a45&_nc_ohc=EmqwaOdX-W4AX__PmJy&_nc_ht=scontent-gru2-1.xx&oh=447aab6690b6007b6837c3420b49ec4c&oe=5EAE3ED2,9825,469,19,9,159,2672,True
2018-10-16T18:05:57+0000,904277726319518_261089987925869,fernando haddad fala piaui entrevista sistema meio norte,fh fala piaui entrevista sistema meio norte,2825,added_video,https://scontent-gru2-2.xx.fbcdn.net/v/t15.5256-10/42795528_261106181257583_321803345230561280_n.jpg?_nc_cat=106&_nc_sid=ad6a45&_nc_ohc=kV7qob-j4hcAX8a79nf&_nc_ht=scontent-gru2-2.xx&oh=14228159afb391b221d855beffc3006a&oe=5EAC43EB,12172,477,41,14,237,4243,True
2018-10-16T15:26:25+0000,904277726319518_485925275254680,fernando haddad candidato presidencia participa programa panico jovem pan haddad,fh candidato presidencia participa programa panico jovem pan fh,15257,added_video,https://scontent-gru2-2.xx.fbcdn.net/v/t15.5256-10/41571630_485958138584727_2535330275844423680_n.jpg?_nc_cat=105&_nc_sid=ad6a45&_nc_ohc=zTPVUWkWV1sAX-droU1&_nc_ht=scontent-gru2-2.xx&oh=c0b0463a5462faf3af16fc7c48a3c0d7&oe=5EAE335D,24422,1128,512,82,3689,16986,True
2018-10-16T14:05:03+0000,904277726319518_189155221974471,coletiva imprensa fernando haddad candidato debate democracia votehaddad,coletiva imprensa fh candidato debate democracia votefh,6212,added_video,https://scontent-gru2-2.xx.fbcdn.net/v/t15.5256-10/41505984_189169701973023_9117443879749025792_n.jpg?_nc_cat=105&_nc_sid=ad6a45&_nc_ohc=6H2hxXyoFfcAX9lHbFd&_nc_ht=scontent-gru2-2.xx&oh=d22c607f3f53d783b1dd5270c3cefb6a&oe=5EAF5341,20529,707,65,19,882,4589,True
2018-10-16T00:13:06+0000,904277726319518_1988742877872992,nesse momento repito vejo afinidade pensamentos relacao pauta bolsonaro pauta haddad [ ] agenda liberalista agenda defende privatizacoes verdade verdade agenda defende reforma trabalhista varios aspectos sinergia conosco relacao pleiteado governo [ temer ] declarou marun,nesse momento repito vejo afinidade pensamentos relacao pauta jb pauta fh [ ] agenda liberalista agenda defende privatizacoes verdade verdade agenda defende reforma trabalhista varios aspectos sinergia conosco relacao pleiteado governo [ temer ] declarou marun,3901,shared_story,https://external-gru1-1.xx.fbcdn.net/safe_image.php?d=AQCF7o8ZrCpvDBGY&url=https%3A%2F%2Fconteudo.imguol.com.br%2Fc%2Fnoticias%2Fa8%2F2017%2F12%2F08%2F11abr2017---o-deputado-carlos-marun-pmdb-ms-durante-coletiva-de-imprensa-apos-reuniao-no-palacio-do-planalto-1512761715190_956x500.jpg&_nc_hash=AQCtEgq7EFiwEteb,5822,997,106,871,491,72,True
2018-10-16T00:05:36+0000,904277726319518_953882944808047,homenagem professores sao paulo haddadpresidente,homenagem professores sao paulo hp,1777,added_video,https://scontent-gru2-2.xx.fbcdn.net/v/t15.5256-10/41537936_953893658140309_8784392629350563840_n.jpg?_nc_cat=106&_nc_sid=ad6a45&_nc_ohc=NxTP1Zsm5zIAX8FOTtg&_nc_ht=scontent-gru2-2.xx&oh=43bc1a367cb000ce60e07997f8b058b7&oe=5EADD343,7004,356,23,5,100,2593,True
2018-10-15T22:34:25+0000,904277726319518_335238760582431,homenagem professores sao paulo haddadpresidente,homenagem professores sao paulo hp,5392,added_video,https://scontent-gru2-2.xx.fbcdn.net/v/t15.5256-10/43025586_335270620579245_7191439544741265408_n.jpg?_nc_cat=102&_nc_sid=ad6a45&_nc_ohc=fEcOdo4wiPYAX_naAKp&_nc_ht=scontent-gru2-2.xx&oh=17ee013b01ac356ca8e9ea79be3607a6&oe=5EAEFD76,10410,380,49,16,592,5949,True
2018-10-15T22:25:46+0000,904277726319518_262626481059995,homenagem professores sao paulo haddadpresidente,homenagem professores sao paulo hp,2389,added_video,https://scontent-gru1-1.xx.fbcdn.net/v/t15.5256-10/41548110_262627941059849_1422802564994301952_n.jpg?_nc_cat=104&_nc_sid=ad6a45&_nc_ohc=Ifkc9tWUpHgAX8I-pQ8&_nc_ht=scontent-gru1-1.xx&oh=69fa49fc9262a05de8ae2892ff4568ba&oe=5EAC5E1B,9715,364,23,6,115,2182,True
2018-10-15T20:50:00+0000,904277726319518_529390944139521,juntos ja promovemos grande transformacao educacao superior vimos filho pobre virar doutor bancos universidades sendo ocupados todas cores agora vamos comecar nova revolucao ensino confira propostas haddad,juntos ja promovemos grande transformacao educacao superior vimos filho pobre virar doutor bancos universidades sendo ocupados todas cores agora vamos comecar nova revolucao ensino confira propostas fh,4103,added_video,https://scontent-gru1-1.xx.fbcdn.net/v/t15.5256-10/43193310_529391477472801_681299319155851264_n.jpg?_nc_cat=104&_nc_sid=ad6a45&_nc_ohc=ulkRUgCznKMAX8VQRPE&_nc_ht=scontent-gru1-1.xx&oh=6f70f28037b921e62ee6cefab554d456&oe=5EAD00F3,5568,377,24,2,42,970,True
2018-10-15T20:02:37+0000,904277726319518_333635473859957,afinal fato pensa deputado jair bolsonaro,afinal fato pensa deputado jb,22636,added_video,https://scontent-gru2-1.xx.fbcdn.net/v/t15.5256-10/40523030_333635753859929_6296160582621986816_n.jpg?_nc_cat=111&_nc_sid=ad6a45&_nc_ohc=FRpS1uL_UsQAX9Go5QR&_nc_ht=scontent-gru2-1.xx&oh=4ae3fd1bcf4c2f7e91423ef363f6cbea&oe=5EAF5705,9822,1037,92,644,396,262,True
2018-10-15T16:50:00+0000,904277726319518_770642973267313,entenda porque bolsonaro nao quer debater comigo,entenda porque jb nao quer debater comigo,63574,added_video,https://scontent-gru2-2.xx.fbcdn.net/v/t15.5256-10/43836366_770643976600546_1284200542968479744_n.jpg?_nc_cat=105&_nc_sid=ad6a45&_nc_ohc=O8sLUuyV4yMAX_w7Q1n&_nc_ht=scontent-gru2-2.xx&oh=e2ea3a13f21402f7540a67ce5534c867&oe=5EAC6F8D,15022,6608,140,318,323,1635,True
2018-10-15T16:10:00+0000,904277726319518_340637680021322,professores contam querem haddad presidente brasil maislivrosmenosarmas haddad,professores contam querem fh presidente brasil maislivrosmenosarmas fh,37023,added_video,https://scontent-gru1-1.xx.fbcdn.net/v/t15.5256-10/43261190_340638320021258_161370811893022720_n.jpg?_nc_cat=104&_nc_sid=ad6a45&_nc_ohc=xo7wh1_kESsAX8lEQRx&_nc_ht=scontent-gru1-1.xx&oh=28d609908ca10b09ea8ff8b0b65b71d0&oe=5EAC6C3F,25606,945,43,16,129,2274,True
2018-10-15T15:36:30+0000,904277726319518_525835491175116,professor fernando haddad candidato presidente fala eli correa radio capital sao paulo,professor fh candidato presidente fala eli correa radio capital sao paulo,6031,added_video,https://scontent-gru2-1.xx.fbcdn.net/v/t15.5256-10/40994050_525842577841074_4639088721524686848_n.jpg?_nc_cat=109&_nc_sid=ad6a45&_nc_ohc=TIXcsjUckuoAX9YRIHt&_nc_ht=scontent-gru2-1.xx&oh=c63cb508661a1374fb254c2d8cc2ba0e&oe=5EAC5205,11646,510,83,28,1493,8291,True
2018-10-15T15:30:01+0000,904277726319518_1987897997957480,ideia usar ensino distancia ensino fundamental destruicao escola publica filosofia bolsonaro tirar estado todas obrigacoes basicas saude seguranca educacao nao estado minimo propoe estado ausente grave,ideia usar ensino distancia ensino fundamental destruicao escola publica filosofia jb tirar estado todas obrigacoes basicas saude seguranca educacao nao estado minimo propoe estado ausente grave,14356,added_photos,https://scontent-gru2-1.xx.fbcdn.net/v/t1.0-9/p720x720/44211329_1987897407957539_184722085224906752_o.png?_nc_cat=109&_nc_sid=8024bb&_nc_ohc=6au0-iXr7fMAX8CYPfD&_nc_ht=scontent-gru2-1.xx&oh=ff9e16eaf6e8874bb9b185a808bcad08&oe=5EADB65E,9880,437,116,2479,2091,116,True
2018-10-15T14:41:17+0000,904277726319518_255428838508479,prazer fernando haddad haddad maislivrosmenosarmas,prazer fh fh maislivrosmenosarmas,40296,added_video,https://scontent-gru2-2.xx.fbcdn.net/v/t15.5256-10/41215139_255434751841221_8906153028046815232_n.jpg?_nc_cat=105&_nc_sid=ad6a45&_nc_ohc=0oQWjCf5J2EAX8P9rZ1&_nc_ht=scontent-gru2-2.xx&oh=086a72b505c45398a6453e1fa3ec7d8a&oe=5EACD74F,46159,2489,109,32,324,4211,True
2018-10-15T14:06:33+0000,904277726319518_197762647795766,fernando haddad candidato presidencia participa coletiva imprensa sao paulo haddad maislivrosmenosarmas,fh candidato presidencia participa coletiva imprensa sao paulo fh maislivrosmenosarmas,7409,added_video,https://scontent-gru1-1.xx.fbcdn.net/v/t15.5256-10/41144876_197795991125765_4624815535882764288_n.jpg?_nc_cat=104&_nc_sid=ad6a45&_nc_ohc=uC7ZIuFbs_MAX_RpLE2&_nc_ht=scontent-gru1-1.xx&oh=41ae1af3908fc7b62f77113f9e57c07d&oe=5EAED60B,11420,707,96,44,3246,8690,True
2018-10-15T13:54:33+0000,904277726319518_1987814337965846,vamos juntos educacao maislivrosmenosarmas,vamos juntos educacao maislivrosmenosarmas,7597,added_photos,https://scontent-gru2-2.xx.fbcdn.net/v/t1.0-9/s720x720/44065408_1987812781299335_5151115498280189952_n.jpg?_nc_cat=100&_nc_sid=110474&_nc_ohc=Doch0fHi3hoAX_ZYoQm&_nc_ht=scontent-gru2-2.xx&_nc_tp=7&oh=1579f4e16033247f6211c2dc6ad78201&oe=5EAD4DCE,20098,249,465,3,65,7123,True
2018-10-15T12:36:07+0000,904277726319518_2109720349052489,professor fernando haddad candidato presidente fala radio bandeirantes haddad diadoprofessor maislivrosmenosarmas,professor fh candidato presidente fala radio bandeirantes fh diadoprofessor maislivrosmenosarmas,3274,added_video,https://scontent-gru2-2.xx.fbcdn.net/v/t15.5256-10/42533687_2109740852383772_4015159926241361920_n.jpg?_nc_cat=102&_nc_sid=ad6a45&_nc_ohc=mshlYT1FUPgAX9ed0kj&_nc_ht=scontent-gru2-2.xx&oh=1df15e7b88fb6bf311454d0e6d05668a&oe=5EAEB442,7718,221,49,14,716,4473,True
2018-10-15T11:42:56+0000,904277726319518_241952379820664,fernando haddad fala mario kertesz radio metropole bahia haddad diadoprofessor maislivrosmenosarmas,fh fala mario kertesz radio metropole bahia fh diadoprofessor maislivrosmenosarmas,4542,added_video,https://scontent-gru1-1.xx.fbcdn.net/v/t15.5256-10/42760772_241955036487065_6939034659036594176_n.jpg?_nc_cat=103&_nc_sid=ad6a45&_nc_ohc=pKuVGqBB7VoAX-25cja&_nc_ht=scontent-gru1-1.xx&oh=3fb34049c93ba2f91cf7ba5ba9a64312&oe=5EAC366A,8163,240,36,18,587,5563,True
2018-10-14T15:21:24+0000,904277726319518_308393743324465,coletiva imprensa sao paulo haddad,coletiva imprensa sao paulo fh,10413,added_video,https://scontent-gru2-2.xx.fbcdn.net/v/t15.5256-10/41120926_308400676657105_853198964202143744_n.jpg?_nc_cat=106&_nc_sid=ad6a45&_nc_ohc=t3Rh2tl7NmAAX8vHCEZ&_nc_ht=scontent-gru2-2.xx&oh=836ee377d67347c00af73c2d019100bf&oe=5EAF9994,13379,861,120,40,2171,7952,True
2018-10-14T15:10:04+0000,904277726319518_1731672780278323,coletiva imprensa sao paulo haddad,coletiva imprensa sao paulo fh,1716,added_video,https://scontent-gru1-1.xx.fbcdn.net/v/t15.5256-10/42684696_1731673443611590_4177852102002868224_n.jpg?_nc_cat=103&_nc_sid=ad6a45&_nc_ohc=wwR6x0wH1HgAX8kiMEH&_nc_ht=scontent-gru1-1.xx&oh=27889fec3cd935ca842e37fbcace3163&oe=5EAC4672,6426,173,22,1,443,3257,True
2018-10-14T14:06:07+0000,904277726319518_313540129461035,encontro pessoas deficiencia defesa democracia haddad,encontro pessoas deficiencia defesa democracia fh,8931,added_video,https://scontent-gru2-2.xx.fbcdn.net/v/t15.5256-10/41394931_313573702791011_7635466908912844800_n.jpg?_nc_cat=102&_nc_sid=ad6a45&_nc_ohc=H3ELslx_fcoAX89UX-w&_nc_ht=scontent-gru2-2.xx&oh=9db2652caef14746acd166122c8bde81&oe=5EAE0F4B,12318,427,62,29,1143,9386,True
2018-10-14T13:11:00+0000,904277726319518_1985958198151460,projetos deputado jair bolsonaro apresentou favor povo brasileiro nesses quase anos congresso,projetos deputado jb apresentou favor povo brasileiro nesses quase anos congresso,11521,added_photos,https://scontent-gru2-2.xx.fbcdn.net/v/t1.0-9/p720x720/44052114_1985955428151737_3247583922518753280_o.png?_nc_cat=105&_nc_sid=8024bb&_nc_ohc=OsVFK00AEm4AX-UPpm7&_nc_ht=scontent-gru2-2.xx&oh=ca6bac9331382b34c398ee3b6c2d4385&oe=5EAFA650,20700,2266,84,78,268,1868,True
2018-10-14T00:00:03+0000,904277726319518_271669950144363,dia compromisso futuro pais conheca ajude divulgar propostas vao tirar brasil crise haddad,dia compromisso futuro pais conheca ajude divulgar propostas vao tirar brasil crise fh,15405,added_video,https://scontent-gru2-2.xx.fbcdn.net/v/t15.5256-10/42706583_271670536810971_7937345767713275904_n.jpg?_nc_cat=105&_nc_sid=ad6a45&_nc_ohc=KUQwLo7Yqo8AX_3wIUU&_nc_ht=scontent-gru2-2.xx&oh=b0f4b9d2b702b52f12a4aaa9ab5e1ba7&oe=5EAED5B8,13387,1340,41,6,181,2425,True
2018-10-13T20:06:46+0000,904277726319518_274769466486039,deputado bolsonaro sempre votou contra direito trabalhadores pobres voce conhece verdade sobre voce nao vota nele,deputado jb sempre votou contra direito trabalhadores pobres voce conhece verdade sobre voce nao vota nele,34272,added_video,https://scontent-gru2-1.xx.fbcdn.net/v/t15.13418-10/41453232_2084827571832009_7891146436597776384_n.jpg?_nc_cat=109&_nc_sid=ad6a45&_nc_ohc=_ztso8FHwA0AX_5iXHn&_nc_ht=scontent-gru2-1.xx&oh=e1fc6ae2ced192984ab36bc648cbd71e&oe=5EADA4EF,23476,2758,129,263,665,2247,True
2018-10-13T19:05:00+0000,904277726319518_1991839387543362,minuto fernando haddad haddad,minuto fh fh,6191,added_video,https://scontent-gru2-1.xx.fbcdn.net/v/t15.5256-10/41312183_1991841994209768_247600728560893952_n.jpg?_nc_cat=109&_nc_sid=ad6a45&_nc_ohc=W15uIpZQX_4AX9d5OqT&_nc_ht=scontent-gru2-1.xx&oh=2d272e2d2489950e738e9c2493575a21&oe=5EAD278D,17187,1216,34,6,189,2078,True
2018-10-13T18:11:36+0000,904277726319518_1984716434942303,menos economia gira desenvolvimento inclusao social haddad,menos economia gira desenvolvimento inclusao social fh,12969,added_photos,https://scontent-gru1-1.xx.fbcdn.net/v/t1.0-9/p720x720/43879000_1984716394942307_3145644540195504128_n.jpg?_nc_cat=110&_nc_sid=110474&_nc_ohc=0qakCWESC04AX8XqUQ_&_nc_ht=scontent-gru1-1.xx&_nc_tp=6&oh=df01331e0f4e3e6b9c3c6152a841fb54&oe=5EADBB97,16735,3872,47,28,132,2384,True
2018-10-13T16:24:14+0000,904277726319518_294968874656482,programa quer debater brasil apresentar solucoes povo brasileiro nao deixe enganar campanha baixaria deputado jair bolsonaro mente desvirtuar debate realmente importa futuro haddad,programa quer debater brasil apresentar solucoes povo brasileiro nao deixe enganar campanha baixaria deputado jb mente desvirtuar debate realmente importa futuro fh,6582,added_video,https://scontent-gru1-1.xx.fbcdn.net/v/t15.5256-10/42010221_294971414656228_1916177917985947648_n.jpg?_nc_cat=104&_nc_sid=ad6a45&_nc_ohc=mlMjyPtvcGEAX-ITdrJ&_nc_ht=scontent-gru1-1.xx&oh=8f9f58d8757d75be19b77e01293050a4&oe=5EAF285C,8196,1111,46,6,147,1810,True
2018-10-13T13:58:13+0000,904277726319518_1504566069675665,fernando haddad candidato presidente encontro jovens artistas sao paulo haddad votehaddad democracia,fh candidato presidente encontro jovens artistas sao paulo fh votefh democracia,4176,added_video,https://scontent-gru1-1.xx.fbcdn.net/v/t15.5256-10/41488296_1504607399671532_6299340438968991744_n.jpg?_nc_cat=104&_nc_sid=ad6a45&_nc_ohc=yo432yg8DXgAX8QuFYL&_nc_ht=scontent-gru1-1.xx&oh=3ac4e320064fcb792a8f78bb9589619e&oe=5EAE1B05,10046,601,66,20,1005,5974,True
2018-10-13T13:46:39+0000,904277726319518_347159262721282,fernando haddad candidato presidente conversa imprensa sao paulo haddad votehaddad democracia,fh candidato presidente conversa imprensa sao paulo fh votefh democracia,6122,added_video,https://scontent-gru1-1.xx.fbcdn.net/v/t15.5256-10/43222647_347169836053558_8072785899240292352_n.jpg?_nc_cat=103&_nc_sid=ad6a45&_nc_ohc=B19WIJkvyzMAX_HDjBU&_nc_ht=scontent-gru1-1.xx&oh=682d6e374f051f6b39f20f47ca8846f6&oe=5EAEE05A,11153,360,75,16,858,6710,True
2018-10-13T00:47:58+0000,904277726319518_993582100847704,minuto fernando haddad haddad,minuto fh fh,3549,added_video,https://scontent-gru2-2.xx.fbcdn.net/v/t15.5256-10/40819033_993584280847486_8745503650400436224_n.jpg?_nc_cat=100&_nc_sid=ad6a45&_nc_ohc=m2yCAQ4-rNUAX_4fxgZ&_nc_ht=scontent-gru2-2.xx&oh=a42a1bdb52c3f9ad2b00919843ed1e21&oe=5EAEF797,16106,1906,36,10,371,2368,True
2018-10-12T22:58:21+0000,904277726319518_748586535504477,candidatura deputado jair bolsonaro vazia propostas assim mandato durante quase anos congresso promovido campanha mentirosa precisamos ajuda combater campanha odio desinformacao viu alguma noticia falsa denuncie,candidatura deputado jb vazia propostas assim mandato durante quase anos congresso promovido campanha mentirosa precisamos ajuda combater campanha odio desinformacao viu alguma noticia falsa denuncie,11520,added_video,https://scontent-gru2-2.xx.fbcdn.net/v/t15.5256-10/41328162_748587528837711_5001589162512482304_n.jpg?_nc_cat=106&_nc_sid=ad6a45&_nc_ohc=mEYVG2FAQjkAX_6YI0P&_nc_ht=scontent-gru2-2.xx&oh=43bf303c1125b8daaa5a43d06eb2fa74&oe=5EAEE7A1,12997,1978,49,5,259,2304,True
2018-10-12T18:00:41+0000,904277726319518_726514461018894,ta duvida so comparar haddad democraciaja,ta duvida so comparar fh democraciaja,18845,added_video,https://scontent-gru1-1.xx.fbcdn.net/v/t15.5256-10/43618119_726514831018857_7746512966228377600_n.jpg?_nc_cat=104&_nc_sid=ad6a45&_nc_ohc=FIsS-BX0CVMAX-y6HXI&_nc_ht=scontent-gru1-1.xx&oh=5234cae51546ce6e38e1d489278e2f62&oe=5EAC85C4,13094,1156,49,7,147,2370,True
2018-10-12T15:53:16+0000,904277726319518_173240643584829,vamos juntos todos brasil campanha todos querem mudar pais melhor hino nacional fala patria mae gentil cuida filhos nao deixa ninguem tras garante oportunidade todos compromisso todospelobrasil haddadpresidente,vamos juntos todos brasil campanha todos querem mudar pais melhor hino nacional fala patria mae gentil cuida filhos nao deixa ninguem tras garante oportunidade todos compromisso todospelobrasil hp,27121,added_video,https://scontent-gru2-2.xx.fbcdn.net/v/t15.5256-10/41972895_173242386917988_8900337500594110464_n.jpg?_nc_cat=102&_nc_sid=ad6a45&_nc_ohc=glEDv6mP1yoAX8eqaMy&_nc_ht=scontent-gru2-2.xx&oh=bf37da25752abc2d2d0f9ad230401e13&oe=5EACBCD1,15846,2016,82,246,347,4720,True
2018-10-12T15:20:00+0000,904277726319518_421218511741285,diminuir impostos ganha ate cinco salarios minimos forma ativar economia conheca sobre proposta imposto justo outras ideias bitlyplanohaddad haddad,diminuir impostos ganha ate cinco salarios minimos forma ativar economia conheca sobre proposta imposto justo outras ideias bitlyplanofh fh,8209,added_video,https://scontent-gru2-1.xx.fbcdn.net/v/t15.5256-10/43164459_421219521741184_5926569906542739456_n.jpg?_nc_cat=107&_nc_sid=ad6a45&_nc_ohc=_ZIAjZ74BN4AX8hkZT9&_nc_ht=scontent-gru2-1.xx&oh=781db0c5d4b74c141b24b20f81b9212a&oe=5EAF8048,19233,1049,45,7,159,1465,True
2018-10-12T13:56:53+0000,904277726319518_1927567350885934,coletiva imprensa sao paulo haddad,coletiva imprensa sao paulo fh,5351,added_video,https://scontent-gru1-1.xx.fbcdn.net/v/t15.5256-10/40819044_1927572454218757_8396155769367560192_n.jpg?_nc_cat=110&_nc_sid=ad6a45&_nc_ohc=tAu1E4no6MAAX_RpFC4&_nc_ht=scontent-gru1-1.xx&oh=63f0de40be130bfc1534fe137bdf12d3&oe=5EAFBD83,10794,353,73,25,1146,6246,True
2018-10-12T13:36:07+0000,904277726319518_253893828662376,vivo jardim angela sao paulo haddad,vivo jardim angela sao paulo fh,5224,added_video,https://scontent-gru2-2.xx.fbcdn.net/v/t15.5256-10/42471628_253903365328089_1739440881338941440_n.jpg?_nc_cat=102&_nc_sid=ad6a45&_nc_ohc=abjKgCTiUwgAX9KiXyD&_nc_ht=scontent-gru2-2.xx&oh=528436f4be4fc2524fbf1d0b9bd5ca88&oe=5EACEBB2,9508,400,61,39,1308,5276,True
2018-10-12T12:57:09+0000,904277726319518_310657283084544,minutinho fernando haddad haddad,minutinho fh fh,7921,added_video,https://scontent-gru2-2.xx.fbcdn.net/v/t15.5256-10/40674997_310658006417805_2938896329373384704_n.jpg?_nc_cat=106&_nc_sid=ad6a45&_nc_ohc=CXzWf9qsqjcAX91foDe&_nc_ht=scontent-gru2-2.xx&oh=c3e0d09b6f69157fe336058560e40ea2&oe=5EAD7B51,15665,865,38,13,184,1991,True
2018-10-12T12:07:28+0000,904277726319518_258848141440625,missa senhora aparecida padroeira brasil paroquia santos martires jardim angela sao paulo,missa senhora aparecida padroeira brasil paroquia santos martires jardim angela sao paulo,7778,added_video,https://scontent-gru2-2.xx.fbcdn.net/v/t15.5256-10/43028250_258888298103276_6378373686960848896_n.jpg?_nc_cat=105&_nc_sid=ad6a45&_nc_ohc=RWYFmLzpJGcAX8hUx4J&_nc_ht=scontent-gru2-2.xx&oh=31bf2f93e22acb2f1d8e4b110f729421&oe=5EAECBB3,13956,1105,48,47,577,6658,True
2018-10-11T21:50:32+0000,904277726319518_176827639901071,fernando haddad fala radio cbn haddad,fh fala radio cbn fh,5308,added_video,https://scontent-gru1-1.xx.fbcdn.net/v/t15.5256-10/41929269_176828423234326_8080527444647346176_n.jpg?_nc_cat=104&_nc_sid=ad6a45&_nc_ohc=Hw--XfDZ6XcAX-_eu_n&_nc_ht=scontent-gru1-1.xx&oh=9faf4fe646c6b149d8e8188ac34cf551&oe=5EAC7E08,21138,689,105,31,1593,8212,True
2018-10-11T21:38:27+0000,904277726319518_1082639391896216,fernando haddad fala radio cbn haddad,fh fala radio cbn fh,5564,added_video,https://scontent-gru1-1.xx.fbcdn.net/v/t15.5256-10/40843857_1082648961895259_7844769521469489152_n.jpg?_nc_cat=110&_nc_sid=ad6a45&_nc_ohc=NjABxPOb2j0AX8yU2X_&_nc_ht=scontent-gru1-1.xx&oh=df9c735e9cf4774177ec810bab941e03&oe=5EAD873A,10941,297,75,24,770,7557,True
2018-10-11T18:37:22+0000,904277726319518_1980859161994697,tentativa agredir adversario ofende todos professores professoras brasil jamais distribuiram material improprio escolas,tentativa agredir adversario ofende todos professores professoras brasil jamais distribuiram material improprio escolas,10537,shared_story,https://external-gru1-1.xx.fbcdn.net/safe_image.php?d=AQBvAU_VNkbLEr47&url=https%3A%2F%2Fapublica.org%2Fwp-content%2Fuploads%2F2018%2F10%2F27790184496_ca977ac879_k.jpg&_nc_hash=AQADPu1paWThzMy7,22337,478,82,405,1522,1942,True
2018-10-11T16:11:35+0000,904277726319518_2159222807680482,povo recebe haddad brasilia haddad,povo recebe fh brasilia fh,3600,added_video,https://scontent-gru2-2.xx.fbcdn.net/v/t15.5256-10/p526x296/41786004_2159227734346656_5990264683859279872_n.jpg?_nc_cat=106&_nc_sid=ad6a45&_nc_ohc=J1wZR4PC4ZMAX9ht_wS&_nc_ht=scontent-gru2-2.xx&_nc_tp=6&oh=f4e3faf62c3a8d6f0fd3371c40a2de8e&oe=5EADA5C8,8167,536,49,12,136,4015,True
2018-10-11T15:32:25+0000,904277726319518_541196666321680,fernando haddad fala vivo radios bahia haddad,fh fala vivo radios bahia fh,7265,added_video,https://scontent-gru2-1.xx.fbcdn.net/v/t15.5256-10/41294745_541202099654470_7102368545861795840_n.jpg?_nc_cat=109&_nc_sid=ad6a45&_nc_ohc=M1ijZPnS2tIAX8dYKlq&_nc_ht=scontent-gru2-1.xx&oh=b73fe2dbb53026417333f4fc7a5bdb4f&oe=5EAF3C1E,14463,1130,121,88,6581,10256,True
2018-10-11T13:57:18+0000,904277726319518_253169418876775,coletiva imprensa haddad,coletiva imprensa fh,3099,added_video,https://scontent-gru2-2.xx.fbcdn.net/v/t15.5256-10/40767006_253175162209534_8503979042137964544_n.jpg?_nc_cat=105&_nc_sid=ad6a45&_nc_ohc=LD48zK6gWWQAX8nCNZr&_nc_ht=scontent-gru2-2.xx&oh=d557b0b22415fb19dc7fb07ce6caedb0&oe=5EAFF4CB,13030,288,51,15,667,5670,True
2018-10-11T12:56:42+0000,904277726319518_174581650112085,minuto fernando haddad haddad,minuto fh fh,10260,added_video,https://scontent-gru1-1.xx.fbcdn.net/v/t15.5256-10/41209647_174582953445288_8990134417666080768_n.jpg?_nc_cat=110&_nc_sid=ad6a45&_nc_ohc=_yogYDwYnvgAX8JY5ra&_nc_ht=scontent-gru1-1.xx&oh=7310ecd3ba21e67d863bb9d834c9509d&oe=5EAF4FF7,31870,1296,53,10,285,3691,True
2018-10-11T10:11:55+0000,904277726319518_243987759579804,governadores reeleitos nordeste sabem pais precisa desenvolvimento inclusao social brasil unido otimista obrigado apoio haddad,governadores reeleitos nordeste sabem pais precisa desenvolvimento inclusao social brasil unido otimista obrigado apoio fh,32551,added_video,https://scontent-gru2-2.xx.fbcdn.net/v/t15.5256-10/43770536_243988236246423_6059589080969117696_n.jpg?_nc_cat=106&_nc_sid=ad6a45&_nc_ohc=aRGGfdNR0LgAX9cgghG&_nc_ht=scontent-gru2-2.xx&oh=a10b010509a66d7b5bc57bec7ffd56db&oe=5EAEB137,36794,709,47,13,170,2116,True
2018-10-10T22:40:00+0000,904277726319518_496182370792435,afinal bolsonaro contra favor bolsa familia nao confie candidato muda opiniao epoca eleicao vote,afinal jb contra favor bolsa familia nao confie candidato muda opiniao epoca eleicao vote,31731,added_video,https://scontent-gru2-2.xx.fbcdn.net/v/t15.5256-10/40885472_496182760792396_3828530063788212224_n.jpg?_nc_cat=102&_nc_sid=ad6a45&_nc_ohc=23gNZ6R0eowAX-odGcf&_nc_ht=scontent-gru2-2.xx&oh=cf09b25d026d67a7ac0f8198dd0475a0&oe=5EAF7C1C,20236,925,144,272,3143,1594,True
2018-10-10T21:10:55+0000,904277726319518_1978895318857748, , ,3475,added_photos,https://scontent-gru2-2.xx.fbcdn.net/v/t1.0-9/s720x720/43734277_1978891128858167_7297770209002127360_n.png?_nc_cat=106&_nc_sid=dd9801&_nc_ohc=9xkyd3HQ0EEAX9yUrd8&_nc_ht=scontent-gru2-2.xx&oh=f39cf5073ec308dc2333c1c02ff880ae&oe=5EAC8F92,19922,2461,202,16,3268,8006,False
2018-10-10T20:55:00+0000,904277726319518_1978788978868382,contribua deixar campanha forte doe wwwhaddadpresidentecombrdoe haddad,contribua deixar campanha forte doe wwwhpcombrdoe fh,1499,added_photos,https://scontent-gru2-1.xx.fbcdn.net/v/t1.0-9/p720x720/43576715_1978786538868626_1694594065489723392_o.jpg?_nc_cat=109&_nc_sid=8024bb&_nc_ohc=Qc1CSUCrRqoAX_W0PPO&_nc_ht=scontent-gru2-1.xx&_nc_tp=6&oh=895bbefe545528dcc3cef056aa454fa3&oe=5EAF606E,7722,2306,38,7,305,1245,True
2018-10-10T18:43:33+0000,904277726319518_2008099232813528,coletiva imprensa fernando haddad haddad,coletiva imprensa fh fh,2366,added_video,https://scontent-gru2-2.xx.fbcdn.net/v/t15.5256-10/42631749_2008100416146743_923733790470176768_n.jpg?_nc_cat=102&_nc_sid=ad6a45&_nc_ohc=cRugJbZ6HvUAX8MiDKn&_nc_ht=scontent-gru2-2.xx&oh=5cc616678846e0384ccc0c48d192c24b&oe=5EAEA529,7956,317,41,5,170,2911,True
2018-10-10T18:03:13+0000,904277726319518_256412305217145,encontro fernando haddad centrais sindicais direitos trabalhadores haddad,encontro fh centrais sindicais direitos trabalhadores fh,2389,added_video,https://scontent-gru2-2.xx.fbcdn.net/v/t15.5256-10/38991206_256430725215303_4343332364374507520_n.jpg?_nc_cat=105&_nc_sid=ad6a45&_nc_ohc=9gvNsaFCpQwAX_zRi_G&_nc_ht=scontent-gru2-2.xx&oh=a604af844849b0a5eeb0277e9e7f9197&oe=5EAD2D8A,7846,209,81,8,631,2590,True
2018-10-10T17:35:42+0000,904277726319518_174221003498106,encontro fernando haddad centrais sindicais direitos trabalhadores haddad,encontro fh centrais sindicais direitos trabalhadores fh,1761,added_video,https://scontent-gru1-1.xx.fbcdn.net/v/t15.5256-10/41497921_174226486830891_2402684432860315648_n.jpg?_nc_cat=108&_nc_sid=ad6a45&_nc_ohc=TsFoN1S6CbwAX_PM3S3&_nc_ht=scontent-gru1-1.xx&oh=9e509f9073b0e40a1a5729840f2cf771&oe=5EAC3137,7340,259,41,6,150,3334,True
2018-10-10T17:04:26+0000,904277726319518_551600558726044,ninguem deve chegar presidencia deixar claro vai fazer pais convido adversario debater,ninguem deve chegar presidencia deixar claro vai fazer pais convido adversario debater,13478,added_video,https://scontent-gru2-1.xx.fbcdn.net/v/t15.13418-10/40572213_287379618539444_1805711273233481728_n.jpg?_nc_cat=109&_nc_sid=ad6a45&_nc_ohc=YIi8gIMfEd0AX8larR3&_nc_ht=scontent-gru2-1.xx&oh=bf8d54cb8d5990d9d1ed09e2b0bf8599&oe=5EAE69E1,23244,678,87,4,177,3043,True
2018-10-10T15:27:00+0000,904277726319518_314556149129323,ministro educacao espalhei institutos federais todo pais agora vamos investir cooperacao escolas estaduais padrao qualidade conheca outras propostas plano bitlyplanohaddad haddad,ministro educacao espalhei institutos federais todo pais agora vamos investir cooperacao escolas estaduais padrao qualidade conheca outras propostas plano bitlyplanofh fh,25997,added_video,https://scontent-gru2-1.xx.fbcdn.net/v/t15.5256-10/41426656_314556842462587_138443456128221184_n.jpg?_nc_cat=109&_nc_sid=ad6a45&_nc_ohc=RPNlxR4a37IAX_EY9oI&_nc_ht=scontent-gru2-1.xx&oh=4e481f8b57f1aa0addeb20b2593bba28&oe=5EAD585B,32599,1056,134,8,256,4862,True
2018-10-10T13:23:27+0000,904277726319518_171133303799150,fernando haddad concede entrevista imprensa internacional haddad,fh concede entrevista imprensa internacional fh,7031,added_video,https://scontent-gru2-2.xx.fbcdn.net/v/t15.5256-10/41494002_171148433797637_353809033498460160_n.jpg?_nc_cat=105&_nc_sid=ad6a45&_nc_ohc=uI_Kmo1gIT4AX_pDXsW&_nc_ht=scontent-gru2-2.xx&oh=273505a524ccf66d51e76ad65f7c6223&oe=5EAED39E,12411,190,78,16,522,7392,True
2018-10-10T12:46:46+0000,904277726319518_1149956918496662,haddad participa reuniao governadores psb haddad,fh participa reuniao governadores psb fh,3570,added_video,https://scontent-gru1-1.xx.fbcdn.net/v/t15.5256-10/40931040_1149965841829103_2965109193385705472_n.jpg?_nc_cat=108&_nc_sid=ad6a45&_nc_ohc=etGpwypFk1IAX_I0E7A&_nc_ht=scontent-gru1-1.xx&oh=216758c48591584a6221f128a6980f7f&oe=5EAF7C19,13511,159,57,8,457,4645,True
2018-10-10T00:30:00+0000,904277726319518_1382129525223236,projeto emprego novo vamos gerar novos postos trabalho rapido so assim vamos enfrentar crise fazer economia crescer novamente saiba dessa outras propostas plano bitlyplanohaddad haddad,projeto emprego novo vamos gerar novos postos trabalho rapido so assim vamos enfrentar crise fazer economia crescer novamente saiba dessa outras propostas plano bitlyplanofh fh,50880,added_video,https://scontent-gru2-2.xx.fbcdn.net/v/t15.5256-10/43072020_1382132565222932_3190656020795883520_n.jpg?_nc_cat=102&_nc_sid=ad6a45&_nc_ohc=Z9feN_GLJSkAX_OnmOH&_nc_ht=scontent-gru2-2.xx&oh=79700663f1267c4a1bc3f3d21a124afa&oe=5EACFE7E,61159,3035,149,25,655,8019,True
2018-10-09T21:28:37+0000,904277726319518_1155275731288603,haddad guilherme boulos anunciam alianca democracia haddad,fh guilherme boulos anunciam alianca democracia fh,11925,added_video,https://scontent-gru2-2.xx.fbcdn.net/v/t15.5256-10/41548102_1155276174621892_855250171863236608_n.jpg?_nc_cat=100&_nc_sid=ad6a45&_nc_ohc=W6veWsriOs8AX-FqtBd&_nc_ht=scontent-gru2-2.xx&oh=1441e440a3ade460d175b3da01f52769&oe=5EAD7BE3,42259,1480,196,87,2911,16367,True
2018-10-09T19:37:58+0000,904277726319518_348112445933350,fernando haddad governadores reeleitos nordeste wellington dias piaui camilo santana ceara rui costa bahia flavio dino maranhao haddadpresidente vote,fh governadores reeleitos nordeste wellington dias piaui camilo santana ceara rui costa bahia flavio dino maranhao hp vote,3843,added_video,https://scontent-gru1-1.xx.fbcdn.net/v/t15.5256-10/41555857_348113832599878_1889766347311677440_n.jpg?_nc_cat=108&_nc_sid=ad6a45&_nc_ohc=eVArfPG1IZAAX_Ago52&_nc_ht=scontent-gru1-1.xx&oh=86ebb420db1403c48b39cf361f6364d4&oe=5EAE5262,17106,164,137,8,716,5337,True
2018-10-09T18:29:01+0000,904277726319518_1975348815879065,vamos comparar projetos bem diferente preciso mostrar adversario anos deputado votou favor medidas retiram direitos vote haddadpresidente,vamos comparar projetos bem diferente preciso mostrar adversario anos deputado votou favor medidas retiram direitos vote hp,51202,added_photos,https://scontent-gru2-2.xx.fbcdn.net/v/t1.0-9/p720x720/43698429_1975348179212462_7123169093951160320_o.png?_nc_cat=100&_nc_sid=8024bb&_nc_ohc=jFmnmorNI-MAX_Ea19E&_nc_ht=scontent-gru2-2.xx&oh=ed7d9b80ed33b859b993bba434bc604d&oe=5EAFBF78,38143,11038,155,66,4310,7994,True
2018-10-09T16:49:28+0000,904277726319518_276946716491802,entrevista vivo radio guaiba rio grande sul vote haddadpresidente,entrevista vivo radio guaiba rio grande sul vote hp,7673,added_video,https://scontent-gru2-1.xx.fbcdn.net/v/t15.5256-10/41300341_276975143155626_7901217671050428416_n.jpg?_nc_cat=111&_nc_sid=ad6a45&_nc_ohc=AHbukU9KQLsAX_aM2DG&_nc_ht=scontent-gru2-1.xx&oh=d9cd4731077440666dc212425836dcf4&oe=5EAEAC71,17856,443,107,27,1899,9643,True
2018-10-09T13:51:44+0000,904277726319518_1929513940459378,conheca divida zero programa vai ajudar brasileiros quitarem dividas povo vai voltar ter credito girar roda economia saiba baixe plano governo bitlyplanohaddad haddade haddadpresidente,conheca divida zero programa vai ajudar brasileiros quitarem dividas povo vai voltar ter credito girar roda economia saiba baixe plano governo bitlyplanofh fhe hp,7097,added_video,https://scontent-gru1-1.xx.fbcdn.net/v/t15.13418-10/40836897_2231956033760669_7606946157108920320_n.jpg?_nc_cat=110&_nc_sid=ad6a45&_nc_ohc=VEstrKQXl64AX-5ycFx&_nc_ht=scontent-gru1-1.xx&oh=b080033ac9c5094c34bbf590c59404b9&oe=5EAF3A0C,14295,697,39,7,72,1689,True
2018-10-09T13:46:32+0000,904277726319518_2125034457762248,fernando haddad fala imprensa sao paulo vote,fh fala imprensa sao paulo vote,6188,added_video,https://scontent-gru2-2.xx.fbcdn.net/v/t15.5256-10/40597787_2125048131094214_1214658915002744832_n.jpg?_nc_cat=100&_nc_sid=ad6a45&_nc_ohc=uX1MTVLmiP8AX_5cS4u&_nc_ht=scontent-gru2-2.xx&oh=824e4479004c8986274c637d47810097&oe=5EAC51DF,20416,221,58,19,534,6203,True
2018-10-09T00:45:19+0000,904277726319518_274256390085539,pessoas acordar ter onde ir aprendi pai exige poder publico criar oportunidades emprego educacao haddadnojn haddad haddadpresidente,pessoas acordar ter onde ir aprendi pai exige poder publico criar oportunidades emprego educacao fhnojn fh hp,20754,added_video,https://scontent-gru1-1.xx.fbcdn.net/v/t15.13418-10/41215127_238567686839409_5922962168373837824_n.jpg?_nc_cat=110&_nc_sid=ad6a45&_nc_ohc=0Ub8OcK8PHUAX_lTIbY&_nc_ht=scontent-gru1-1.xx&oh=7fea4441462b24a6a1c58bbc1a6a8d53&oe=5EAE6013,42014,1293,97,12,333,5365,True
2018-10-08T23:49:41+0000,904277726319518_179107886312750,fernando haddad candidato presidencia vivo jornal nacional vote,fh candidato presidencia vivo jornal nacional vote,23029,added_video,https://scontent-gru2-2.xx.fbcdn.net/v/t15.5256-10/43093775_179124092977796_5555499549805510656_n.jpg?_nc_cat=102&_nc_sid=ad6a45&_nc_ohc=0qSs-vAfizYAX86kgqV&_nc_ht=scontent-gru2-2.xx&oh=b6d901a43f9503216751d393addd4d40&oe=5EACCB64,54981,827,243,76,1818,21869,True
2018-10-08T16:40:24+0000,904277726319518_432043803990500,fernando haddad candidato presidencia fala direto curitiba apos visita presidente lula,fh candidato presidencia fala direto curitiba apos visita presidente lula,5030,added_video,https://scontent-gru2-2.xx.fbcdn.net/v/t15.5256-10/42634431_432077390653808_857688536466325504_n.jpg?_nc_cat=100&_nc_sid=ad6a45&_nc_ohc=OKWjBtsrG9YAX9K43ZM&_nc_ht=scontent-gru2-2.xx&oh=f3511b79c21b218d650b23274d08a7e0&oe=5EACC34B,12748,277,69,34,1292,8385,True
2018-10-08T16:11:16+0000,904277726319518_2246479205564567,chamado democracia vamos defender brasil povo sobretudo povo pobre sempre lado liberdade democracia nao vamos abrir mao valores video ricardo stuckert,chamado democracia vamos defender brasil povo sobretudo povo pobre sempre lado liberdade democracia nao vamos abrir mao valores video ricardo stuckert,6172,added_video,https://scontent-gru2-2.xx.fbcdn.net/v/t15.5256-10/40506124_2246482468897574_4976892232977088512_n.jpg?_nc_cat=105&_nc_sid=ad6a45&_nc_ohc=XvHxZYK_lcwAX8Dd_wk&_nc_ht=scontent-gru2-2.xx&oh=599b8958fcab56a9766a77c7237c5f1b&oe=5EADD719,22096,429,47,10,186,2136,True
2018-10-08T00:31:43+0000,904277726319518_2252067338413424,haddad fala povo brasileiro sobre disputa segundo turno haddadpresidente,fh fala povo brasileiro sobre disputa segundo turno hp,3424,added_video,https://scontent-gru1-1.xx.fbcdn.net/v/t15.5256-10/40530735_2252071798412978_4238527955396984832_n.jpg?_nc_cat=110&_nc_sid=ad6a45&_nc_ohc=RygQ65dMtFoAX8scXVN&_nc_ht=scontent-gru1-1.xx&oh=a1273f8478b7be74c2f17883d1e3098b&oe=5EAEA2FA,13167,182,64,32,987,9501,True
2018-10-07T01:40:00+0000,904277726319518_2201443223473673,apoio voto vamos gerar empregos fazer roda economia girar novo contamos voce fale amigos converse familia mostre todos todas melhores propostas pra fazer brasil feliz novo voteporlulavote haddadpresidente,apoio voto vamos gerar empregos fazer roda economia girar novo contamos voce fale amigos converse familia mostre todos todas melhores propostas pra fazer bfn vplv hp,24194,added_video,https://scontent-gru1-1.xx.fbcdn.net/v/t15.5256-10/40677166_2201445643473431_3521387013896929280_n.jpg?_nc_cat=103&_nc_sid=ad6a45&_nc_ohc=6sB1BdCkJHsAX8X-_qS&_nc_ht=scontent-gru1-1.xx&oh=e7aa1b8d6993c457b696bd2a16d63c1d&oe=5EB005AA,41593,1059,75,16,408,4448,True
2018-10-06T22:20:00+0000,904277726319518_1969547173125896,conheca plano governo voteporlulavote,conheca plano governo vplv,582,added_photos,https://scontent-gru2-1.xx.fbcdn.net/v/t1.0-9/s720x720/43307272_1969546653125948_640320379054718976_o.jpg?_nc_cat=111&_nc_sid=8024bb&_nc_ohc=VxHcWGsXTdEAX840w5x&_nc_ht=scontent-gru2-1.xx&_nc_tp=7&oh=9f7716631173e766586db993c98b487e&oe=5EAC340C,3699,27,30,1,84,456,True
2018-10-06T21:42:57+0000,904277726319518_355394551690743,haddad candidato lula presidencia conversa povo brasileiro,fh candidato lula presidencia conversa povo brasileiro,14675,added_video,https://scontent-gru2-2.xx.fbcdn.net/v/t15.5256-10/40748501_355486571681541_9062703512244191232_n.jpg?_nc_cat=102&_nc_sid=ad6a45&_nc_ohc=MHAg8E84zwMAX-F0oZ9&_nc_ht=scontent-gru2-2.xx&oh=a5d55ae64a01145ea71db4781e311390&oe=5EAC4DBA,17697,891,129,82,4314,11894,True
2018-10-06T21:29:30+0000,904277726319518_1969590019788278,daqui pouco haddadpresidente voteporlulavote,daqui pouco hp vplv,959,added_photos,https://scontent-gru2-1.xx.fbcdn.net/v/t1.0-9/s720x720/43257445_1969590003121613_3672517077568061440_n.jpg?_nc_cat=109&_nc_sid=110474&_nc_ohc=drno3CQw2PEAX8L46I0&_nc_ht=scontent-gru2-1.xx&_nc_tp=7&oh=dd264ec851aa35cf1c8d599cda4e3d97&oe=5EAEAF14,5823,48,27,0,56,697,True
2018-10-06T21:00:46+0000,904277726319518_348941819176246,injustica nao vai parar sonho vamos lula povo fortalecer ruas redes urnas rumo segundo turno vote haddadpresidente voteporlulavote,injustica nao vai parar sonho vamos lula povo fortalecer ruas redes urnas rumo segundo turno vote hp vplv,36909,added_video,https://scontent-gru2-1.xx.fbcdn.net/v/t15.5256-10/41405515_348943815842713_5543510062699380736_n.jpg?_nc_cat=109&_nc_sid=ad6a45&_nc_ohc=6SactkUQZpsAX9zaSGz&_nc_ht=scontent-gru2-1.xx&oh=6361c0ad5cd055d2b8239f8495ca196e&oe=5EAF5100,33589,486,57,19,150,2594,True
2018-10-06T20:03:00+0000,904277726319518_1035737753275534,quer salario minimo forte entao neste domingo urnas vote haddadpresidente voteporlulavote,quer salario minimo forte entao neste domingo urnas vote hp vplv,4930,added_video,https://scontent-gru1-1.xx.fbcdn.net/v/t15.5256-10/41354722_1035738533275456_9011732150340288512_n.jpg?_nc_cat=108&_nc_sid=ad6a45&_nc_ohc=CLSOQ2RcaWYAX-hjVQ7&_nc_ht=scontent-gru1-1.xx&oh=cfb4e9220b78d9a4a52a6e635339c5e4&oe=5EAD665C,6134,70,21,1,36,687,True
2018-10-06T16:38:23+0000,904277726319518_360628184673576,muita honra compartilho voces palavras lula sobre parceria construimos ministro educacao mesma honra determinacao vamos trabalhar fazer pais avancar povo ser feliz novo conto voces vote haddadpresidente,muita honra compartilho voces palavras lula sobre parceria construimos ministro educacao mesma honra determinacao vamos trabalhar fazer pais avancar povo ser feliz novo conto voces vote hp,24489,added_video,https://scontent-gru2-2.xx.fbcdn.net/v/t15.5256-10/41600615_360631841339877_5388168126464524288_n.jpg?_nc_cat=106&_nc_sid=ad6a45&_nc_ohc=JzpZgA4b6rkAX_N-5Yt&_nc_ht=scontent-gru2-2.xx&oh=8ff317a74376994017e08b6b7b0a710f&oe=5EAD6918,35054,627,60,11,178,2302,True
2018-10-06T15:30:07+0000,904277726319518_298340044331438,haddad rui costa direto bahia povo brasileiro hoje dia pedir voto pro haddadpresidente,fh rui costa direto bahia povo brasileiro hoje dia pedir voto pro hp,754,added_video,https://scontent-gru2-1.xx.fbcdn.net/v/t15.5256-10/41172618_298343004331142_1513017232060317696_n.jpg?_nc_cat=107&_nc_sid=ad6a45&_nc_ohc=i_k1ZRhP-FoAX86ghV6&_nc_ht=scontent-gru2-1.xx&oh=841e8e31d082b9bc494c9ee6a50d918a&oe=5EAE3870,3010,35,14,2,34,728,True
2018-10-06T14:37:43+0000,904277726319518_654220068311809,haddad rui costa direto bahia povo brasileiro hoje dia pedir voto pro haddadpresidente,fh rui costa direto bahia povo brasileiro hoje dia pedir voto pro hp,1460,added_video,https://scontent-gru2-1.xx.fbcdn.net/v/t15.5256-10/40836885_654225724977910_6440812869243109376_n.jpg?_nc_cat=111&_nc_sid=ad6a45&_nc_ohc=sUxT5RJSN0EAX-rWaX1&_nc_ht=scontent-gru2-1.xx&oh=44c097cbb18c17ec50b5d9db578943d7&oe=5EAD458F,4742,37,24,7,110,1231,True
2018-10-06T13:52:52+0000,904277726319518_253079985404354,haddad rui costa direto bahia povo brasileiro hoje dia pedir voto pro haddadpresidente,fh rui costa direto bahia povo brasileiro hoje dia pedir voto pro hp,515,added_video,https://scontent-gru1-1.xx.fbcdn.net/v/t15.5256-10/41525761_253081698737516_1136892746787717120_n.jpg?_nc_cat=110&_nc_sid=ad6a45&_nc_ohc=TKQ_LTyHr2oAX9VH2Ny&_nc_ht=scontent-gru1-1.xx&oh=5c041af6f8be070dc3c3475a42ae07d1&oe=5EADD2F6,2606,15,23,2,27,740,True
2018-10-06T13:46:52+0000,904277726319518_295070817767713,haddad rui costa direto bahia povo brasileiro hoje dia pedir voto pro haddadpresidente,fh rui costa direto bahia povo brasileiro hoje dia pedir voto pro hp,1034,added_video,https://scontent-gru2-1.xx.fbcdn.net/v/t15.5256-10/41287352_295072897767505_1450679213437747200_n.jpg?_nc_cat=107&_nc_sid=ad6a45&_nc_ohc=xsZCvoFrAgIAX-gUjrM&_nc_ht=scontent-gru2-1.xx&oh=18504768c067335624e97cf410d4e02f&oe=5EACDC61,3606,25,11,2,43,976,True
2018-10-06T13:12:29+0000,904277726319518_554361248336679,haddad rui costa direto bahia povo brasileiro hoje dia pedir voto pro haddadpresidente,fh rui costa direto bahia povo brasileiro hoje dia pedir voto pro hp,3430,added_video,https://scontent-gru2-1.xx.fbcdn.net/v/t15.5256-10/40705570_554374911668646_4902013807498362880_n.jpg?_nc_cat=109&_nc_sid=ad6a45&_nc_ohc=aLV1riNMmGYAX_ygDZC&_nc_ht=scontent-gru2-1.xx&oh=1955e16cda2b02cfb74f5b6a783ccd8f&oe=5EAD5F02,15659,162,55,12,341,3563,True
2018-10-06T13:00:01+0000,904277726319518_972899109560042,todas cidades passamos sentimos carinho confianca povo vamos seguir confiantes caminho certo pra fazer brasil voltar sorrir amanha vote haddadpresidente,todas cidades passamos sentimos carinho confianca povo vamos seguir confiantes caminho certo pra fazer brasil voltar sorrir amanha vote hp,14947,added_video,https://scontent-gru2-1.xx.fbcdn.net/v/t15.5256-10/40370286_972900642893222_6380802727189938176_n.jpg?_nc_cat=109&_nc_sid=ad6a45&_nc_ohc=mk6YWl0zgRcAX9r6Nxr&_nc_ht=scontent-gru2-1.xx&oh=842072a6602d11b15a62b71da264f347&oe=5EAC4BFF,20443,299,78,8,86,1598,True
2018-10-06T00:46:27+0000,904277726319518_175917696625734,ruas redes urnas haddadpresidente nao ha nenhum problema brasil nao resolva trabalho educacao,ruas redes urnas hp nao ha nenhum problema brasil nao resolva trabalho educacao,7342,added_video,https://scontent-gru2-2.xx.fbcdn.net/v/t15.13418-10/40480594_2129460217372531_4044315431261962240_n.jpg?_nc_cat=102&_nc_sid=ad6a45&_nc_ohc=Dp7oblTcIvcAX-0pLuT&_nc_ht=scontent-gru2-2.xx&oh=75ce3dc91caa26b8c0e0faddfdc676ad&oe=5EAC3DC1,28336,862,46,17,287,1903,True
2018-10-05T23:00:01+0000,904277726319518_339815149928107,queremos governar pais todos nao so ricos fez governo temer domingo dia povo voltar poder vote,queremos governar pais todos nao so ricos fez governo temer domingo dia povo voltar poder vote,14951,added_video,https://scontent-gru2-2.xx.fbcdn.net/v/t15.5256-10/40253092_339815449928077_3197254602391027712_n.jpg?_nc_cat=102&_nc_sid=ad6a45&_nc_ohc=ZE8Ndz5KZfcAX8MiWPV&_nc_ht=scontent-gru2-2.xx&oh=2f9748561a4d7422c91701deb421f7d8&oe=5EADF676,49315,1042,97,23,412,3608,True
2018-10-05T20:15:00+0000,904277726319518_1957333757659233,vamos juntos governadores reconstruir todos cantos desse pais vote haddadpresidente,vamos juntos governadores reconstruir todos cantos desse pais vote hp,7044,added_video,https://scontent-gru2-2.xx.fbcdn.net/v/t15.5256-10/40954194_1957336707658938_909960268438568960_n.jpg?_nc_cat=100&_nc_sid=ad6a45&_nc_ohc=c2EiJb9O0QYAX9h4ilo&_nc_ht=scontent-gru2-2.xx&oh=acfa1708f6c7dbfd01810df49af78cba&oe=5EAC8748,14290,2692,37,34,637,1165,True
2018-10-05T18:24:49+0000,904277726319518_265123784138683,proposta escolas federais padrao referencia qualidade estados haddade haddadpresidente,proposta escolas federais padrao referencia qualidade estados fhe hp,1567,added_video,https://scontent-gru2-2.xx.fbcdn.net/v/t15.5256-10/40720124_265125254138536_5050281077898215424_n.jpg?_nc_cat=102&_nc_sid=ad6a45&_nc_ohc=FiS8VfeHAhAAX_i_U1i&_nc_ht=scontent-gru2-2.xx&oh=4c9902c0c2766a92232be2b8acc2a931&oe=5EAFD342,5920,368,44,1,105,541,True
2018-10-05T16:05:38+0000,904277726319518_2232913646782330,caminhada emprego educacao belo horizonte haddadpresidente fernando pimentel governador,caminhada emprego educacao belo horizonte hp fh pimentel governador,559,added_video,https://scontent-gru2-1.xx.fbcdn.net/v/t15.5256-10/40281435_2232914433448918_5620956698232487936_n.jpg?_nc_cat=107&_nc_sid=ad6a45&_nc_ohc=TkFBQXzbiJEAX9fuKz_&_nc_ht=scontent-gru2-1.xx&oh=6506a7d86071f4b2a40368a26386d593&oe=5EAEA489,2049,47,13,2,13,460,True
2018-10-05T15:58:29+0000,904277726319518_1402084293260390,caminhada emprego educacao belo horizonte haddadpresidente fernando pimentel governador,caminhada emprego educacao belo horizonte hp fh pimentel governador,539,added_video,https://scontent-gru2-2.xx.fbcdn.net/v/t15.5256-10/40579019_1402090479926438_8446071582928928768_n.jpg?_nc_cat=106&_nc_sid=ad6a45&_nc_ohc=zR6g-WLE474AX9rdy1x&_nc_ht=scontent-gru2-2.xx&oh=43b8fdd2ccbc83b64d756850340db405&oe=5EAE5BFD,2281,34,22,1,17,684,True
2018-10-05T15:52:39+0000,904277726319518_696023874099999,caminhada emprego educacao belo horizonte haddadpresidente fernando pimentel governador,caminhada emprego educacao belo horizonte hp fh pimentel governador,523,added_video,https://scontent-gru2-1.xx.fbcdn.net/v/t15.5256-10/42027818_696031830765870_3354063003669495808_n.jpg?_nc_cat=107&_nc_sid=ad6a45&_nc_ohc=IOlbIiM0CQAAX8bsH0_&_nc_ht=scontent-gru2-1.xx&oh=6684d08aacac323d6ee0961d659499aa&oe=5EAFEA93,2327,28,17,1,15,761,True
2018-10-05T15:50:52+0000,904277726319518_508882916251574,nesta reta final vamos juntos ruas redes levar urnas conto voce acesse plano governo bitlyplanohaddad haddade haddadpresidente,nesta reta final vamos juntos ruas redes levar urnas conto voce acesse plano governo bitlyplanofh fhe hp,8172,added_video,https://scontent-gru2-1.xx.fbcdn.net/v/t15.5256-10/40767013_508883432918189_8498383764903165952_n.jpg?_nc_cat=107&_nc_sid=ad6a45&_nc_ohc=643gTu_0FsAAX_xyG5c&_nc_ht=scontent-gru2-1.xx&oh=7dc34905f84a14fe9c00e868d43cc965&oe=5EAC720C,28103,601,67,13,224,1945,True
2018-10-05T14:50:00+0000,904277726319518_2689595297933101,possivel construir pais direitos deve democracia liberdade permite exigir governantes compromisso social haddade debatenaglobo,possivel construir pais direitos deve democracia liberdade permite exigir governantes compromisso social fhe debatenaglobo,2429,added_video,https://scontent-gru1-1.xx.fbcdn.net/v/t15.5256-10/40993435_2689598724599425_8471993986892955648_n.jpg?_nc_cat=108&_nc_sid=ad6a45&_nc_ohc=9Y35yAo3v6EAX9fzSIu&_nc_ht=scontent-gru1-1.xx&oh=4c3c45af6bde655da6b83ed2ef66c83d&oe=5EAEF310,7058,84,62,0,31,576,True
2018-10-05T10:05:50+0000,904277726319518_1967302090017071,fernando haddad candidato lula presidencia participa debate globo haddade,fh candidato lula presidencia participa debate globo fhe,1281,added_video,https://scontent-gru2-2.xx.fbcdn.net/v/t15.5256-10/40768044_322515195212327_4037929437663068160_n.jpg?_nc_cat=102&_nc_sid=ad6a45&_nc_ohc=BMPDclCIVuIAX_uUhjU&_nc_ht=scontent-gru2-2.xx&oh=656bf833f3c696d820bdf5ddb9589078&oe=5EAE9F37,5202,74,19,9,24,442,True
2018-10-05T04:01:29+0000,904277726319518_1066357943545315,faltam dois dias vamos juntos ganhar eleicao vote haddadpresidente,faltam dois dias vamos juntos ganhar eleicao vote hp,25602,added_video,https://scontent-gru2-1.xx.fbcdn.net/v/t15.5256-10/40403611_1066359026878540_7094990719760203776_n.jpg?_nc_cat=109&_nc_sid=ad6a45&_nc_ohc=WeE_aiAAoBAAX9FJWeu&_nc_ht=scontent-gru2-1.xx&oh=54faf24923303e09b794094aaf77ea97&oe=5EACA0DE,48000,1137,85,19,306,4027,True
2018-10-05T01:05:32+0000,904277726319518_2132608533667924,fernando haddad candidato lula presidencia participa debate globo haddade,fh candidato lula presidencia participa debate globo fhe,4693,added_video,https://scontent-gru2-2.xx.fbcdn.net/v/t15.5256-10/40495500_2132623240333120_6103344781851623424_n.jpg?_nc_cat=100&_nc_sid=ad6a45&_nc_ohc=4-znIP-cyB8AX9Xe7yc&_nc_ht=scontent-gru2-2.xx&oh=cb989dfe88be2fa0b16c78fb0b082c1b&oe=5EAEFA67,13178,615,136,72,1825,6681,True
2018-10-04T23:17:50+0000,904277726319518_1966684106745536,nao vamos deixar mentiras espalharem redes sociais whatsapp ajude combater boatos noticias denuncie haddade haddadpresidente,nao vamos deixar mentiras espalharem redes sociais whatsapp ajude combater boatos noticias denuncie fhe hp,2322,shared_story,https://external-gru1-1.xx.fbcdn.net/safe_image.php?d=AQDjA43hlWW-7SBr&url=https%3A%2F%2Flula.com.br%2Fwp-content%2Fuploads%2F2018%2F10%2Frepresentacao.jpg&_nc_hash=AQC94Q_mw1wN2seP,4374,35,105,27,34,243,True
2018-10-04T22:28:54+0000,904277726319518_2053772501602068,sobre privilegios papel estado distribuicao oportunidades explicados maneira simples possivel haddade haddadpresidente contribua campanha acesse doe,sobre privilegios papel estado distribuicao oportunidades explicados maneira simples possivel fhe hp contribua campanha acesse doe,20970,added_video,https://scontent-gru1-1.xx.fbcdn.net/v/t15.13418-10/40450167_493563951127191_5830916213152153600_n.jpg?_nc_cat=104&_nc_sid=ad6a45&_nc_ohc=qGUO6M26ec0AX8I6BFh&_nc_ht=scontent-gru1-1.xx&oh=01033b7ab7a3580daf2c7772b1a740dd&oe=5EAEB650,15154,207,441,142,106,4538,True
2018-10-04T16:30:43+0000,904277726319518_2129753870578395,assista compartilhe programa hoje ate domingo levar mensagem cada canto brasil povo memoria nao vai ser vitima mentiras lado la fernando haddad aqui brasil vote,assista compartilhe programa hoje ate domingo levar mensagem cada canto brasil povo memoria nao vai ser vitima mentiras lado la fh aqui brasil vote,3801,added_video,https://scontent-gru2-2.xx.fbcdn.net/v/t15.5256-10/40572212_2129758170577965_1860265857632960512_n.jpg?_nc_cat=100&_nc_sid=ad6a45&_nc_ohc=nDXbE64GmV4AX8jJI50&_nc_ht=scontent-gru2-2.xx&oh=32f1c50706dcebbffcec71f1990f2c17&oe=5EAD507F,5586,343,28,4,102,1081,True
2018-10-04T16:00:40+0000,904277726319518_949018328641183,faltam tres dias brasil comecar virar pagina governo temer povo vai voltar poder vote,faltam tres dias brasil comecar virar pagina governo temer povo vai voltar poder vote,1712,added_video,https://scontent-gru1-1.xx.fbcdn.net/v/t15.5256-10/40708192_949018738641142_4246853736615378944_n.jpg?_nc_cat=101&_nc_sid=ad6a45&_nc_ohc=WrzmKoKKqCQAX8vak72&_nc_ht=scontent-gru1-1.xx&oh=a4d48836ad6a82d8ee8ae4858775c063&oe=5EACAC73,3406,80,13,0,25,491,True
2018-10-03T23:12:55+0000,904277726319518_467320400432293,ta chegando hora fazer brasil feliz novo vamos esperanca lembrando brasil construimos junto lula partir dia janeiro vamos resgatar vote haddadpresidente,ta chegando hora fazer bfn vamos esperanca lembrando brasil construimos junto lula partir dia janeiro vamos resgatar vote hp,9685,added_video,https://scontent-gru1-1.xx.fbcdn.net/v/t15.5256-10/41607845_467321133765553_1838470242930524160_n.jpg?_nc_cat=110&_nc_sid=ad6a45&_nc_ohc=ISTWIT_IP9QAX_yGHMW&_nc_ht=scontent-gru1-1.xx&oh=c18633c46db32e5a7131798de3cb36f4&oe=5EAEC742,16184,481,38,5,131,1431,True
2018-10-03T22:10:13+0000,904277726319518_2163929823872991,gente diz novo politica ha decadas congresso aprovando projetos contra interesse povo brasileiro nao troque certo duvidoso vote,gente diz novo politica ha decadas congresso aprovando projetos contra interesse povo brasileiro nao troque certo duvidoso vote,20811,added_video,https://scontent-gru2-1.xx.fbcdn.net/v/t15.5256-10/42492714_2163988700533770_6499440547223044096_n.jpg?_nc_cat=111&_nc_sid=ad6a45&_nc_ohc=Wz1Erk07v6YAX8DlVz8&_nc_ht=scontent-gru2-1.xx&oh=0c6a4813ff7ce75d265ab20302148e0b&oe=5EAF4549,10872,3881,70,60,656,1133,True
2018-10-03T15:00:33+0000,904277726319518_245296669664275,amanha debate globo nao perca vamos defender projeto vote,amanha debate globo nao perca vamos defender projeto vote,2577,added_video,https://scontent-gru2-1.xx.fbcdn.net/v/t15.5256-10/41146162_245298299664112_6759406757212061696_n.jpg?_nc_cat=107&_nc_sid=ad6a45&_nc_ohc=JTKRVsJlT-0AX9nOSc_&_nc_ht=scontent-gru2-1.xx&oh=90a9d3b49b68b79835120b17ee40d93e&oe=5EAF9147,5570,46,46,0,27,751,True
2018-10-03T14:38:18+0000,904277726319518_493304927805056,coletiva imprensa fernando haddad candidato lula presidencia haddadpresidente,coletiva imprensa fh candidato lula presidencia hp,2173,added_video,https://scontent-gru2-2.xx.fbcdn.net/v/t15.5256-10/41204272_493311261137756_5483091529385902080_n.jpg?_nc_cat=106&_nc_sid=ad6a45&_nc_ohc=tzYuJ6fOqEQAX81q6PY&_nc_ht=scontent-gru2-2.xx&oh=fa14db80369ead6062ecbdb598412c34&oe=5EAC6BBD,4702,60,23,11,116,1767,True
2018-10-03T13:38:19+0000,904277726319518_2254491784592851,quatro dias pra votar confirme presenca evento haddadpresidente,quatro dias pra votar confirme presenca evento hp,1495,added_video,https://scontent-gru2-2.xx.fbcdn.net/v/t15.5256-10/40534757_2254493464592683_5664412949700149248_n.jpg?_nc_cat=105&_nc_sid=ad6a45&_nc_ohc=OSvujK_U2-sAX8rESuB&_nc_ht=scontent-gru2-2.xx&oh=00e6654ad2d5ffaae8f860f3b16bf824&oe=5EAE2517,2578,28,48,1,16,321,True
2018-10-03T11:03:22+0000,904277726319518_155369068734626,haddad candidato lula conversa geraldo freire pernambuco radiojornal haddadpresidente,fh candidato lula conversa geraldo freire pernambuco radiojornal hp,2880,added_video,https://scontent-gru2-1.xx.fbcdn.net/v/t15.5256-10/41545831_155403562064510_4983472676925341696_n.jpg?_nc_cat=111&_nc_sid=ad6a45&_nc_ohc=HTr27XPBcG8AX8cGGlS&_nc_ht=scontent-gru2-1.xx&oh=a938f4fdcc49b7406f6d674183eda2e9&oe=5EAFFAA6,4628,75,35,4,208,1458,True
2018-10-02T21:54:02+0000,904277726319518_340215979884292,assista resumo grande ato ontem cinelandia rio janeiro haddadpresidente vote,assista resumo grande ato ontem cinelandia rio janeiro hp vote,41994,added_video,https://scontent-gru1-1.xx.fbcdn.net/v/t15.5256-10/41445795_340216869884203_5553452843270144000_n.jpg?_nc_cat=101&_nc_sid=ad6a45&_nc_ohc=LeIHlZeutowAX9wcjDN&_nc_ht=scontent-gru1-1.xx&oh=477b40bf52ea4d8c9859c8f3e3716868&oe=5EB00079,66226,675,159,25,250,8792,True
2018-10-02T20:28:16+0000,904277726319518_329981827579035,haddad candidato lula presidencia participa ato nova iguacu rio janeiro haddadpresidente,fh candidato lula presidencia participa ato nova iguacu rio janeiro hp,1019,added_video,https://scontent-gru1-1.xx.fbcdn.net/v/t15.5256-10/40420764_329998297577388_3996960869907955712_n.jpg?_nc_cat=101&_nc_sid=ad6a45&_nc_ohc=6Xl4r-KuDBAAX9eM6DC&_nc_ht=scontent-gru1-1.xx&oh=355df5fb87e45cc9181e5430e7a47e05&oe=5EAEEB8B,3488,66,23,0,36,1080,True
2018-10-02T20:00:02+0000,904277726319518_768494520168447,ontem cidade virou capital resistencia contra prisao politica lula vimos esperanca renascendo certeza povo brasil jeito vamos muita garra ate domingo vote haddadpresidente,ontem cidade virou capital resistencia contra prisao politica lula vimos esperanca renascendo certeza povo brasil jeito vamos muita garra ate domingo vote hp,11130,added_video,https://scontent-gru2-2.xx.fbcdn.net/v/t15.5256-10/38982354_768495893501643_2829051119144009728_n.jpg?_nc_cat=102&_nc_sid=ad6a45&_nc_ohc=vpboSIBfEu8AX9jrzNr&_nc_ht=scontent-gru2-2.xx&oh=2dbc84889266dff5eea57f017936d047&oe=5EAF9790,34110,734,48,18,255,1695,True
2018-10-02T18:16:43+0000,904277726319518_278603349424601,haddad candidato lula presidencia participa caminhada duque caxias rio janeiro haddadpresidente,fh candidato lula presidencia participa caminhada duque caxias rio janeiro hp,1182,added_video,https://scontent-gru2-1.xx.fbcdn.net/v/t15.5256-10/40830703_278609282757341_6844644132707631104_n.jpg?_nc_cat=111&_nc_sid=ad6a45&_nc_ohc=WLqg6IvtjYEAX-oIfZL&_nc_ht=scontent-gru2-1.xx&oh=def63653e182ac2a00681379086ea151&oe=5EADC35A,3362,53,17,1,48,1115,True
2018-10-02T16:30:43+0000,904277726319518_2541125739446994,cinco dias pra trazer brasil volta confirme presenca haddadpresidente,cinco dias pra trazer brasil volta confirme presenca hp,1687,added_video,https://scontent-gru2-1.xx.fbcdn.net/v/t15.5256-10/40486967_2541125992780302_5055942514809241600_n.jpg?_nc_cat=111&_nc_sid=ad6a45&_nc_ohc=FvdZvBAoSAYAX9xcdZn&_nc_ht=scontent-gru2-1.xx&oh=8bffce523807fce4a934a1cf27fb17ed&oe=5EAE8F2B,2638,37,48,1,10,361,True
2018-10-02T16:23:56+0000,904277726319518_164338261161804,domingo compromisso brasil democracia vamos juntos transformar pais vote,domingo compromisso brasil democracia vamos juntos transformar pais vote,6648,added_video,https://scontent-gru2-2.xx.fbcdn.net/v/t15.13418-10/40636331_1103803619744769_1984672583248773120_n.jpg?_nc_cat=105&_nc_sid=ad6a45&_nc_ohc=b8qxixUgxRkAX8GBN6d&_nc_ht=scontent-gru2-2.xx&oh=c6f077cbe04e58ea3ca9a626a60b5bb6&oe=5EAE0D4B,9775,98,45,1,48,698,True
2018-10-02T14:59:31+0000,904277726319518_929617897225427,haddad candidato lula presidencia participa caminhada campo grande rio janeiro haddadpresidente,fh candidato lula presidencia participa caminhada campo grande rio janeiro hp,928,added_video,https://scontent-gru1-1.xx.fbcdn.net/v/t15.5256-10/38973964_929622677224949_5109625207962730496_n.jpg?_nc_cat=110&_nc_sid=ad6a45&_nc_ohc=cAEb-RyY92QAX_AdSJk&_nc_ht=scontent-gru1-1.xx&oh=2ff1da88782342d22d49ba469ec99257&oe=5EAD50F7,2872,27,32,3,41,873,True
2018-10-02T14:09:03+0000,904277726319518_2176074332661867,fernando haddad candidato lula visita fundacao oswaldo cruz rio janeiro lindbergh farias senador marcia tiburi governadora haddadpresidente,fh candidato lula visita fundacao oswaldo cruz rio janeiro lindbergh farias senador marcia tiburi governadora hp,210,added_video,https://scontent-gru1-1.xx.fbcdn.net/v/t15.5256-10/42989425_2176077189328248_4390020110580973568_n.jpg?_nc_cat=108&_nc_sid=ad6a45&_nc_ohc=vF0gxn2IB70AX-GsE33&_nc_ht=scontent-gru1-1.xx&oh=b63b292a46e51c8575b6bde53214db6b&oe=5EAC22AD,1292,3,17,0,11,373,True
2018-10-02T13:39:37+0000,904277726319518_1077256002451688,dia luta dia brasil compartilhe vote,dia luta dia brasil compartilhe vote,840,added_video,https://scontent-gru1-1.xx.fbcdn.net/v/t15.5256-10/40595063_1077260332451255_1338623164497788928_n.jpg?_nc_cat=104&_nc_sid=ad6a45&_nc_ohc=EzfqZGBpI_UAX8D8SAn&_nc_ht=scontent-gru1-1.xx&oh=f91cb91a1225b2ca5649da0791565b95&oe=5EAC6398,1327,14,19,0,14,232,True
2018-10-02T13:23:21+0000,904277726319518_297070214227859,fernando haddad candidato lula visita fundacao oswaldo cruz rio janeiro lindbergh farias senador marcia tiburi governadora haddadpresidente,fh candidato lula visita fundacao oswaldo cruz rio janeiro lindbergh farias senador marcia tiburi governadora hp,602,added_video,https://scontent-gru2-2.xx.fbcdn.net/v/t15.5256-10/40373490_297077934227087_4697355304424177664_n.jpg?_nc_cat=102&_nc_sid=ad6a45&_nc_ohc=ERyT__a3en0AX_O1QDw&_nc_ht=scontent-gru2-2.xx&oh=670ed474f1be26e9261a79049cdf5dcb&oe=5EADA428,1871,15,22,3,16,557,True
2018-10-02T13:06:37+0000,904277726319518_2196628823886510,fernando haddad candidato lula visita fundacao oswaldo cruz rio janeiro lindbergh farias senador marcia tiburi governadora haddadpresidente,fh candidato lula visita fundacao oswaldo cruz rio janeiro lindbergh farias senador marcia tiburi governadora hp,269,added_video,https://scontent-gru2-1.xx.fbcdn.net/v/t15.5256-10/38981862_2196631393886253_1180237844501757952_n.jpg?_nc_cat=109&_nc_sid=ad6a45&_nc_ohc=zqeBUAqG8MoAX-37caR&_nc_ht=scontent-gru2-1.xx&oh=d5d381e8f596483a9360eef1111f43be&oe=5EAF9A53,1688,8,23,0,16,620,True
2018-10-01T22:53:04+0000,904277726319518_170810033799363,haddad candidato lula lindbergh farias senador marcia tiburi governadora centro rio janeiro haddadpresidente,fh candidato lula lindbergh farias senador marcia tiburi governadora centro rio janeiro hp,1249,added_video,https://scontent-gru2-2.xx.fbcdn.net/v/t15.5256-10/41439530_170847343795632_7977914065991237632_n.jpg?_nc_cat=106&_nc_sid=ad6a45&_nc_ohc=m83MpkfTh_UAX947CMl&_nc_ht=scontent-gru2-2.xx&oh=97ac60102ed272984f8ea679e124901a&oe=5EAECA6B,4083,58,35,8,207,1572,True
2018-10-01T22:25:37+0000,904277726319518_481022969046222,haddad candidato lula lindbergh farias senador marcia tiburi governadora centro rio janeiro haddadpresidente,fh candidato lula lindbergh farias senador marcia tiburi governadora centro rio janeiro hp,1417,added_video,https://scontent-gru1-1.xx.fbcdn.net/v/t15.5256-10/40887836_481023932379459_8967204867172990976_n.jpg?_nc_cat=110&_nc_sid=ad6a45&_nc_ohc=tbudpilBlkkAX9Jstoa&_nc_ht=scontent-gru1-1.xx&oh=47d0d77d0114e596f501ccca7fa55d4f&oe=5EAD93C3,4223,28,23,1,113,453,True
2018-10-01T21:28:15+0000,904277726319518_295630654601316,certeza votando brasil sera feliz novo vote haddadpresidente,certeza votando brasil sera feliz novo vote hp,34765,added_video,https://scontent-gru1-1.xx.fbcdn.net/v/t15.5256-10/41905294_295631311267917_3764971535719202816_n.jpg?_nc_cat=108&_nc_sid=ad6a45&_nc_ohc=9Z4pmEB-7YwAX_Bm9yf&_nc_ht=scontent-gru1-1.xx&oh=3a23accc1a9e372c7427dd62669c9016&oe=5EAF02F0,49660,1440,81,21,424,3709,True
2018-10-01T20:25:02+0000,904277726319518_237813786912320,seis dias povo voltar escolher rumos pais vote haddadpresidente,seis dias povo voltar escolher rumos pais vote hp,1440,added_video,https://scontent-gru2-2.xx.fbcdn.net/v/t15.5256-10/41153185_237813963578969_5871592014461534208_n.jpg?_nc_cat=102&_nc_sid=ad6a45&_nc_ohc=1eNp87oEpfIAX9r_ayY&_nc_ht=scontent-gru2-2.xx&oh=aa6ab84a3bd63e0ae6352353b3dfc6c1&oe=5EACDDAE,2735,53,24,0,32,432,True
2018-10-01T18:55:37+0000,904277726319518_317084395551944,fernando haddad candidato lula presidencia participa encontro forca sindical curitiba,fh candidato lula presidencia participa encontro forca sindical curitiba,941,added_video,https://scontent-gru1-1.xx.fbcdn.net/v/t15.5256-10/38990638_317086645551719_1832505469659250688_n.jpg?_nc_cat=110&_nc_sid=ad6a45&_nc_ohc=n7b9HVcJljYAX99ZXev&_nc_ht=scontent-gru1-1.xx&oh=73c08f4062a4c1ef812ae51450cb1d38&oe=5EAFCB4A,3406,42,23,1,34,311,True
2018-10-01T17:39:47+0000,904277726319518_284422385617006,caminhada curitiba fernando haddad dr rosinha candidato governador haddadpresidente,caminhada curitiba fh dr rosinha candidato governador hp,1703,added_video,https://scontent-gru2-2.xx.fbcdn.net/v/t15.5256-10/40225424_284423508950227_7639467069653647360_n.jpg?_nc_cat=100&_nc_sid=ad6a45&_nc_ohc=od_qg7dcGW8AX_ufn7j&_nc_ht=scontent-gru2-2.xx&oh=81a6f24cdb024f2c9cf0afdf5acdbd96&oe=5EADF7FC,4510,34,31,3,104,470,True
2018-10-01T17:35:38+0000,904277726319518_347920085953681,inclusao social objetivo principal plano governo vamos juntos fazer brasil todos novamente vote haddadpresidente,inclusao social objetivo principal plano governo vamos juntos fazer brasil todos novamente vote hp,2564,added_video,https://scontent-gru2-2.xx.fbcdn.net/v/t15.5256-10/38991185_347920695953620_5618026796097208320_n.jpg?_nc_cat=105&_nc_sid=ad6a45&_nc_ohc=I7i76qLnGdoAX-L5pYV&_nc_ht=scontent-gru2-2.xx&oh=5a888bdfa91ee65bdd858a0b6bc18122&oe=5EAC37E7,8897,58,32,0,143,569,True
2018-10-01T17:00:38+0000,904277726319518_301356027126817,fernando haddad candidato presidencia curitiba haddadpresidente,fh candidato presidencia curitiba hp,343,added_video,https://scontent-gru2-2.xx.fbcdn.net/v/t15.5256-10/40598667_301356707126749_825537248807092224_n.jpg?_nc_cat=100&_nc_sid=ad6a45&_nc_ohc=_0cVdqQd17sAX-oQHHs&_nc_ht=scontent-gru2-2.xx&oh=b94eb755a082d0a1df6b7247e7729d09&oe=5EAD5EED,1308,13,23,1,42,341,True
2018-10-01T16:55:02+0000,904277726319518_2343886195847627,caminhada curitiba haddadpresidente,caminhada curitiba hp,917,added_video,https://scontent-gru1-1.xx.fbcdn.net/v/t15.5256-10/38969494_2343886635847583_6276646214029017088_n.jpg?_nc_cat=103&_nc_sid=ad6a45&_nc_ohc=O5Vs9jn-D4cAX9EUIpn&_nc_ht=scontent-gru1-1.xx&oh=93390e6558a032db8463d2f108c4b966&oe=5EAD48D1,2565,25,26,0,42,754,True
2018-10-01T16:13:51+0000,904277726319518_1001789173326073,fernando haddad candidato presidencia conta encontro lula,fh candidato presidencia conta encontro lula,835,added_video,https://scontent-gru1-1.xx.fbcdn.net/v/t15.5256-10/41321961_1001801339991523_5559456387211198464_n.jpg?_nc_cat=101&_nc_sid=ad6a45&_nc_ohc=6pZMjaqv8t0AX8DXV10&_nc_ht=scontent-gru1-1.xx&oh=31359aea2291e93331e9b49dbcc535c6&oe=5EAFFCCB,3284,32,29,5,69,1110,True
2018-10-01T14:02:35+0000,904277726319518_549119548850975,conheca propostas baixe plano governo bitlyplanohaddad vote haddadpresidente,conheca propostas baixe plano governo bitlyplanofh vote hp,2167,added_video,https://scontent-gru2-2.xx.fbcdn.net/v/t15.13418-10/40281885_286097752116121_3694236722888966144_n.jpg?_nc_cat=105&_nc_sid=ad6a45&_nc_ohc=X4pRnm2iAmcAX_qLPXI&_nc_ht=scontent-gru2-2.xx&oh=74d24f838887879f647bb51e0f17c2bc&oe=5EAEBF2E,2894,34,17,0,15,331,True
2018-10-01T13:27:12+0000,904277726319518_687109054989678,fernando haddad candidato lula presidencia chega vigilia lula livre curitiba haddadpresidente lulalivre,fh candidato lula presidencia chega vigilia lula livre curitiba hp lulalivre,1048,added_video,https://scontent-gru2-2.xx.fbcdn.net/v/t15.5256-10/38991043_687118361655414_8641215517966729216_n.jpg?_nc_cat=102&_nc_sid=ad6a45&_nc_ohc=cXonvDaQAWkAX_QNGew&_nc_ht=scontent-gru2-2.xx&oh=445e46e169d9c1f572d1c5787ce1b382&oe=5EAF6148,3503,51,22,2,36,1250,True
2018-10-01T03:35:51+0000,904277726319518_165933547650008,fernando haddad candidato lula fala imprensa apos debate record haddadpresidente,fh candidato lula fala imprensa apos debate record hp,3627,added_video,https://scontent-gru1-1.xx.fbcdn.net/v/t15.13418-10/41496759_2131714890489423_7288660132395745280_n.jpg?_nc_cat=108&_nc_sid=ad6a45&_nc_ohc=D_oTgnW8Qm4AX-8QWhL&_nc_ht=scontent-gru1-1.xx&oh=006f32a14a270c0bb7e3cd328ea1d4d7&oe=5EAEC83E,6785,41,72,1,39,912,True
2018-10-01T01:02:23+0000,904277726319518_2024690457595549,fernando haddad candidato lula presidencia participa debate record vote ovotonarecord,fh candidato lula presidencia participa debate record vote ovotonarecord,2693,added_video,https://scontent-gru2-2.xx.fbcdn.net/v/t15.5256-10/38981584_2024767017587893_3779464357398708224_n.jpg?_nc_cat=105&_nc_sid=ad6a45&_nc_ohc=bBirykqj9KkAX-YmozE&_nc_ht=scontent-gru2-2.xx&oh=40f65489d73f8e78f20cbe1095c40337&oe=5EAD3623,6850,336,77,31,976,3659,True
2018-10-01T00:20:34+0000,904277726319518_298035037681840,fernando haddad candidato lula fala imprensa antes debate record haddadpresidente,fh candidato lula fala imprensa antes debate record hp,2751,added_video,https://scontent-gru2-1.xx.fbcdn.net/v/t15.5256-10/41553597_298035304348480_6561966904456511488_n.jpg?_nc_cat=111&_nc_sid=ad6a45&_nc_ohc=jpkftKCtaAsAX-YSFPs&_nc_ht=scontent-gru2-1.xx&oh=6fa0714f8ce78a1777400eb57866e331&oe=5EAF0C1E,8938,53,62,1,105,928,True
2018-09-30T18:30:01+0000,904277726319518_283035822309049,manaus levar propostas pais justo soberano governo vai resgatar respeito povos retomar politicas inclusao fizeram brasil pais solidario governos presidente lula vote,manaus levar propostas pais justo soberano governo vai resgatar respeito povos retomar politicas inclusao fizeram brasil pais solidario governos presidente lula vote,3914,added_video,https://scontent-gru2-1.xx.fbcdn.net/v/t15.13418-10/38984115_336592740220125_6167132506555416576_n.jpg?_nc_cat=111&_nc_sid=ad6a45&_nc_ohc=UNKN5qsrV8cAX8iEFV9&_nc_ht=scontent-gru2-1.xx&oh=00bebdc4880e156e0bf4fe242fb59f25&oe=5EAE307C,5541,98,45,2,27,759,True
2018-09-30T16:30:00+0000,904277726319518_307869739797313,sete dias votar haddadpresidente,sete dias votar hp,4700,added_video,https://scontent-gru1-1.xx.fbcdn.net/v/t15.13418-10/41145270_327338414746410_3970815179184144384_n.jpg?_nc_cat=110&_nc_sid=ad6a45&_nc_ohc=lBJIFQGODqUAX-Nyvxu&_nc_ht=scontent-gru1-1.xx&oh=3cbf072af0a047b8100a20f82962cd23&oe=5EAEFB65,5526,88,32,2,14,904,True
2018-09-30T15:30:00+0000,904277726319518_2130911370266597,resumo passagem belem so jeito corrigir todas barbaridades estao fazendo contra povo brasileiro dia gente ir urna apertar haddadpresidente,resumo passagem belem so jeito corrigir todas barbaridades estao fazendo contra povo brasileiro dia gente ir urna apertar hp,9325,added_video,https://scontent-gru1-1.xx.fbcdn.net/v/t15.13418-10/42082828_401520323718845_6962627202156331008_n.jpg?_nc_cat=104&_nc_sid=ad6a45&_nc_ohc=d5TsydNUIFEAX9nGkM3&_nc_ht=scontent-gru1-1.xx&oh=1ceb1d2d25a0bc6dfed786d10edb809b&oe=5EAD3358,14617,171,54,5,62,1307,True
2018-09-30T14:30:46+0000,904277726319518_706282189735806,obrigado tudo vamos juntos ate vitoria vote video claudio kbene,obrigado tudo vamos juntos ate vitoria vote video claudio kbene,8083,added_video,https://scontent-gru1-1.xx.fbcdn.net/v/t15.5256-10/38983423_706282526402439_2212458583268786176_n.jpg?_nc_cat=101&_nc_sid=ad6a45&_nc_ohc=RdnyCb68qm4AX8DBlLv&_nc_ht=scontent-gru1-1.xx&oh=4400a0de931304a7c6d88814f9a3c0b5&oe=5EAFA0BD,14921,149,61,3,53,2362,True
2018-09-29T23:39:00+0000,904277726319518_278416166112079,desafio retomar fortalecer ainda programas permitiram filho pobre tambem doutor conheca propostas vao transformar tambem ensino medio brasileiro haddadpresidente vote,desafio retomar fortalecer ainda programas permitiram filho pobre tambem doutor conheca propostas vao transformar tambem ensino medio brasileiro hp vote,2404,added_video,https://scontent-gru2-2.xx.fbcdn.net/v/t15.13418-10/40237736_404410340091852_2426074201984073728_n.jpg?_nc_cat=102&_nc_sid=ad6a45&_nc_ohc=gkrc2gTCSBUAX_aAN_b&_nc_ht=scontent-gru2-2.xx&oh=0def2a87b7dfcc0f5461453d09f134b4&oe=5EAC2951,3658,46,45,0,37,542,True
2018-09-29T17:40:00+0000,904277726319518_725531721131261,cada canto brasil estara conectado programa brasil online haddadpresidente vote,cada canto brasil estara conectado programa brasil online hp vote,1450,added_video,https://scontent-gru2-2.xx.fbcdn.net/v/t15.13418-10/38964715_2111166632463301_7368885109258190848_n.jpg?_nc_cat=105&_nc_sid=ad6a45&_nc_ohc=n17U_eEaLFcAX9st_Uc&_nc_ht=scontent-gru2-2.xx&oh=f65a79e9442b5629012ab0c3fe2c1b4b&oe=5EAF4B6D,2400,29,24,0,7,369,True
2018-09-29T16:51:51+0000,904277726319518_2224187344532486,programas sociais mulher sempre considerada chefe familia vamos trabalhar fazer ainda todas mulheres brasil vote haddadpresidente,programas sociais mulher sempre considerada chefe familia vamos trabalhar fazer ainda todas mulheres brasil vote hp,1488,added_video,https://scontent-gru1-1.xx.fbcdn.net/v/t15.13418-10/38980229_2131178000467667_7525579337421029376_n.jpg?_nc_cat=103&_nc_sid=ad6a45&_nc_ohc=QsOMifLp43IAX9Gxhou&_nc_ht=scontent-gru1-1.xx&oh=c2c4bcde3e74b11ef1ec3a2358230063&oe=5EAE23F2,2552,610,34,13,98,700,True
2018-09-29T16:15:56+0000,904277726319518_298831787580339,haddad candidato lula manaus coracao amazonia senadora vanessa graziotin,fh candidato lula manaus coracao amazonia senadora vanessa graziotin,1463,added_video,https://scontent-gru2-2.xx.fbcdn.net/v/t15.5256-10/42026516_298831844247000_5654462171900280832_n.jpg?_nc_cat=100&_nc_sid=ad6a45&_nc_ohc=Zj-JyjTq0xUAX-7MnXS&_nc_ht=scontent-gru2-2.xx&oh=3556beaa684c332fd3815878621b1d45&oe=5EACC687,3477,58,35,1,60,956,True
2018-09-29T16:06:25+0000,904277726319518_336051770273496,haddad candidato lula manaus coracao amazonia senadora vanessa graziotin,fh candidato lula manaus coracao amazonia senadora vanessa graziotin,3191,added_video,https://scontent-gru1-1.xx.fbcdn.net/v/t15.5256-10/42027001_336059246939415_8771456746200760320_n.jpg?_nc_cat=104&_nc_sid=ad6a45&_nc_ohc=gygL6gio9W0AX9ODYEK&_nc_ht=scontent-gru1-1.xx&oh=7d9ce1e061c40d955e15cc3e9cc85929&oe=5EAE1939,6013,94,58,3,113,1614,True
2018-09-29T15:53:14+0000,904277726319518_311858439397468,haddad candidato lula manaus coracao amazonia senadora vanessa graziotin haddadpresidente,fh candidato lula manaus coracao amazonia senadora vanessa graziotin hp,1444,added_video,https://scontent-gru2-1.xx.fbcdn.net/v/t15.5256-10/40360751_311860406063938_9134130781176725504_n.jpg?_nc_cat=111&_nc_sid=ad6a45&_nc_ohc=J3h8AGCP-OUAX92-TD2&_nc_ht=scontent-gru2-1.xx&oh=acad464be277ccfc06c3bd79672e80e8&oe=5EAF7CF9,3458,20,49,0,20,834,True
2018-09-29T15:43:08+0000,904277726319518_165487444359707,haddad candidato lula manaus coracao amazonia senadora vanessa graziotin haddadpresidente,fh candidato lula manaus coracao amazonia senadora vanessa graziotin hp,1561,added_video,https://scontent-gru2-1.xx.fbcdn.net/v/t15.5256-10/38983527_165488401026278_7472774174805590016_n.jpg?_nc_cat=111&_nc_sid=ad6a45&_nc_ohc=mbJ7JZFbrk8AX9-LSev&_nc_ht=scontent-gru2-1.xx&oh=514daf643e25fa0129190eefc4f6b5cb&oe=5EAE1CB3,2883,24,42,3,51,1240,True
2018-09-29T15:18:20+0000,904277726319518_319133748862423,fernando haddad caminhada centro manaus am haddadpresidente,fh caminhada centro manaus am hp,1199,added_video,https://scontent-gru1-1.xx.fbcdn.net/v/t15.5256-10/41592454_319138842195247_9205068032995491840_n.jpg?_nc_cat=110&_nc_sid=ad6a45&_nc_ohc=MrD9qJVqnecAX95Qt9Q&_nc_ht=scontent-gru1-1.xx&oh=05ca5d65079d130fbd4decec163c38e5&oe=5EAED905,3418,34,35,1,26,1206,True
2018-09-29T14:15:16+0000,904277726319518_2109716432385386,goiania obrigado povo goias recebeu tanto carinho energia seguir nessa ultima semana antes primeiro turno chegando hora povo brasileiro voltar poder vote,goiania obrigado povo goias recebeu tanto carinho energia seguir nessa ultima semana antes primeiro turno chegando hora povo brasileiro voltar poder vote,24756,added_video,https://scontent-gru2-2.xx.fbcdn.net/v/t15.5256-10/38979172_2109718905718472_8635880202217455616_n.jpg?_nc_cat=100&_nc_sid=ad6a45&_nc_ohc=331OuXSR9PcAX_VA7EW&_nc_ht=scontent-gru2-2.xx&oh=a42f3a3c66d70c4752ebee061f60b898&oe=5EAD4F3D,38348,464,113,23,163,2724,True
2018-09-29T12:50:45+0000,904277726319518_633117667083135,campanha vai chegar firme dia haddadpresidente vote,campanha vai chegar firme dia hp vote,1451,added_video,https://scontent-gru1-1.xx.fbcdn.net/v/t15.5256-10/38972825_633117923749776_4193105549505593344_n.jpg?_nc_cat=103&_nc_sid=ad6a45&_nc_ohc=G4T5S_cdLQgAX8P3XJU&_nc_ht=scontent-gru1-1.xx&oh=645027409955fea5c2bbf1953ba39740&oe=5EAF6BEB,2492,18,42,0,6,361,True
2018-09-28T23:02:45+0000,904277726319518_818176871906748,haddad candidato lula belem paulo rocha governador haddadpresidente,fh candidato lula belem paulo rocha governador hp,3420,added_video,https://scontent-gru1-1.xx.fbcdn.net/v/t15.5256-10/38970040_818190111905424_708157991630667776_n.jpg?_nc_cat=108&_nc_sid=ad6a45&_nc_ohc=ABH748Heqb0AX_iEv-B&_nc_ht=scontent-gru1-1.xx&oh=4bb3a9e1efe2b8a1b2763e3cff3c0b99&oe=5EAE4152,6287,254,132,27,1778,2689,True
2018-09-28T23:00:01+0000,904277726319518_289649321640204,passamos caxias sulrs porto alegrers nesta quinta reforcamos povo gaucho dito todo pais so povo unido podera vencer discurso odio trabalhar fazermos brasil voltar crescer vote haddadpresidente,passamos caxias sulrs porto alegrers nesta quinta reforcamos povo gaucho dito todo pais so povo unido podera vencer discurso odio trabalhar fazermos brasil voltar crescer vote hp,3021,added_video,https://scontent-gru2-2.xx.fbcdn.net/v/t15.5256-10/40291054_289650671640069_6764298634767892480_n.jpg?_nc_cat=106&_nc_sid=ad6a45&_nc_ohc=1Lla9mQWLmwAX9JzLJl&_nc_ht=scontent-gru2-2.xx&oh=9f0ab4f8412496e468882c374c70b950&oe=5EAE9ECA,6502,51,61,4,116,583,True
2018-09-28T21:13:37+0000,904277726319518_308100360001697,haddad candidato lula entrevista coletiva belem paulo rocha governador haddadpresidente,fh candidato lula entrevista coletiva belem paulo rocha governador hp,1345,added_video,https://scontent-gru1-1.xx.fbcdn.net/v/t15.5256-10/40606936_308100710001662_267725394826756096_n.jpg?_nc_cat=103&_nc_sid=ad6a45&_nc_ohc=qLc0C-RWqYoAX9oI9uX&_nc_ht=scontent-gru1-1.xx&oh=8854b7de0007ea2d21486dc8e6b9cd4a&oe=5EAE300C,3780,48,39,7,242,1367,True
2018-09-28T18:35:00+0000,904277726319518_307162160100204,ana estela haddad responde fernando haddad vote,ana estela fh responde fh vote,2032,added_video,https://scontent-gru2-2.xx.fbcdn.net/v/t15.13418-10/38965242_2280806878872471_7814897298076336128_n.jpg?_nc_cat=105&_nc_sid=ad6a45&_nc_ohc=4OqzO76O1Z4AX_q6ZR0&_nc_ht=scontent-gru2-2.xx&oh=8046bb9fe558a2f9c5dc8b92a0598d68&oe=5EAFCEF5,3320,24,22,1,14,484,True
2018-09-28T16:01:51+0000,904277726319518_312418679550475,fernando haddad candidato presidente lula caminhada ato katia maria governadora goiania haddadpresidente,fh candidato presidente lula caminhada ato katia maria governadora goiania hp,474,added_video,https://scontent-gru1-1.xx.fbcdn.net/v/t15.5256-10/41715833_312419069550436_7087703904015613952_n.jpg?_nc_cat=108&_nc_sid=ad6a45&_nc_ohc=Bw3wDtWH2JIAX-PQ3Jw&_nc_ht=scontent-gru1-1.xx&oh=3fa39789f81fdc3cfacbded8e461435a&oe=5EAF891C,1482,19,37,2,16,458,True
2018-09-28T15:48:52+0000,904277726319518_232641797610477,fernando haddad candidato presidente lula caminhada ato katia maria governadora goiania haddadpresidente,fh candidato presidente lula caminhada ato katia maria governadora goiania hp,656,added_video,https://scontent-gru2-2.xx.fbcdn.net/v/t15.5256-10/41321338_232641950943795_893911796719550464_n.jpg?_nc_cat=106&_nc_sid=ad6a45&_nc_ohc=dyHvLqDdB1oAX8hhB0I&_nc_ht=scontent-gru2-2.xx&oh=15a7d0c9cf8e89da74340b59a8fd3248&oe=5EACD826,2708,23,45,2,24,660,True
2018-09-28T15:39:29+0000,904277726319518_1398855306914503,fernando haddad candidato presidente lula caminhada ato katia maria governadora goiania haddadpresidente,fh candidato presidente lula caminhada ato katia maria governadora goiania hp,957,added_video,https://scontent-gru2-1.xx.fbcdn.net/v/t15.5256-10/40783210_1398857050247662_2609742538457743360_n.jpg?_nc_cat=109&_nc_sid=ad6a45&_nc_ohc=UecoEh3vpzwAX_N1WhQ&_nc_ht=scontent-gru2-1.xx&oh=9a04068043c57e13ba8cb22816752104&oe=5EAD0A6C,2989,43,29,1,26,887,True
2018-09-28T15:00:53+0000,904277726319518_941651852685601,fernando haddad candidato presidente lula caminhada ato katia maria governadora goiania haddadpresidente,fh candidato presidente lula caminhada ato katia maria governadora goiania hp,333,added_video,https://scontent-gru1-1.xx.fbcdn.net/v/t15.5256-10/40188017_941652289352224_33579411529793536_n.jpg?_nc_cat=108&_nc_sid=ad6a45&_nc_ohc=mOSv5g5cjEIAX8pbQfA&_nc_ht=scontent-gru1-1.xx&oh=cb5f0cd01c6c82620ef64f9ba4c284d6&oe=5EADF5CE,1515,12,24,0,24,297,True
2018-09-28T14:28:08+0000,904277726319518_2144476612442478,fernando haddad candidato presidente lula katia maria governadora goiania haddadpresidente,fh candidato presidente lula katia maria governadora goiania hp,662,added_video,https://scontent-gru2-2.xx.fbcdn.net/v/t15.5256-10/40526665_2144477099109096_4583716860683354112_n.jpg?_nc_cat=105&_nc_sid=ad6a45&_nc_ohc=Z1zzl93EczAAX9_ahDK&_nc_ht=scontent-gru2-2.xx&oh=30a00cca59d461642869b4480500a5b7&oe=5EAF2681,2066,13,21,1,16,432,True
2018-09-28T13:50:51+0000,904277726319518_2126510351009844,nove dias conversar cada amigo cada vizinho cada familiar levar propostas brasil justo soberano vote haddadpresidente,nove dias conversar cada amigo cada vizinho cada familiar levar propostas brasil justo soberano vote hp,1508,added_video,https://scontent-gru2-1.xx.fbcdn.net/v/t15.5256-10/41889628_2126510634343149_1791358351523708928_n.jpg?_nc_cat=107&_nc_sid=ad6a45&_nc_ohc=9EOrTvXpAt0AX8DfgfF&_nc_ht=scontent-gru2-1.xx&oh=e70c5ce23c886d8fa6249ba8e4183047&oe=5EAEB4E0,2517,12,17,0,13,339,True
2018-09-27T23:38:17+0000,904277726319518_1905538776192852,entrevista ana estela haddad professora esposa fernando haddad haddadpresidente,entrevista ana estela fh professora esposa fh hp,925,added_video,https://scontent-gru1-1.xx.fbcdn.net/v/t15.5256-10/41549481_1905582642855132_7115796207061958656_n.jpg?_nc_cat=110&_nc_sid=ad6a45&_nc_ohc=lGkhQO_bIscAX8PIhIe&_nc_ht=scontent-gru1-1.xx&oh=6fa566c4b5322339c5d58112e5726598&oe=5EAF2894,2675,17,20,2,97,1185,True
2018-09-27T21:47:19+0000,904277726319518_635285533531843,fernando haddad candidato lula manuela davila miguel rossetto paim grande ato porto alegre haddadpresidente,fh candidato lula manuela davila miguel rossetto paim grande ato porto alegre hp,1902,added_video,https://scontent-gru1-1.xx.fbcdn.net/v/t15.5256-10/40402360_635295780197485_2106152838408175616_n.jpg?_nc_cat=101&_nc_sid=ad6a45&_nc_ohc=rKsw_Z31J8kAX8hd3sJ&_nc_ht=scontent-gru1-1.xx&oh=e5081be279b06d60a84733d9510a5776&oe=5EAC40DE,4016,68,36,6,345,1458,True
2018-09-27T21:36:20+0000,904277726319518_1970426479716874,conheca plano governo vote haddadpresidente,conheca plano governo vote hp,2057,added_video,https://scontent-gru1-1.xx.fbcdn.net/v/t15.13418-10/40813249_242676216414720_8452157053371154432_n.jpg?_nc_cat=103&_nc_sid=ad6a45&_nc_ohc=JTMhZfjs9rkAX8a3NfZ&_nc_ht=scontent-gru1-1.xx&oh=fdac00ba7ebe2a22c3931dbecf42383d&oe=5EAFB69B,1683,12,31,0,37,272,True
2018-09-27T20:53:03+0000,904277726319518_722328488101171,fernando haddad candidato presidente lula caminhada ato manuela davila miguel rossetto canoas rio grande sul haddadpresidente,fh candidato presidente lula caminhada ato manuela davila miguel rossetto canoas rio grande sul hp,785,added_video,https://scontent-gru2-1.xx.fbcdn.net/v/t15.5256-10/38973206_722337061433647_1734974716646522880_n.jpg?_nc_cat=111&_nc_sid=ad6a45&_nc_ohc=idnq6aEwyN4AX-Xgiav&_nc_ht=scontent-gru2-1.xx&oh=36b9d17158999c42a12a7c59407418cd&oe=5EAED9A7,2477,30,16,4,76,800,True
2018-09-27T20:42:37+0000,904277726319518_1862729857138562,fernando haddad candidato presidente lula caminhada ato manuela davila miguel rossetto canoas rio grande sul haddadpresidente,fh candidato presidente lula caminhada ato manuela davila miguel rossetto canoas rio grande sul hp,401,added_video,https://scontent-gru1-1.xx.fbcdn.net/v/t15.5256-10/38979094_1862731833805031_5671538180185128960_n.jpg?_nc_cat=101&_nc_sid=ad6a45&_nc_ohc=-lBRVlqLTeoAX96oN6k&_nc_ht=scontent-gru1-1.xx&oh=91d96fd923d75340000d26df63a083c9&oe=5EAEA0B1,1506,13,20,0,46,454,True
2018-09-27T20:27:24+0000,904277726319518_943917145814811,fernando haddad candidato presidente lula caminhada ato manuela davila miguel rossetto canoas rio grande sul haddadpresidente,fh candidato presidente lula caminhada ato manuela davila miguel rossetto canoas rio grande sul hp,487,added_video,https://scontent-gru2-2.xx.fbcdn.net/v/t15.5256-10/37511534_943917775814748_6982871006520016896_n.jpg?_nc_cat=100&_nc_sid=ad6a45&_nc_ohc=N6MQJw5rdZoAX_jhV5R&_nc_ht=scontent-gru2-2.xx&oh=e94ef742b464cf3c5721d23bd1a3c817&oe=5EADB5D0,1567,30,9,2,31,532,True
2018-09-27T20:18:36+0000,904277726319518_691197727933197,fernando haddad candidato presidente lula caminhada ato manuela davila miguel rossetto canoas rio grande sul haddadpresidente,fh candidato presidente lula caminhada ato manuela davila miguel rossetto canoas rio grande sul hp,328,added_video,https://scontent-gru2-2.xx.fbcdn.net/v/t15.5256-10/38990707_691197774599859_1084021695078989824_n.jpg?_nc_cat=105&_nc_sid=ad6a45&_nc_ohc=FzUI7hsRG4EAX9aSflX&_nc_ht=scontent-gru2-2.xx&oh=87460a151aa0015197af73d8b1ca8588&oe=5EADFF20,1119,17,10,0,28,377,True
2018-09-27T20:14:16+0000,904277726319518_2154809668075223,fernando haddad candidato presidente lula caminhada ato manuela davila miguel rossetto canoas rio grande sul haddadpresidente,fh candidato presidente lula caminhada ato manuela davila miguel rossetto canoas rio grande sul hp,644,added_video,https://scontent-gru1-1.xx.fbcdn.net/v/t15.5256-10/38971878_2154810294741827_2360988435084214272_n.jpg?_nc_cat=103&_nc_sid=ad6a45&_nc_ohc=5rdMpSiRpkcAX8fcC__&_nc_ht=scontent-gru1-1.xx&oh=e58bb1943085276eb3ab48cdc27b1051&oe=5EACD1CB,1523,23,18,1,35,580,True
2018-09-27T20:04:17+0000,904277726319518_2273878392842263,fernando haddad candidato presidente lula concede entrevista coletiva haddadpresidente,fh candidato presidente lula concede entrevista coletiva hp,762,added_video,https://scontent-gru2-1.xx.fbcdn.net/v/t15.5256-10/40561147_2273879636175472_1812750763286331392_n.jpg?_nc_cat=111&_nc_sid=ad6a45&_nc_ohc=tpSLKbj0lX4AX-RNt6U&_nc_ht=scontent-gru2-1.xx&oh=186ee4f00d0c2cb058335d3e322723e4&oe=5EAEE04C,2400,13,22,0,21,698,True
2018-09-27T19:47:55+0000,904277726319518_415307562332133,fernando haddad candidato presidente lula caminhada ato manuela davila miguel rossetto canoas rio grande sul haddadpresidente,fh candidato presidente lula caminhada ato manuela davila miguel rossetto canoas rio grande sul hp,1135,added_video,https://scontent-gru1-1.xx.fbcdn.net/v/t15.5256-10/40464705_415307605665462_2644914502386057216_n.jpg?_nc_cat=101&_nc_sid=ad6a45&_nc_ohc=XLp5-7vQyTUAX-z73Bj&_nc_ht=scontent-gru1-1.xx&oh=2bd28353420ec3a55812ff76b42ccaab&oe=5EAC3CA1,2889,47,18,1,61,995,True
2018-09-27T19:28:22+0000,904277726319518_1860337700750965,fernando haddad candidato presidente lula caminhada ato manuela davila miguel rossetto canoas rio grande sul haddadpresidente,fh candidato presidente lula caminhada ato manuela davila miguel rossetto canoas rio grande sul hp,1020,added_video,https://scontent-gru2-1.xx.fbcdn.net/v/t15.5256-10/38980869_1860340574084011_5416847353971736576_n.jpg?_nc_cat=111&_nc_sid=ad6a45&_nc_ohc=vDs0AzGA4dkAX9mHVuy&_nc_ht=scontent-gru2-1.xx&oh=bd30fc1404a1dc05ee25e4109921d0d2&oe=5EAFB466,3083,67,32,2,325,1020,True
2018-09-27T18:50:31+0000,904277726319518_988636244678251,povo memoria sabe anos governo lula tempos prosperidade otimismo queremos restabelecer partir participe desta luta vote haddadpresidente,povo memoria sabe anos governo lula tempos prosperidade otimismo queremos restabelecer partir participe desta luta vote hp,4193,added_video,https://scontent-gru2-2.xx.fbcdn.net/v/t15.5256-10/40831606_988641294677746_2147684918757425152_n.jpg?_nc_cat=105&_nc_sid=ad6a45&_nc_ohc=r53q33AEafMAX9MVuUY&_nc_ht=scontent-gru2-2.xx&oh=d82a2c680b71a2f6547c135495305832&oe=5EAEA33D,4624,58,30,5,379,2308,True
2018-09-27T17:00:45+0000,904277726319518_1930137957281089,chegando hora brasil ser feliz novo haddadpresidente vote,chegando hora brasil ser feliz novo hp vote,2503,added_video,https://scontent-gru2-1.xx.fbcdn.net/v/t15.5256-10/40618297_1930138083947743_1484879539799588864_n.jpg?_nc_cat=111&_nc_sid=ad6a45&_nc_ohc=PE4ZVVKfC7UAX9wGHDn&_nc_ht=scontent-gru2-1.xx&oh=33fa3ce34155896bb156be60a1c37043&oe=5EAD3F17,3899,49,26,1,24,520,True
2018-09-27T15:59:40+0000,904277726319518_547832735638101,ana estela haddad prouni poder revolucionario acesso educacao vote,ana estela fh prouni poder revolucionario acesso educacao vote,1824,added_video,https://scontent-gru1-1.xx.fbcdn.net/v/t15.13418-10/38971984_366769220729019_1145533435008253952_n.jpg?_nc_cat=103&_nc_sid=ad6a45&_nc_ohc=9O1E7gR9kNIAX8HbkWr&_nc_ht=scontent-gru1-1.xx&oh=d079612459a9de778c3acd553da040ce&oe=5EAC5EDD,3270,10,49,0,16,393,True
2018-09-27T15:55:08+0000,904277726319518_165972210999523,fernando haddad candidato presidente lula caminhada ato miguel rossetto caxias rio grande sul haddadpresidente,fh candidato presidente lula caminhada ato miguel rossetto caxias rio grande sul hp,722,added_video,https://scontent-gru1-1.xx.fbcdn.net/v/t15.5256-10/40831471_165982187665192_3724113791005229056_n.jpg?_nc_cat=103&_nc_sid=ad6a45&_nc_ohc=FnxUAKVSgTQAX81j8QU&_nc_ht=scontent-gru1-1.xx&oh=53ce150d18c1fd4c86b3b45e37f35cd8&oe=5EAF1825,2595,37,22,2,42,621,True
2018-09-27T15:39:20+0000,904277726319518_702556333446392,fernando haddad candidato presidente lula caminhada ato miguel rossetto caxias rio grande sul haddadpresidente,fh candidato presidente lula caminhada ato miguel rossetto caxias rio grande sul hp,361,added_video,https://scontent-gru1-1.xx.fbcdn.net/v/t15.5256-10/40390078_702557546779604_8423271809167654912_n.jpg?_nc_cat=110&_nc_sid=ad6a45&_nc_ohc=PT9R2M8BhMIAX-C1jiM&_nc_ht=scontent-gru1-1.xx&oh=bbd2d2774d11c622d7d723297beb9518&oe=5EAD23FD,1464,18,19,1,21,551,True
2018-09-27T15:33:57+0000,904277726319518_2215232998746501,fernando haddad candidato presidente lula caminhada ato miguel rossetto caxias rio grande sul haddadpresidente,fh candidato presidente lula caminhada ato miguel rossetto caxias rio grande sul hp,797,added_video,https://scontent-gru1-1.xx.fbcdn.net/v/t15.5256-10/40461122_2215234652079669_5579439173527404544_n.jpg?_nc_cat=108&_nc_sid=ad6a45&_nc_ohc=kcYbgtUEZhwAX9lwrB7&_nc_ht=scontent-gru1-1.xx&oh=098024c0609aa6206e9727574d50f71c&oe=5EAC4F56,1813,12,27,0,19,728,True
2018-09-27T13:40:37+0000,904277726319518_2099839873405986,sobre caminhos guiaram ate aqui haddadpresidente,sobre caminhos guiaram ate aqui hp,5560,added_video,https://scontent-gru2-2.xx.fbcdn.net/v/t15.5256-10/38974063_2099840800072560_5263740488652947456_n.jpg?_nc_cat=106&_nc_sid=ad6a45&_nc_ohc=sXcbCsSkkrYAX-lUIts&_nc_ht=scontent-gru2-2.xx&oh=cd7ac1f9ac01a678faaf5b7f0d8ec0e4&oe=5EACEFB5,5565,55,45,2,26,838,True
2018-09-27T12:43:10+0000,904277726319518_155342452069908,cada atividade vemos crescer apoio povo nao sente representado brasil temer lembra dias paz vivemos lula presidente vamos recuperar dias vamos viver sonho outra vez vote haddadpresidente,cada atividade vemos crescer apoio povo nao sente representado brasil temer lembra dias paz vivemos lula presidente vamos recuperar dias vamos viver sonho outra vez vote hp,5465,added_video,https://scontent-gru2-1.xx.fbcdn.net/v/t15.5256-10/41282871_155343872069766_3405494012973416448_n.jpg?_nc_cat=109&_nc_sid=ad6a45&_nc_ohc=wANlSImJYlYAX9UWWHi&_nc_ht=scontent-gru2-1.xx&oh=cfa0ee2f6c06ee4502a2dfd5a39bcc1c&oe=5EAC47FA,5445,21,34,2,21,593,True
2018-09-26T22:59:08+0000,904277726319518_2234784326768835,vamos construir governo oportunidades trabalho educacao sairemos qualquer crise haddadpresidente vote,vamos construir governo oportunidades trabalho educacao sairemos qualquer crise hp vote,6982,added_video,https://scontent-gru2-2.xx.fbcdn.net/v/t15.5256-10/40494992_2234786436768624_348618733024968704_n.jpg?_nc_cat=106&_nc_sid=ad6a45&_nc_ohc=cqmE26zDm9wAX_-7CiE&_nc_ht=scontent-gru2-2.xx&oh=8129ea59acd3f1ea967dbc3de5216c96&oe=5EACCA73,7958,72,69,2,120,1327,True
2018-09-26T22:31:46+0000,904277726319518_327560594671517,fernando haddad candidato lula presidencia participa debate sbt vote,fh candidato lula presidencia participa debate sbt vote,562,added_video,https://scontent-gru1-1.xx.fbcdn.net/v/t15.5256-10/38972959_327561611338082_94071805395861504_n.jpg?_nc_cat=110&_nc_sid=ad6a45&_nc_ohc=PovY_96rbzEAX9yFMEA&_nc_ht=scontent-gru1-1.xx&oh=f9c63aafadaa635332e9b1200023c125&oe=5EAC8A87,2779,25,23,1,20,983,True
2018-09-26T20:46:07+0000,904277726319518_307506780027799,fernando haddad candidato lula presidencia participa debate sbt vote,fh candidato lula presidencia participa debate sbt vote,2359,added_video,https://scontent-gru1-1.xx.fbcdn.net/v/t15.5256-10/41555128_307567780021699_1116288762171621376_n.jpg?_nc_cat=110&_nc_sid=ad6a45&_nc_ohc=VV4Q6Q_gSyMAX88VNZu&_nc_ht=scontent-gru1-1.xx&oh=d29e76ce6efe6c287df8498c991785ac&oe=5EAF1C9A,5393,145,63,13,330,2150,True
2018-09-26T20:12:09+0000,904277726319518_1847233648658187,fernando haddad chegada debate sbt,fh chegada debate sbt,1905,added_video,https://scontent-gru2-2.xx.fbcdn.net/v/t15.5256-10/38965003_1847318215316397_3465335543200481280_n.jpg?_nc_cat=100&_nc_sid=ad6a45&_nc_ohc=kspcQbN1fNYAX-FrRBN&_nc_ht=scontent-gru2-2.xx&oh=6c7c68825290936ece3a5e3b0fb74308&oe=5EAF46E0,4238,29,50,2,49,1580,True
2018-09-26T19:19:37+0000,904277726319518_349939402215455,conheca pouco ana estela haddad esposa companheira luta,conheca pouco ana estela fh esposa companheira luta,2165,added_video,https://scontent-gru2-1.xx.fbcdn.net/v/t15.5256-10/38983109_349939792215416_2131334308974034944_n.jpg?_nc_cat=111&_nc_sid=ad6a45&_nc_ohc=ov7ckRwMRJ8AX_2Ndy8&_nc_ht=scontent-gru2-1.xx&oh=e3a29e77908548a34b2fd354685de352&oe=5EAF3116,4660,14,38,1,15,667,True
2018-09-26T13:26:52+0000,904277726319518_1955368987877048,hoje tarde debate sbt nao perca haddadpresidente,hoje tarde debate sbt nao perca hp,1158,added_photos,https://scontent-gru2-2.xx.fbcdn.net/v/t1.0-9/s720x720/42614799_1955368991210381_1211288533906489344_o.jpg?_nc_cat=102&_nc_sid=2d5d41&_nc_ohc=DadK0X45PgsAX9QzlZz&_nc_ht=scontent-gru2-2.xx&_nc_tp=7&oh=498ed6fbd05949b32f6be6302b535eab&oe=5EAD1B3C,3739,19,40,0,19,359,True
2018-09-26T12:52:44+0000,904277726319518_2054916448156124,petrolina pernambuco juazeiro bahia dias emocionantes campanha povo nordestino abracou tera papel fundamental transformacao queremos brasil vote haddadpresidente,petrolina pernambuco juazeiro bahia dias emocionantes campanha povo nordestino abracou tera papel fundamental transformacao queremos brasil vote hp,44352,added_video,https://scontent-gru1-1.xx.fbcdn.net/v/t15.5256-10/40295135_2054917884822647_3351291379669008384_n.jpg?_nc_cat=103&_nc_sid=ad6a45&_nc_ohc=yL7Z-S9P4wgAX8dYyb6&_nc_ht=scontent-gru1-1.xx&oh=fc680b6c27694ba1c2a6a9331d404a3d&oe=5EAD64FE,25574,142,163,7,79,2649,True
2018-09-26T11:53:47+0000,904277726319518_766387880420060,encontro fernando haddad fundo nacoes unidas infancia unicef rede nacional primeira infancia rnpi,encontro fh fundo nacoes unidas infancia unicef rede nacional primeira infancia rnpi,1144,added_video,https://scontent-gru1-1.xx.fbcdn.net/v/t15.5256-10/38970106_766405763751605_8317431046056443904_n.jpg?_nc_cat=110&_nc_sid=ad6a45&_nc_ohc=Wt8QwBJRRAIAX-qaU4g&_nc_ht=scontent-gru1-1.xx&oh=309cd784d65699e4e3f726bf268b541c&oe=5EAFF09E,2871,12,37,1,20,970,True
2018-09-25T23:39:59+0000,904277726319518_299011250828608,entrevista manuela davila candidata vicepresidente fernando haddad vote,entrevista manuela davila candidata vicepresidente fh vote,1557,added_video,https://scontent-gru2-2.xx.fbcdn.net/v/t15.5256-10/41835025_299024014160665_3209677060855300096_n.jpg?_nc_cat=102&_nc_sid=ad6a45&_nc_ohc=Z30MkdC6IUUAX8pZHrQ&_nc_ht=scontent-gru2-2.xx&oh=fad21c9318ff0a3df73b224c351b2d80&oe=5EADC39C,3215,48,45,2,149,1564,True
2018-09-25T23:38:00+0000,904277726319518_314930252573496,povo lembra reconhece todas mudancas melhorias vida lula fez brasil vamos retomar projeto ampliar programas fazer brasil feliz novo vote haddadpresidente,povo lembra reconhece todas mudancas melhorias vida lula fez brasil vamos retomar projeto ampliar programas fazer bfn vote hp,3835,added_video,https://scontent-gru2-2.xx.fbcdn.net/v/t15.5256-10/38983911_314940322572489_2132537355083448320_n.jpg?_nc_cat=106&_nc_sid=ad6a45&_nc_ohc=PmmEFCYrET4AX-nMPWZ&_nc_ht=scontent-gru2-2.xx&oh=7d1e0588400e9c57b32dea4fae576ce9&oe=5EAEA289,4423,58,51,0,20,641,True
2018-09-25T23:00:29+0000,904277726319518_764722030526261,manuela ana estela fernando haddad ato primaveradasmulheres sao paulo,manuela ana estela fh ato primaveradasmulheres sao paulo,942,added_video,https://scontent-gru2-1.xx.fbcdn.net/v/t15.5256-10/40452765_764729633858834_8969306304476610560_n.jpg?_nc_cat=107&_nc_sid=ad6a45&_nc_ohc=5FVl4-K1TowAX_IaWHM&_nc_ht=scontent-gru2-1.xx&oh=9945b8a027f45305488b025fe6073b90&oe=5EAC3985,2873,30,28,1,37,888,True
2018-09-25T22:34:39+0000,904277726319518_2238020842892291,manuela ana estela fernando haddad ato primaveradasmulheres sao paulo,manuela ana estela fh ato primaveradasmulheres sao paulo,1133,added_video,https://scontent-gru2-2.xx.fbcdn.net/v/t15.5256-10/38968846_2238040669556975_2267498262749511680_n.jpg?_nc_cat=105&_nc_sid=ad6a45&_nc_ohc=66PzSOqFaGYAX8VszUe&_nc_ht=scontent-gru2-2.xx&oh=992229317366a2ad305f786475a7431e&oe=5EAE0ABB,3987,76,32,5,174,1460,True
2018-09-25T19:55:19+0000,904277726319518_1554867221326113,caminhada fernando haddad candidato lula marinho governador suplicy tatto senado campinas haddadpresidente,caminhada fh candidato lula marinho governador suplicy tatto senado campinas hp,739,added_video,https://scontent-gru2-2.xx.fbcdn.net/v/t15.5256-10/38970797_1554895741323261_8343855462977896448_n.jpg?_nc_cat=106&_nc_sid=ad6a45&_nc_ohc=hzrwTJg0SNQAX9SEV78&_nc_ht=scontent-gru2-2.xx&oh=1f44b142933f08f1a6d3651ac9210a2c&oe=5EAE5467,3217,106,31,7,501,883,True
2018-09-25T19:14:35+0000,904277726319518_2131338257132907,caminhada fernando haddad candidato lula presidencia luiz marinho eduardo suplicy jilmar tatto campinas haddadpresidente,caminhada fh candidato lula presidencia luiz marinho eduardo suplicy jilmar tatto campinas hp,918,added_video,https://scontent-gru2-2.xx.fbcdn.net/v/t15.5256-10/41603422_2131338503799549_7282593594169360384_n.jpg?_nc_cat=106&_nc_sid=ad6a45&_nc_ohc=cQ_Nlo32Co0AX-31uvy&_nc_ht=scontent-gru2-2.xx&oh=231d839089c6a8fdb826f9d121276312&oe=5EAD4D4E,2701,25,32,0,21,798,True
2018-09-25T19:09:03+0000,904277726319518_296380840965531,coletiva imprensa fernando haddad candidato lula presidencia campinas haddadpresidente,coletiva imprensa fh candidato lula presidencia campinas hp,765,added_video,https://scontent-gru2-1.xx.fbcdn.net/v/t15.5256-10/38983569_296382927631989_2647478215609679872_n.jpg?_nc_cat=109&_nc_sid=ad6a45&_nc_ohc=1LjFMJ-ObvIAX9qtEuI&_nc_ht=scontent-gru2-1.xx&oh=5759469847f53c02e487960212160ace&oe=5EAEFFF0,2626,15,26,2,21,947,True
2018-09-25T00:09:09+0000,904277726319518_271695130139963,ato nacional fernando haddad educacao ciencia tecnologia haddadpresidente,ato nacional fh educacao ciencia tecnologia hp,1409,added_video,https://scontent-gru1-1.xx.fbcdn.net/v/t15.5256-10/38971449_271713176804825_4606729965470220288_n.jpg?_nc_cat=108&_nc_sid=ad6a45&_nc_ohc=GC-WhFWarSEAX_hVpf7&_nc_ht=scontent-gru1-1.xx&oh=d4b09c5d94ac6034adbb62d16222ebd4&oe=5EAE1C89,4464,36,61,3,34,1553,True
2018-09-24T23:32:55+0000,904277726319518_2153878694644649,ato nacional fernando haddad educacao ciencia tecnologia haddadpresidente,ato nacional fh educacao ciencia tecnologia hp,565,added_video,https://scontent-gru2-2.xx.fbcdn.net/v/t15.5256-10/42012686_2153898924642626_6556965256126529536_n.jpg?_nc_cat=105&_nc_sid=ad6a45&_nc_ohc=23NQHLs7ehQAX-i4vcS&_nc_ht=scontent-gru2-2.xx&oh=a96021366fe9bce8c4d2abb47305e119&oe=5EAE61FD,2694,30,41,3,11,831,True
2018-09-24T23:28:32+0000,904277726319518_2438140186203778,fernando haddad participa ato nacional defesa educacao ciencia tecnologia haddadpresidente,fh participa ato nacional defesa educacao ciencia tecnologia hp,1228,added_video,https://scontent-gru1-1.xx.fbcdn.net/v/t15.5256-10/40708190_2438166262867837_658539853662650368_n.jpg?_nc_cat=103&_nc_sid=ad6a45&_nc_ohc=dRFCyl8PZAgAX-Vu1L_&_nc_ht=scontent-gru1-1.xx&oh=5a66c3bc17eed056e37a80c13aaab1e0&oe=5EAC63EB,3980,27,49,3,24,1389,True
2018-09-24T21:17:41+0000,904277726319518_692123584492183,fernando haddad candidato lula presidencia conversa blogueiros haddadpresidente,fh candidato lula presidencia conversa blogueiros hp,1753,added_video,https://scontent-gru2-1.xx.fbcdn.net/v/t15.5256-10/38971213_692176561153552_7726380710755303424_n.jpg?_nc_cat=107&_nc_sid=ad6a45&_nc_ohc=cTg9ihZlcrIAX-3lG08&_nc_ht=scontent-gru2-1.xx&oh=719504f03ae3b69f2dd4ae5e24fd2aad&oe=5EAD74EB,4585,65,33,5,50,1816,True
2018-09-24T17:43:16+0000,904277726319518_354828185258147,primeiro turno chegando seguimos fortes campanha vote haddadpresidente,primeiro turno chegando seguimos fortes campanha vote hp,3283,added_video,https://scontent-gru2-1.xx.fbcdn.net/v/t15.5256-10/38982275_354828275258138_1134908312983175168_n.jpg?_nc_cat=107&_nc_sid=ad6a45&_nc_ohc=k55j4l4Me_YAX_0gKW1&_nc_ht=scontent-gru2-1.xx&oh=edc20f5f0d51988b07bc4a51dee3e4bf&oe=5EAC54CD,4832,26,38,0,11,777,True
2018-09-24T16:30:00+0000,904277726319518_1695530877240860,recife caruaru pernambuco ajuda povo certeza trabalharemos transformar brasil novamente vote haddadpresidente,recife caruaru pernambuco ajuda povo certeza trabalharemos transformar brasil novamente vote hp,11047,added_video,https://scontent-gru2-2.xx.fbcdn.net/v/t15.5256-10/38970020_1695535973907017_4523278424491425792_n.jpg?_nc_cat=106&_nc_sid=ad6a45&_nc_ohc=ASIiP9DmPlYAX9QIZWm&_nc_ht=scontent-gru2-2.xx&oh=a51218d9a8bdf3771dc7e1628519d18e&oe=5EAF9CBB,10566,74,64,1,28,1227,True
2018-09-24T15:53:20+0000,904277726319518_2531576550401912,coletiva fernando haddad imprensa curitiba apos visita expresidente lula haddadpresidente,coletiva fh imprensa curitiba apos visita expresidente lula hp,1571,added_video,https://scontent-gru2-2.xx.fbcdn.net/v/t15.5256-10/40566457_2531587447067489_5552932112845242368_n.jpg?_nc_cat=106&_nc_sid=ad6a45&_nc_ohc=_4pyoezW_QQAX98XwbZ&_nc_ht=scontent-gru2-2.xx&oh=fbbe98a41080e29fa8e2b8c003fd2e0b&oe=5EAE19A3,4157,23,40,5,31,1394,True
2018-09-24T12:17:41+0000,904277726319518_1952480261499254,bom dia vamos comecar dia visita presidente lula curitiba sp hoje noite ato nacional defesa educacao ciencia tecnologia haddadpresidente,bom dia vamos comecar dia visita presidente lula curitiba sp hoje noite ato nacional defesa educacao ciencia tecnologia hp,580,added_photos,https://scontent-gru1-1.xx.fbcdn.net/v/t1.0-9/s720x720/42432865_1952480248165922_5174566762745692160_n.jpg?_nc_cat=101&_nc_sid=110474&_nc_ohc=DEs1Qjk6NTkAX_839rG&_nc_ht=scontent-gru1-1.xx&_nc_tp=7&oh=887595011e4548cc4266ebe73bd49943&oe=5EAEE420,3215,17,21,0,7,338,True
2018-09-23T21:30:15+0000,904277726319518_1951572198256727,curta compartilhe redes ajude fortalecer campanha haddadpresidente,curta compartilhe redes ajude fortalecer campanha hp,934,added_photos,https://scontent-gru1-1.xx.fbcdn.net/v/t1.0-9/s720x720/42353729_1951572164923397_3618123807845253120_o.jpg?_nc_cat=108&_nc_sid=8024bb&_nc_ohc=lKAmHDuy4RMAX_KIYLc&_nc_ht=scontent-gru1-1.xx&_nc_tp=7&oh=0bdf0352da80128fcef22474149207c0&oe=5EAECEA8,2607,15,27,0,10,325,True
2018-09-23T20:30:00+0000,904277726319518_2134711920178810,sobre parceria deu origem maior expansao vagas ensino superior brasileiro assista compartilhe ultimo tres episodios lulaehaddad haddadpresidente,sobre parceria deu origem maior expansao vagas ensino superior brasileiro assista compartilhe ultimo tres episodios lulaefh hp,1260,added_video,https://scontent-gru2-2.xx.fbcdn.net/v/t15.5256-10/41552352_2134736326843036_7680747709732487168_n.jpg?_nc_cat=106&_nc_sid=ad6a45&_nc_ohc=-2-ekunHvHoAX9IgDWj&_nc_ht=scontent-gru2-2.xx&oh=94b49fda9c99ca545a7507c24497766f&oe=5EAF36DB,2397,15,29,2,10,486,True
2018-09-23T18:18:19+0000,904277726319518_327285594501379,vamos voltar ter paz desenvolvimento progresso liberdade inclusao nesse pais trabalho educacao todos assim constroi nacao assim vamos retomar brasil brasileiros veja passagem minas gerais vote,vamos voltar ter paz desenvolvimento progresso liberdade inclusao nesse pais trabalho educacao todos assim constroi nacao assim vamos retomar brasil brasileiros veja passagem minas gerais vote,4238,added_video,https://scontent-gru2-1.xx.fbcdn.net/v/t15.13418-10/40511762_257150981808268_847327834102824960_n.jpg?_nc_cat=109&_nc_sid=ad6a45&_nc_ohc=jI_Yvx6PX8YAX8ReIFN&_nc_ht=scontent-gru2-1.xx&oh=d5b15996e2bdcd32bd0045de2f5da4f1&oe=5EAC234F,9119,177,57,11,84,959,True
2018-09-23T15:19:05+0000,904277726319518_2043751069268628,fernando haddad candidato lula vai petrolina juazeiro encontrar rio sao francisco rui costa paulo camara wellington dias humberto costa jaques wagner,fh candidato lula vai petrolina juazeiro encontrar rio sao francisco rui costa paulo camara wellington dias humberto costa jaques wagner,881,added_video,https://scontent-gru2-2.xx.fbcdn.net/v/t15.5256-10/38983107_2043756182601450_8563072281687883776_n.jpg?_nc_cat=102&_nc_sid=ad6a45&_nc_ohc=XAXLctjZFM4AX8O9ORt&_nc_ht=scontent-gru2-2.xx&oh=fa2b83fe6a2459765530119f4a881bbf&oe=5EADD64C,3076,24,31,1,25,761,True
2018-09-23T14:59:16+0000,904277726319518_1550976038335243,fernando haddad candidato lula vai petrolina juazeiro encontrar rio sao francisco rui costa paulo camara wellington dias humberto costa jaques wagner,fh candidato lula vai petrolina juazeiro encontrar rio sao francisco rui costa paulo camara wellington dias humberto costa jaques wagner,2376,added_video,https://scontent-gru1-1.xx.fbcdn.net/v/t15.5256-10/40283911_1550995961666584_1904108763531444224_n.jpg?_nc_cat=110&_nc_sid=ad6a45&_nc_ohc=cBjan5yuDXwAX8S2WI7&_nc_ht=scontent-gru1-1.xx&oh=dd167d952c62d37e09df354cb57cebbd&oe=5EAC2017,4811,44,36,4,41,1252,True
2018-09-23T13:30:09+0000,904277726319518_246689229379651,fernando haddad candidato lula vai petrolina juazeiro encontrar rio sao francisco rui costa paulo camara wellington dias humberto costa jaques wagner,fh candidato lula vai petrolina juazeiro encontrar rio sao francisco rui costa paulo camara wellington dias humberto costa jaques wagner,1725,added_video,https://scontent-gru1-1.xx.fbcdn.net/v/t15.5256-10/38970341_246690522712855_6951700637851582464_n.jpg?_nc_cat=108&_nc_sid=ad6a45&_nc_ohc=s5Js3q_ITLcAX90QSRk&_nc_ht=scontent-gru1-1.xx&oh=7f94c5ef10a2209409734eefbe323c3f&oe=5EAEF293,4458,46,38,2,180,1136,True
2018-09-23T13:05:38+0000,904277726319518_462429264265608,fernando haddad candidato lula petrolina juazeiro abraco rio sao francisco caminhada haddadpresidente rui costa paulo camara wellington dias humberto costa jaques wagner,fh candidato lula petrolina juazeiro abraco rio sao francisco caminhada hp rui costa paulo camara wellington dias humberto costa jaques wagner,2586,added_video,https://scontent-gru2-2.xx.fbcdn.net/v/t15.5256-10/40215466_462435014265033_3820138659764502528_n.jpg?_nc_cat=100&_nc_sid=ad6a45&_nc_ohc=IGCBqmhii2IAX_C8eNl&_nc_ht=scontent-gru2-2.xx&oh=2d5a1769b770b2768233c193986e8d0a&oe=5EAF2BC4,5013,42,60,6,82,1677,True
2018-09-22T23:39:33+0000,904277726319518_337175407052694,entrevista ana estela haddad professora universitaria esposa fernando haddad,entrevista ana estela fh professora universitaria esposa fh,2199,added_video,https://scontent-gru1-1.xx.fbcdn.net/v/t15.5256-10/41057742_337181950385373_4764396539869134848_n.jpg?_nc_cat=103&_nc_sid=ad6a45&_nc_ohc=5FTCWHLi5V0AX-RNEJG&_nc_ht=scontent-gru1-1.xx&oh=7dff0eae82f42a9ec6218f20ba4cd4d4&oe=5EADA976,3841,40,30,0,25,1641,True
2018-09-22T23:36:00+0000,904277726319518_319264182172875,programas sociais mulher sempre considerada chefe familia vamos trabalhar fazer ainda todas mulheres brasil vote haddadpresidente,programas sociais mulher sempre considerada chefe familia vamos trabalhar fazer ainda todas mulheres brasil vote hp,3975,added_video,https://scontent-gru2-1.xx.fbcdn.net/v/t15.5256-10/40636332_319269885505638_6072780420183752704_n.jpg?_nc_cat=109&_nc_sid=ad6a45&_nc_ohc=_8QAen0yTC8AX_Mfi8A&_nc_ht=scontent-gru2-1.xx&oh=212f5736d3051000514d38598e8cc6b5&oe=5EAD1A73,5685,28,45,1,15,1113,True
2018-09-22T22:04:06+0000,904277726319518_2188080528184784,nao irao prender ideias seguiremos fortes nesta caminhada vote haddadpresidente,nao irao prender ideias seguiremos fortes nesta caminhada vote hp,2559,added_video,https://scontent-gru1-1.xx.fbcdn.net/v/t15.13418-10/41424989_2007830812841319_6943801209446727680_n.jpg?_nc_cat=104&_nc_sid=ad6a45&_nc_ohc=00rq3jpNeiMAX9MeB4X&_nc_ht=scontent-gru1-1.xx&oh=7fcdf2db463ea9ba01ca212eacce67dc&oe=5EAC5C18,3531,17,37,0,3,607,True
2018-09-22T20:32:10+0000,904277726319518_2430898870284133,campanha haddadpresidente chega caruaru pe,campanha hp chega caruaru pe,1729,added_video,https://scontent-gru1-1.xx.fbcdn.net/v/t15.5256-10/40553662_2430933326947354_2160262318166900736_n.jpg?_nc_cat=101&_nc_sid=ad6a45&_nc_ohc=tTn6VAVFQpMAX9wyg8W&_nc_ht=scontent-gru1-1.xx&oh=895404262c1d93e23f707f9947a81db1&oe=5EAD1D87,4893,40,80,3,27,1750,True
2018-09-22T19:00:00+0000,904277726319518_311196966129596,estao fazendo lula barbaridade historia vai cobrar lulalivreja assista compartilhe segundo tres episodios haddadpresidente,estao fazendo lula barbaridade historia vai cobrar lulalivreja assista compartilhe segundo tres episodios hp,1507,added_video,https://scontent-gru1-1.xx.fbcdn.net/v/t15.5256-10/38967779_311200479462578_5925765489232969728_n.jpg?_nc_cat=108&_nc_sid=ad6a45&_nc_ohc=IgR8HOYdBCcAX9QIZnv&_nc_ht=scontent-gru1-1.xx&oh=61af52f732486239f03e50b316e1b06e&oe=5EAE9FF9,2381,48,10,287,13,424,True
2018-09-22T18:21:59+0000,904277726319518_1950236288390318,recife lulalivre haddadpresidente vamos reconciliar brasil vote,recife lulalivre hp vamos reconciliar brasil vote,4368,added_photos,https://scontent-gru2-2.xx.fbcdn.net/v/t1.0-9/s720x720/42289763_1950236205056993_8784666811472805888_n.jpg?_nc_cat=105&_nc_sid=110474&_nc_ohc=dVGS5FRAHfYAX-jalgF&_nc_ht=scontent-gru2-2.xx&_nc_tp=7&oh=15588f22fb2f4a9244cbfc5f65265ab7&oe=5EAFFA69,9538,39,192,1,14,2166,True
2018-09-22T16:43:26+0000,904277726319518_2062608784052401,fernando haddad candidato lula manuela davila senador humberto costa governador paulo camara haddadpresidente recife,fh candidato lula manuela davila senador humberto costa governador paulo camara hp recife,721,added_video,https://scontent-gru2-2.xx.fbcdn.net/v/t15.5256-10/40621527_2062613957385217_8057971500474433536_n.jpg?_nc_cat=102&_nc_sid=ad6a45&_nc_ohc=NVVJafcG2LoAX-_meAx&_nc_ht=scontent-gru2-2.xx&oh=8c65410d5d0c311e87d96eaef79d5965&oe=5EAE8ABE,2824,18,28,1,10,752,True
2018-09-22T16:03:22+0000,904277726319518_666449920394223,fernando haddad candidato lula manuela davila senador humberto costa governador paulo camara haddadpresidente recife,fh candidato lula manuela davila senador humberto costa governador paulo camara hp recife,1390,added_video,https://scontent-gru2-1.xx.fbcdn.net/v/t15.5256-10/40373497_666467897059092_1007825260101238784_n.jpg?_nc_cat=107&_nc_sid=ad6a45&_nc_ohc=Hx8nPqWGrw4AX9lIaxY&_nc_ht=scontent-gru2-1.xx&oh=753d1da22cd3bd8264766e603db7731c&oe=5EAC1D1B,4334,53,44,7,52,1277,True
2018-09-22T15:48:18+0000,904277726319518_258266428362172,fernando haddad candidato lula manuela davila senador humberto costa governador paulo camara haddadpresidente recife,fh candidato lula manuela davila senador humberto costa governador paulo camara hp recife,909,added_video,https://scontent-gru2-1.xx.fbcdn.net/v/t15.5256-10/38981895_258269295028552_6935216364390973440_n.jpg?_nc_cat=107&_nc_sid=ad6a45&_nc_ohc=bl5L80d_EmkAX-8eoqV&_nc_ht=scontent-gru2-1.xx&oh=20341c37ff61345f847e43577d304985&oe=5EAD4963,3018,19,42,1,15,952,True
2018-09-22T14:32:50+0000,904277726319518_327018744542474,sobre relacao lulahaddad comeco relacao transformou milhares vidas brasileiras assista compartilhe primeiro tres episodios haddadpresidente,sobre relacao lulafh comeco relacao transformou milhares vidas brasileiras assista compartilhe primeiro tres episodios hp,12142,added_video,https://scontent-gru1-1.xx.fbcdn.net/v/t15.13418-10/38981561_283091515643451_8625994909783949312_n.jpg?_nc_cat=101&_nc_sid=ad6a45&_nc_ohc=BkCj9_nj0c0AX9j_uuM&_nc_ht=scontent-gru1-1.xx&oh=316de8556b27ff3629e7e930f887d921&oe=5EADF05A,53220,448,250,36,283,5795,True
2018-09-22T00:58:10+0000,904277726319518_2102768790051986,fernando haddad candidato lula fernando pimentel governador presidenta dilma rousseff montes claros minas gerais haddadpresidente,fh candidato lula fh pimentel governador presidenta dilma rousseff montes claros minas gerais hp,2356,added_video,https://scontent-gru1-1.xx.fbcdn.net/v/t15.5256-10/38983141_2102769766718555_2305018401262665728_n.jpg?_nc_cat=101&_nc_sid=ad6a45&_nc_ohc=z6Zr0acowWMAX_85xCf&_nc_ht=scontent-gru1-1.xx&oh=2fc5c65f2e6507b41c4de11b0731e2e2&oe=5EAC9C41,4427,71,75,6,121,1309,True
2018-09-22T00:16:02+0000,904277726319518_176952119808170,fernando haddad candidato lula fernando pimentel governador presidenta dilma rousseff montes claros minas gerais haddadpresidente,fh candidato lula fh pimentel governador presidenta dilma rousseff montes claros minas gerais hp,2375,added_video,https://scontent-gru2-1.xx.fbcdn.net/v/t15.5256-10/38974348_176970963139619_229643242663051264_n.jpg?_nc_cat=111&_nc_sid=ad6a45&_nc_ohc=XaancwL3tNEAX_RmPlm&_nc_ht=scontent-gru2-1.xx&oh=d7ee0befc9e5f996e348b52d802f76de&oe=5EAF0A45,5845,270,85,35,1454,2082,True
2018-09-21T20:13:49+0000,904277726319518_304270657029225,fernando haddad candidato lula pimentel governador dilma senado betim minas gerais haddadpresidente,fh candidato lula pimentel governador dilma senado betim minas gerais hp,1177,added_video,https://scontent-gru2-2.xx.fbcdn.net/v/t15.5256-10/38946046_304282200361404_5672389099105812480_n.jpg?_nc_cat=106&_nc_sid=ad6a45&_nc_ohc=-bZt2lvgWEkAX8xXPpr&_nc_ht=scontent-gru2-2.xx&oh=647a0d5658553b2da423e5b47268027a&oe=5EAF4612,3595,41,56,2,43,1189,True
2018-09-21T20:00:00+0000,904277726319518_253974445308603,voce lembra lula haddad governo compartilhe marque amigos vida transformada epoca educacao considerada investimento nao gasto vote,voce lembra lula fh governo compartilhe marque amigos vida transformada epoca educacao considerada investimento nao gasto vote,1283,added_video,https://scontent-gru1-1.xx.fbcdn.net/v/t15.5256-10/38970120_253982131974501_2217058145350451200_n.jpg?_nc_cat=110&_nc_sid=ad6a45&_nc_ohc=Padj2K10AbwAX8rjyrT&_nc_ht=scontent-gru1-1.xx&oh=4be66d5e9fa83531a68d7ce3d756a2bc&oe=5EAF6501,1750,22,22,0,11,286,True
2018-09-21T16:05:02+0000,904277726319518_1917790338525762,fernando haddad candidato lula fernando pimentel dilma rousseff ouro preto haddadpresidente,fh candidato lula fh pimentel dilma rousseff ouro preto hp,1629,added_video,https://scontent-gru1-1.xx.fbcdn.net/v/t15.5256-10/38991272_1917808715190591_1488371764823064576_n.jpg?_nc_cat=104&_nc_sid=ad6a45&_nc_ohc=9tJK8tUwEuUAX9s2bA3&_nc_ht=scontent-gru1-1.xx&oh=3ee633d340fdaaf3a4781e7ab25c870c&oe=5EACED10,3620,30,40,4,108,1080,True
2018-09-21T15:53:28+0000,904277726319518_2115668838526533,fernando haddad candidato lula fernando pimentel dilma rousseff ouro preto haddadpresidente,fh candidato lula fh pimentel dilma rousseff ouro preto hp,1207,added_video,https://scontent-gru2-2.xx.fbcdn.net/v/t15.5256-10/38969052_2115682375191846_5107063083877007360_n.jpg?_nc_cat=100&_nc_sid=ad6a45&_nc_ohc=LROgwZBOVJYAX-habfB&_nc_ht=scontent-gru2-2.xx&oh=c93e33d55ada340f1fd4bb91916a1652&oe=5EAD0F4D,2752,15,42,0,36,750,True
2018-09-21T15:41:05+0000,904277726319518_2348945248455847,fernando haddad candidato lula fernando pimentel dilma rousseff ouro preto haddadpresidente,fh candidato lula fh pimentel dilma rousseff ouro preto hp,668,added_video,https://scontent-gru1-1.xx.fbcdn.net/v/t15.5256-10/40233423_2348957121787993_8746125072038625280_n.jpg?_nc_cat=110&_nc_sid=ad6a45&_nc_ohc=oT4XJM7eAGYAX-e3zHc&_nc_ht=scontent-gru1-1.xx&oh=a2e965391827b5107ce4aa173c403b1a&oe=5EAC3DF5,2326,8,26,3,18,725,True
2018-09-21T13:30:08+0000,904277726319518_239771856886867,vamos recuperar confianca povo pobre dia outubro vamos comecar fazer brasil feliz novo vote,vamos recuperar confianca povo pobre dia outubro vamos comecar fazer bfn vote,7044,added_video,https://scontent-gru2-1.xx.fbcdn.net/v/t15.5256-10/38964993_239772993553420_2944687714814918656_n.jpg?_nc_cat=111&_nc_sid=ad6a45&_nc_ohc=R9hGOzHUlpEAX-faMF_&_nc_ht=scontent-gru2-1.xx&oh=e20e8c6bab305c76ab55babbb88cc998&oe=5EACFEEC,10447,101,38,4,37,980,True
2018-09-21T00:31:34+0000,904277726319518_275588723055381,fernando haddad candidato lula presidencia participa debate aparecida,fh candidato lula presidencia participa debate aparecida,3903,added_video,https://scontent-gru1-1.xx.fbcdn.net/v/t15.5256-10/41522249_275651056382481_1923235025994645504_n.jpg?_nc_cat=103&_nc_sid=ad6a45&_nc_ohc=V6NX4Y6NrlIAX-bzaTS&_nc_ht=scontent-gru1-1.xx&oh=42fc39e492ae4553010c0a124060e983&oe=5EADEB38,6634,123,68,24,750,2630,True
2018-09-20T23:35:00+0000,904277726319518_2278183995761158,brasil ja respeito la economia fortes mundo vamos trabalhar fazer economia girar trazer emprego oportunidades todos brasileiros vote haddadpresidente,brasil ja respeito la economia fortes mundo vamos trabalhar fazer economia girar trazer emprego oportunidades todos brasileiros vote hp,7165,added_video,https://scontent-gru2-2.xx.fbcdn.net/v/t15.5256-10/40730843_2278190189093872_755263470651310080_n.jpg?_nc_cat=105&_nc_sid=ad6a45&_nc_ohc=Ovqs9zkX1ugAX80Iz7f&_nc_ht=scontent-gru2-2.xx&oh=d5e2301985ce7abd1ec76a237c30abbc&oe=5EAC4792,8145,79,51,3,37,1139,True
2018-09-20T22:09:17+0000,904277726319518_2338483816166868,orgulho ter feito parte governo lula juntos promovemos verdadeira transformacao educacao,orgulho ter feito parte governo lula juntos promovemos verdadeira transformacao educacao,5611,added_video,https://scontent-gru2-1.xx.fbcdn.net/v/t15.5256-10/38961383_2338492362832680_1391131291470004224_n.jpg?_nc_cat=111&_nc_sid=ad6a45&_nc_ohc=waiRNEoi7TAAX8ltr2T&_nc_ht=scontent-gru2-1.xx&oh=59d8b7fa4eff112d4f6f3bec79def193&oe=5EAD6D3C,8594,112,33,2,27,806,True
2018-09-20T19:29:01+0000,904277726319518_239105916953894,campanha passou sao mateus guarulhos recebeu apoio povo paulista seguirmos cada vez fortes luta brasil melhor vote,campanha passou sao mateus guarulhos recebeu apoio povo paulista seguirmos cada vez fortes luta brasil melhor vote,9666,added_video,https://scontent-gru1-1.xx.fbcdn.net/v/t15.5256-10/38961803_239108470286972_5482940896292896768_n.jpg?_nc_cat=101&_nc_sid=ad6a45&_nc_ohc=n4xlk80yysgAX-Wt30Q&_nc_ht=scontent-gru1-1.xx&oh=f6e6eb261543ad6d1afa237967316031&oe=5EAF27A5,14593,90,38,2,43,975,True
2018-09-20T18:28:10+0000,904277726319518_265903004251462,haddad candidato lula visita parque tecnologico sao jose campos haddadpresidente,fh candidato lula visita parque tecnologico sao jose campos hp,1017,added_video,https://scontent-gru2-2.xx.fbcdn.net/v/t15.5256-10/38974161_265911150917314_1934625137529716736_n.jpg?_nc_cat=100&_nc_sid=ad6a45&_nc_ohc=E79ufUo6_eoAX_QXj_g&_nc_ht=scontent-gru2-2.xx&oh=322a47b30c1f90ffbab6ac00bb3273b5&oe=5EAD730F,2907,15,23,0,33,684,True
2018-09-20T18:14:50+0000,904277726319518_531697130634817,haddad candidato lula visita parque tecnologico sao jose campos haddadpresidente,fh candidato lula visita parque tecnologico sao jose campos hp,441,added_video,https://scontent-gru2-1.xx.fbcdn.net/v/t15.5256-10/38967908_531697220634808_7064245282271133696_n.jpg?_nc_cat=111&_nc_sid=ad6a45&_nc_ohc=GpuY-RgJU4cAX_D7Tnq&_nc_ht=scontent-gru2-1.xx&oh=ce4b4a8034665e6dcf65766af1631fa2&oe=5EAFDEC5,1752,6,24,1,16,407,True
2018-09-20T17:53:58+0000,904277726319518_181174719366122,haddad candidato lula visita parque tecnologico sao jose campos haddadpresidente,fh candidato lula visita parque tecnologico sao jose campos hp,457,added_video,https://scontent-gru2-2.xx.fbcdn.net/v/t15.5256-10/38984408_181180242698903_6959974084893474816_n.jpg?_nc_cat=102&_nc_sid=ad6a45&_nc_ohc=N1dBkIb-SVMAX9-EJZp&_nc_ht=scontent-gru2-2.xx&oh=3e311d8f865050b954a94e777428e630&oe=5EADCE59,1819,6,21,0,13,592,True
2018-09-20T17:39:47+0000,904277726319518_2413676081983456,haddad candidato lula visita parque tecnologico sao jose campos haddadpresidente,fh candidato lula visita parque tecnologico sao jose campos hp,1353,added_video,https://scontent-gru2-1.xx.fbcdn.net/v/t15.5256-10/40247012_2413678908649840_4907371590221561856_n.jpg?_nc_cat=109&_nc_sid=ad6a45&_nc_ohc=wJB2K9PxE8EAX_rTaSp&_nc_ht=scontent-gru2-1.xx&oh=e94baa531f034932d79ff31960a43f77&oe=5EAE4F63,3406,16,26,3,17,1076,True
2018-09-20T16:30:01+0000,904277726319518_1887772687980527,reforma bancaria vai abaixar taxa juros deixala justa vote,reforma bancaria vai abaixar taxa juros deixala justa vote,2882,added_video,https://scontent-gru1-1.xx.fbcdn.net/v/t15.5256-10/38971135_1887775431313586_618230640696885248_n.jpg?_nc_cat=110&_nc_sid=ad6a45&_nc_ohc=mFarVZsEBhMAX821ZXz&_nc_ht=scontent-gru1-1.xx&oh=ed2e02a40a10d90a1e48eeed247559f5&oe=5EAE6A29,7095,66,34,0,20,465,True
2018-09-20T03:29:44+0000,904277726319518_547023345750341,fernando haddad candidato presidencia participa entrevista jornal globo,fh candidato presidencia participa entrevista jornal globo,5512,added_video,https://scontent-gru2-1.xx.fbcdn.net/v/t15.5256-10/40637393_547045695748106_4598697242755334144_n.jpg?_nc_cat=107&_nc_sid=ad6a45&_nc_ohc=lLhcKFulgaUAX9bvyge&_nc_ht=scontent-gru2-1.xx&oh=5bc5b881010afa49787e0d8662dab821&oe=5EAE52FA,9029,133,225,10,199,4929,True
2018-09-19T23:49:27+0000,904277726319518_320158325415843,itajai florianopolis santa catarina bem recebido povo catarinense vamos trabalhar levar oportunidades gente talento la todo brasil vote,itajai florianopolis santa catarina bem recebido povo catarinense vamos trabalhar levar oportunidades gente talento la todo brasil vote,26556,added_video,https://scontent-gru1-1.xx.fbcdn.net/v/t15.5256-10/38981363_320160055415670_1478805571279781888_n.jpg?_nc_cat=101&_nc_sid=ad6a45&_nc_ohc=VK1Gc8lWA5YAX-4_6a9&_nc_ht=scontent-gru1-1.xx&oh=99bafb289ff870ba42c1bbf08166872e&oe=5EAD9CDA,33314,344,76,14,113,2421,True
2018-09-19T19:15:31+0000,904277726319518_1946379265442687,hoje visitamos sao mateus sao paulo guarulhos regiao metropolitana capital paulista conversamos sobre desmandos governo atual sobre plano tirar brasil crise nao nada revolucionario vida pessoa oportunidade trabalho educar meta vote fotos ricardo stuckert,hoje visitamos sao mateus sao paulo guarulhos regiao metropolitana capital paulista conversamos sobre desmandos governo atual sobre plano tirar brasil crise nao nada revolucionario vida pessoa oportunidade trabalho educar meta vote fotos ricardo stuckert,325,added_photos,https://scontent-gru2-2.xx.fbcdn.net/v/t1.0-9/s720x720/42095887_1946378832109397_4930603781290196992_n.jpg?_nc_cat=105&_nc_sid=110474&_nc_ohc=VlLXSDRMauUAX_-C4l5&_nc_ht=scontent-gru2-2.xx&_nc_tp=7&oh=db68051b5a7d59b19e58bc0bc2de2c90&oe=5EAD4ED5,2102,12,24,0,9,320,True
2018-09-19T17:00:01+0000,904277726319518_953605414831748,governo criara programa brasil online preve investimentos garantir universalizacao banda larga barata acessivel todos todas vote,governo criara programa brasil online preve investimentos garantir universalizacao banda larga barata acessivel todos todas vote,790,added_video,https://scontent-gru1-1.xx.fbcdn.net/v/t15.13418-10/40583730_458672424654177_438334853172166656_n.jpg?_nc_cat=108&_nc_sid=ad6a45&_nc_ohc=IH2vX053xMoAX9rOqVf&_nc_ht=scontent-gru1-1.xx&oh=edaa96abdbbacba85ea02780300b450f&oe=5EAE5289,2222,7,40,0,6,339,True
2018-09-19T16:29:27+0000,904277726319518_1807930192587529,fernando haddad candidato lula visita guarulhos haddadpresidente,fh candidato lula visita guarulhos hp,1359,added_video,https://scontent-gru2-2.xx.fbcdn.net/v/t15.5256-10/38978387_1807946305919251_8626866899814187008_n.jpg?_nc_cat=106&_nc_sid=ad6a45&_nc_ohc=CYBvQ5CvLJEAX_N8MaH&_nc_ht=scontent-gru2-2.xx&oh=2a1a2d081cfb580c558a4d363f0115de&oe=5EADFD80,3987,47,51,3,86,1146,True
2018-09-19T15:44:16+0000,904277726319518_702012006863929,fernando haddad candidato lula visita guarulhos haddadpresidente,fh candidato lula visita guarulhos hp,2201,added_video,https://scontent-gru1-1.xx.fbcdn.net/v/t15.5256-10/38961148_702026043529192_5158106322058608640_n.jpg?_nc_cat=101&_nc_sid=ad6a45&_nc_ohc=VYj7HpPvLYsAX_0SbZb&_nc_ht=scontent-gru1-1.xx&oh=752cb1900895bf99dd3eda1a521df167&oe=5EAE1B14,5595,41,62,4,63,1651,True
2018-09-19T13:50:19+0000,904277726319518_238158950186571,fernando haddad candidato lula visita sao mateus zona leste sao paulo haddadpresidente,fh candidato lula visita sao mateus zona leste sao paulo hp,2180,added_video,https://scontent-gru2-2.xx.fbcdn.net/v/t15.5256-10/38958883_238180886851044_4946547262533664768_n.jpg?_nc_cat=100&_nc_sid=ad6a45&_nc_ohc=p_jsRLpk80sAX_beUfK&_nc_ht=scontent-gru2-2.xx&oh=54c96a5f34638534e585388e4af46379&oe=5EAF8992,4872,59,171,5,203,1690,True
2018-09-18T23:39:04+0000,904277726319518_2142521612733887,fernando haddad candidato presidencia fala sobre economia geracao empregos haddadpresidente,fh candidato presidencia fala sobre economia geracao empregos hp,2036,added_video,https://scontent-gru2-1.xx.fbcdn.net/v/t15.5256-10/41384834_2142533836065998_2904158599523598336_n.jpg?_nc_cat=109&_nc_sid=ad6a45&_nc_ohc=onMAK1hxwacAX-tjDIT&_nc_ht=scontent-gru2-1.xx&oh=c3db66aca9d238bca298bab65628aed2&oe=5EAF950F,3533,24,49,2,44,1302,True
2018-09-18T23:30:00+0000,904277726319518_310417743069206,conheca compartilhe historia juntos vamos reconstruir pais retomar brasil brasileiros vote,conheca compartilhe historia juntos vamos reconstruir pais retomar brasil brasileiros vote,4809,added_video,https://scontent-gru1-1.xx.fbcdn.net/v/t15.5256-10/38953002_310418346402479_9035021524603502592_n.jpg?_nc_cat=101&_nc_sid=ad6a45&_nc_ohc=bUKXhGVhMgUAX8PGgnA&_nc_ht=scontent-gru1-1.xx&oh=9e482928df01ddebc45cca54a52039ac&oe=5EAE6DA6,4828,37,79,3,24,1158,True
2018-09-18T22:40:00+0000,904277726319518_264405660867306,contribua campanha fernando haddad ajude fazer brasil feliz novo doe wwwhaddadpresidentecombrdoe haddadpresidente,contribua campanha fh ajude fazer bfn doe wwwhpcombrdoe hp,4062,added_video,https://scontent-gru2-2.xx.fbcdn.net/v/t15.5256-10/38973847_264406090867263_5171166780734832640_n.jpg?_nc_cat=102&_nc_sid=ad6a45&_nc_ohc=BMkGuc5_dmoAX81NS8D&_nc_ht=scontent-gru2-2.xx&oh=4fbfb13d681df1f7ef3b57f48d7d9c81&oe=5EAD5A49,6170,198,25,2,46,675,True
2018-09-18T22:13:54+0000,904277726319518_167574754108465,grande ato haddadpresidente florianopolis fernando haddad manuela decio lima candidato governo estado santa catarina,grande ato hp florianopolis fh manuela decio lima candidato governo estado santa catarina,2339,added_video,https://scontent-gru2-1.xx.fbcdn.net/v/t15.5256-10/38969775_167584700774137_9051860128571064320_n.jpg?_nc_cat=109&_nc_sid=ad6a45&_nc_ohc=9Thf3bW3eH4AX_5o72D&_nc_ht=scontent-gru2-1.xx&oh=b4a30fc93671573f075e555b765cb26a&oe=5EAD515B,4797,32,40,2,62,1680,True
2018-09-18T20:13:49+0000,904277726319518_327171724716573,coletiva imprensa fernando haddad candidato lula decio lima florianopolis haddadpresidente,coletiva imprensa fh candidato lula decio lima florianopolis hp,1260,added_video,https://scontent-gru1-1.xx.fbcdn.net/v/t15.5256-10/38978411_327194654714280_4127541469277847552_n.jpg?_nc_cat=110&_nc_sid=ad6a45&_nc_ohc=7GTdbAKArUcAX-zKBeP&_nc_ht=scontent-gru1-1.xx&oh=5a2e6bf8e97e7ed5c7e777ec4bfe9346&oe=5EACCACE,3721,32,17,4,80,1324,True
2018-09-18T19:09:21+0000,904277726319518_521918678233252,amigo decio lima futuro governador santa catarina discutindo propostas estado brasil video ricardo stuckert,amigo decio lima futuro governador santa catarina discutindo propostas estado brasil video ricardo stuckert,2065,added_video,https://scontent-gru1-1.xx.fbcdn.net/v/t15.13418-10/38983022_296078464541834_7013784325690753024_n.jpg?_nc_cat=103&_nc_sid=ad6a45&_nc_ohc=qTfxsLmooKgAX8SJ2v7&_nc_ht=scontent-gru1-1.xx&oh=b4cca121ee16a707d506dd1a81270622&oe=5EAFB33C,9491,93,19,1,35,430,True
2018-09-18T16:48:24+0000,904277726319518_2261154783912395,fernando haddad recebido itajai santa catarina sindicato pescadores,fh recebido itajai santa catarina sindicato pescadores,861,added_video,https://scontent-gru2-1.xx.fbcdn.net/v/t15.5256-10/41282869_2261194443908429_8821957220775231488_n.jpg?_nc_cat=111&_nc_sid=ad6a45&_nc_ohc=HNReqbSGVZwAX_BgBhe&_nc_ht=scontent-gru2-1.xx&oh=a713bee94ab26c7bf0fb1a3185004abf&oe=5EACE0A0,2835,16,17,1,41,807,True
2018-09-18T16:00:31+0000,904277726319518_2114727325413512,fernando haddad recebido itajai santa catarina sindicato pescadores,fh recebido itajai santa catarina sindicato pescadores,1277,added_video,https://scontent-gru2-1.xx.fbcdn.net/v/t15.5256-10/38960036_2114727472080164_7394632690873401344_n.jpg?_nc_cat=111&_nc_sid=ad6a45&_nc_ohc=XdajPKaIoAwAX9Sv6kv&_nc_ht=scontent-gru2-1.xx&oh=38217638322aad8be8e90685a1cb7852&oe=5EADECD4,3058,37,21,1,18,1158,True
2018-09-18T11:03:34+0000,904277726319518_715410732171830,fernando haddad candidato lula entrevista radio cbn haddadpresidente haddadnacbn,fh candidato lula entrevista radio cbn hp fhnacbn,3567,added_video,https://scontent-gru1-1.xx.fbcdn.net/v/t15.5256-10/38990688_715442428835327_7449556835733864448_n.jpg?_nc_cat=110&_nc_sid=ad6a45&_nc_ohc=-okCSZmSKh8AX-pmGBf&_nc_ht=scontent-gru1-1.xx&oh=e61696d04103d9c6b92a34ca030a7c8d&oe=5EACC3A8,5286,55,37,13,147,2465,True
2018-09-17T22:54:53+0000,904277726319518_1890776401004428,governo lula economia brasileira viveu melhor fase povo emprego renda poder consumo todos ganhavam brasil queremos volta vote,governo lula economia brasileira viveu melhor fase povo emprego renda poder consumo todos ganhavam brasil queremos volta vote,13897,added_video,https://scontent-gru1-1.xx.fbcdn.net/v/t15.5256-10/38969726_1890777627670972_4538829152450510848_n.jpg?_nc_cat=103&_nc_sid=ad6a45&_nc_ohc=R4jFoFJX4b4AX9n0DCo&_nc_ht=scontent-gru1-1.xx&oh=2807fa7cf96e817ed4cd05bf709670f8&oe=5EAFD08C,20034,216,47,7,59,1406,True
2018-09-17T21:22:40+0000,904277726319518_1943961975684416,vamos recuperar otimismo povo brasileiro vamos voltar ser pais oportunidades missao vote,vamos recuperar otimismo povo brasileiro vamos voltar ser pais oportunidades missao vote,3532,added_photos,https://scontent-gru1-1.xx.fbcdn.net/v/t1.0-9/s720x720/41991790_1943961945684419_1385056309337915392_n.jpg?_nc_cat=110&_nc_sid=110474&_nc_ohc=_rsra6qNsmwAX-SPaM1&_nc_ht=scontent-gru1-1.xx&_nc_tp=7&oh=1377b322b4f42cd8268274a39a7e6e83&oe=5EAEBAFD,5165,53,23,0,11,724,True
2018-09-17T20:30:00+0000,904277726319518_399151357284618,ontem av paulista sao paulo ruas democraticas pais bonito ver ambiente liberdade expressao gente todos lugares faixas sociais vote,ontem av paulista sao paulo ruas democraticas pais bonito ver ambiente liberdade expressao gente todos lugares faixas sociais vote,17759,added_video,https://scontent-gru2-1.xx.fbcdn.net/v/t15.5256-10/38971757_399152210617866_4557388719748808704_n.jpg?_nc_cat=111&_nc_sid=ad6a45&_nc_ohc=asQ9uIMaVS4AX9K6nIt&_nc_ht=scontent-gru2-1.xx&oh=c93aedeb8337d331b876599ef8fefa28&oe=5EAEDDE2,32382,318,67,3,128,1988,True
2018-09-17T19:23:59+0000,904277726319518_2217258091831104,fernando haddad candidato presidencia conta encontro lula curitiba,fh candidato presidencia conta encontro lula curitiba,1441,added_video,https://scontent-gru2-2.xx.fbcdn.net/v/t15.5256-10/38972928_2217273385162908_2789560664383815680_n.jpg?_nc_cat=100&_nc_sid=ad6a45&_nc_ohc=029XMWwpAfkAX9vsNtK&_nc_ht=scontent-gru2-2.xx&oh=817c5868b07b238177105725877ed7e9&oe=5EAE49FE,4600,91,28,7,114,1549,True
2018-09-17T14:04:47+0000,904277726319518_896738687197463,haddad candidato lula entrevista sbtfolhauol haddadpresidente,fh candidato lula entrevista sbtfolhauol hp,4493,added_video,https://scontent-gru2-1.xx.fbcdn.net/v/t15.5256-10/38959051_896743780530287_6594788215603855360_n.jpg?_nc_cat=111&_nc_sid=ad6a45&_nc_ohc=okXvjl0fNWkAX90yI-I&_nc_ht=scontent-gru2-1.xx&oh=29bff5d3bb4f5d21357a1e74f9548a34&oe=5EAE07F1,6924,47,43,1,70,2281,True
2018-09-17T13:02:26+0000,904277726319518_305024543619850,haddad candidato lula entrevista sbtfolhauol haddadpresidente,fh candidato lula entrevista sbtfolhauol hp,7388,added_video,https://scontent-gru2-1.xx.fbcdn.net/v/t15.5256-10/38968814_305056823616622_4793319528245231616_n.jpg?_nc_cat=111&_nc_sid=ad6a45&_nc_ohc=T9_gJtONOzgAX8Cm_5b&_nc_ht=scontent-gru2-1.xx&oh=2adef7d88ffdca2bbff39146bf0f071d&oe=5EAC59D9,8242,158,66,14,365,4938,True
2018-09-16T19:30:32+0000,904277726319518_539423443183203,fernando haddad candidato presidencia visita paulista aberta sao paulo,fh candidato presidencia visita paulista aberta sao paulo,2653,added_video,https://scontent-gru2-2.xx.fbcdn.net/v/t15.5256-10/38961315_539430676515813_1267607877418221568_n.jpg?_nc_cat=102&_nc_sid=ad6a45&_nc_ohc=WuPIyf2TETEAX8fkBop&_nc_ht=scontent-gru2-2.xx&oh=e450c80c98a2d12e9194fef510d155dd&oe=5EAE8E5D,6623,113,89,10,328,3265,True
2018-09-16T17:24:33+0000,904277726319518_2115408378478858,sextafeira dia muita emocao rio janeiro campanha passou rocinha cinelandia povo rj sofre aflicoes desemprego vamos reconstruir oportunidades juntos esperanca vai renascer,sextafeira dia muita emocao rio janeiro campanha passou rocinha cinelandia povo rj sofre aflicoes desemprego vamos reconstruir oportunidades juntos esperanca vai renascer,6096,added_video,https://scontent-gru2-1.xx.fbcdn.net/v/t15.5256-10/38958934_2115414325144930_3599243153086873600_n.jpg?_nc_cat=109&_nc_sid=ad6a45&_nc_ohc=k_fM46SeguEAX8NDQT6&_nc_ht=scontent-gru2-1.xx&oh=cb05bc20f3c1b9c67ffcfec454a576f4&oe=5EAF4AE4,14338,105,33,4,45,1015,True
2018-09-16T00:19:44+0000,904277726319518_1941478125932801,haddadpresidente,hp,5455,added_photos,https://scontent-gru1-1.xx.fbcdn.net/v/t1.0-9/s720x720/41814324_1941477769266170_5689559862959144960_n.jpg?_nc_cat=101&_nc_sid=110474&_nc_ohc=gMb-lFKI2UEAX-C0ULZ&_nc_ht=scontent-gru1-1.xx&_nc_tp=7&oh=1dc9566498e71ab259998c3d43831f4b&oe=5EAD5AD7,9696,197,68,3,39,2080,True
2018-09-15T23:30:12+0000,904277726319518_490709364672024,fernando haddad candidato lula presidencia republica apresenta propostas educacao,fh candidato lula presidencia republica apresenta propostas educacao,3084,added_video,https://scontent-gru1-1.xx.fbcdn.net/v/t15.5256-10/40357156_490725741337053_1570252421513347072_n.jpg?_nc_cat=110&_nc_sid=ad6a45&_nc_ohc=NOIE1hUjcGYAX87lt8B&_nc_ht=scontent-gru1-1.xx&oh=c73b5139f256df1c8c89e1ba711b1698&oe=5EB00AB0,4486,36,65,2,43,1634,True
2018-09-15T22:08:04+0000,904277726319518_2103616376554402,campanha entranhas nordeste mostrar lula representa povo nordestino povo lula superou fome saiu escuridao ser protagonista revolucao social vamos trazer brasil volta vote,campanha entranhas nordeste mostrar lula representa povo nordestino povo lula superou fome saiu escuridao ser protagonista revolucao social vamos trazer brasil volta vote,9285,added_video,https://scontent-gru2-1.xx.fbcdn.net/v/t15.5256-10/38978777_2103622689887104_5331567552789217280_n.jpg?_nc_cat=107&_nc_sid=ad6a45&_nc_ohc=joaxZuigMSUAX-uyJS7&_nc_ht=scontent-gru2-1.xx&oh=9092055eb8661ad86fc7eaa4ba6f0989&oe=5EAEE089,20881,267,67,5,68,2031,True
2018-09-15T20:49:40+0000,904277726319518_463621864120717,nao municipio brasil nao sido beneficiado ministerio educacao governo,nao municipio brasil nao sido beneficiado ministerio educacao governo,6710,added_video,https://scontent-gru2-1.xx.fbcdn.net/v/t15.5256-10/38969941_463622190787351_8078201165805780992_n.jpg?_nc_cat=111&_nc_sid=ad6a45&_nc_ohc=n8-ZpPoL4fcAX8G-5Or&_nc_ht=scontent-gru2-1.xx&oh=1d1b6175d4b2ab242ff32e1135aa01fe&oe=5EAC69AA,18786,280,63,1,58,1496,True
2018-09-15T16:45:00+0000,904277726319518_2218468014891257,povo parte solucao povo nao problema vamos fazer brasil ser feliz novo,povo parte solucao povo nao problema vamos fazer brasil ser feliz novo,35450,added_video,https://scontent-gru2-1.xx.fbcdn.net/v/t15.5256-10/38990914_2218480084890050_7869298466244001792_n.jpg?_nc_cat=109&_nc_sid=ad6a45&_nc_ohc=ZlQmIGpCZXQAX-kCxw4&_nc_ht=scontent-gru2-1.xx&oh=5ddcafce9e5cac233ba6f044d1d1a16a&oe=5EAF6C1A,59759,1146,140,19,286,4847,True
2018-09-15T16:34:06+0000,904277726319518_244416922939007,fernando haddad manuela davila rui costa jaques wagner haddadpresidente jequie bahia,fh manuela davila rui costa jaques wagner hp jequie bahia,515,added_video,https://scontent-gru2-2.xx.fbcdn.net/v/t15.5256-10/38953204_244417949605571_6440734649298714624_n.jpg?_nc_cat=100&_nc_sid=ad6a45&_nc_ohc=XnTN0BMj7iwAX8Yu6wY&_nc_ht=scontent-gru2-2.xx&oh=5458d83e48c4ada11a435bd2ca1411e3&oe=5EADACE4,2809,19,40,1,10,598,True
2018-09-15T16:21:33+0000,904277726319518_2037832236280532,fernando haddad manuela davila rui costa jaques wagner haddadpresidente jequie bahia,fh manuela davila rui costa jaques wagner hp jequie bahia,186,added_video,https://scontent-gru2-2.xx.fbcdn.net/v/t15.5256-10/41814248_2037836579613431_3787619357832511488_n.jpg?_nc_cat=105&_nc_sid=ad6a45&_nc_ohc=vCEHNNKFUXEAX_yCjCR&_nc_ht=scontent-gru2-2.xx&oh=09f3b43cdf002094d10ff63273ab8b8a&oe=5EAE184F,2089,12,44,0,7,406,True
2018-09-15T15:07:00+0000,904277726319518_1038754556286372,fernando haddad manuela davila rui costa jaques wagner haddadpresidente jequie bahia,fh manuela davila rui costa jaques wagner hp jequie bahia,1615,added_video,https://scontent-gru1-1.xx.fbcdn.net/v/t15.5256-10/38952911_1038755152952979_8619162080672481280_n.jpg?_nc_cat=110&_nc_sid=ad6a45&_nc_ohc=yeAZp_-hPBgAX8zYLjq&_nc_ht=scontent-gru1-1.xx&oh=2975457590034034f9fad7023c805561&oe=5EACA62B,4420,29,54,4,55,1337,True
2018-09-15T14:12:37+0000,904277726319518_326046011283580,haddad manuela davila rui costa haddadpresidente vitoria conquista bahia,fh manuela davila rui costa hp vitoria conquista bahia,780,added_video,https://scontent-gru1-1.xx.fbcdn.net/v/t15.5256-10/38961300_326051661283015_1932856650385850368_n.jpg?_nc_cat=101&_nc_sid=ad6a45&_nc_ohc=NQicvLBgNbMAX8QDgi0&_nc_ht=scontent-gru1-1.xx&oh=d57a9bfa10c55be005e4045a9683dac8&oe=5EACC8F9,3105,21,41,0,18,884,True
2018-09-15T13:48:51+0000,904277726319518_1711438072312233,haddad manuela davila rui costa haddadpresidente vitoria conquista bahia,fh manuela davila rui costa hp vitoria conquista bahia,393,added_video,https://scontent-gru2-2.xx.fbcdn.net/v/t15.5256-10/38952366_1711448772311163_7991281541814681600_n.jpg?_nc_cat=100&_nc_sid=ad6a45&_nc_ohc=89bx9aQoVKgAX_pvD5Y&_nc_ht=scontent-gru2-2.xx&oh=71669e3d01a1e71c24c8fdb18202a229&oe=5EAF9835,2459,11,25,0,13,633,True
2018-09-15T13:17:59+0000,904277726319518_243292933002149,haddad manuela davila rui costa haddadpresidente vitoria conquista bahia,fh manuela davila rui costa hp vitoria conquista bahia,912,added_video,https://scontent-gru1-1.xx.fbcdn.net/v/t15.5256-10/40762129_243300939668015_4033763886321631232_n.jpg?_nc_cat=103&_nc_sid=ad6a45&_nc_ohc=x11kw0EUv0kAX9_FPhz&_nc_ht=scontent-gru1-1.xx&oh=8078d81d455df72ca3722acc41e9a4ec&oe=5EAE3964,3786,15,38,0,24,1121,True
2018-09-15T12:34:54+0000,904277726319518_322602891621099,haddad manuela davila rui costa haddadpresidente vitoria conquista bahia,fh manuela davila rui costa hp vitoria conquista bahia,2489,added_video,https://scontent-gru2-2.xx.fbcdn.net/v/t15.5256-10/40275412_322605781620810_4177012418716631040_n.jpg?_nc_cat=106&_nc_sid=ad6a45&_nc_ohc=SPWIHNn8xooAX-X8rtm&_nc_ht=scontent-gru2-2.xx&oh=137e762f0c8bdb2bbfe3dd9b30b9e431&oe=5EAECFC5,5999,34,38,0,22,1669,True
2018-09-15T02:28:08+0000,904277726319518_247265749325821,boa noite presidente lula,boa noite presidente lula,1525,added_video,https://scontent-gru2-1.xx.fbcdn.net/v/t15.5256-10/38972334_247265892659140_1695949063247101952_n.jpg?_nc_cat=109&_nc_sid=ad6a45&_nc_ohc=jPs_lgD05d4AX9Ykdj0&_nc_ht=scontent-gru2-1.xx&oh=730c34c5a80c280eb33a098b9fa38623&oe=5EAE91C6,5686,243,52,3,15,1968,True
2018-09-15T01:31:17+0000,904277726319518_1940214706059143,podemos sair dessa crise outubro deste ano recuperarmos projeto vinha dando certo desenvolvimento economico inclusao povo solucao nao problema vamos fazer brasil feliz novo vote haddadnojn foto ricardo stuckert,podemos sair dessa crise outubro deste ano recuperarmos projeto vinha dando certo desenvolvimento economico inclusao povo solucao nao problema vamos fazer bfn vote fhnojn foto ricardo stuckert,4033,added_photos,https://scontent-gru2-1.xx.fbcdn.net/v/t1.0-9/s720x720/41790087_1940214216059192_6976154837310242816_n.jpg?_nc_cat=109&_nc_sid=110474&_nc_ohc=_lxOEWMrCW4AX8ni5Js&_nc_ht=scontent-gru2-1.xx&_nc_tp=7&oh=9914e6d430e840f7e3334cabe0e37d0f&oe=5EADDA1F,12550,90,99,2,16,2841,True
2018-09-15T01:22:21+0000,904277726319518_1713442408764905,fernando haddad candidato presidencia participa ato cinelandia rio janeiro,fh candidato presidencia participa ato cinelandia rio janeiro,2500,added_video,https://scontent-gru2-2.xx.fbcdn.net/v/t15.5256-10/40445623_1713476148761531_2501861107535183872_n.jpg?_nc_cat=105&_nc_sid=ad6a45&_nc_ohc=BWjpcgOsEHsAX_tEnIG&_nc_ht=scontent-gru2-2.xx&oh=64e477787f03c0541b7ca58dbb074088&oe=5EAF54E2,6024,66,63,4,51,2555,True
2018-09-14T23:56:48+0000,904277726319518_1536615239773320,fernando haddad candidato presidencia concede entrevista jornal nacional,fh candidato presidencia concede entrevista jornal nacional,9966,added_video,https://scontent-gru1-1.xx.fbcdn.net/v/t15.5256-10/38972140_1536693193098858_3878058651688108032_n.jpg?_nc_cat=101&_nc_sid=ad6a45&_nc_ohc=zme1I8BFxeoAX-Bt5Pc&_nc_ht=scontent-gru1-1.xx&oh=9795e97019661abad2c56cb2b69114ea&oe=5EAD0498,17938,1694,209,98,3333,10385,True
2018-09-14T20:00:01+0000,904277726319518_305153980273331,resumo passagem cidades carapicuiba osasco campanha ruas lado lado povo recuperar democracia brasil oportunidades todos,resumo passagem cidades carapicuiba osasco campanha ruas lado lado povo recuperar democracia brasil oportunidades todos,6735,added_video,https://scontent-gru2-2.xx.fbcdn.net/v/t15.5256-10/38961217_305154890273240_2419172657690836992_n.jpg?_nc_cat=102&_nc_sid=ad6a45&_nc_ohc=f4zmJ3FNQ6cAX8Kt1eQ&_nc_ht=scontent-gru2-2.xx&oh=fe88602f415c7e43512e68a30d941aee&oe=5EADBC98,17621,127,58,6,50,1126,True
2018-09-14T16:07:21+0000,904277726319518_494891547691077,acompanhe passo passo campanha todos cantos brasil haddadpresidente,acompanhe passo passo campanha todos cantos brasil hp,1893,added_video,https://scontent-gru1-1.xx.fbcdn.net/v/t15.5256-10/38959428_494892171024348_2941401768480735232_n.jpg?_nc_cat=108&_nc_sid=ad6a45&_nc_ohc=9cNSrh2naBUAX8Ftczn&_nc_ht=scontent-gru1-1.xx&oh=e063c2d04ef1c98c33448fed3850ba3f&oe=5EAF7846,6940,48,48,1,14,532,True
2018-09-14T14:30:01+0000,904277726319518_2116476745052074,fernando haddad manuela davila marcia tiburi lindbergh farias visitam rocinha rio janeiro haddadpresidente,fh manuela davila marcia tiburi lindbergh farias visitam rocinha rio janeiro hp,2109,added_video,https://scontent-gru1-1.xx.fbcdn.net/v/t15.5256-10/38961730_2116486545051094_2612386820972871680_n.jpg?_nc_cat=103&_nc_sid=ad6a45&_nc_ohc=edwhF1IMvGUAX8fkYd4&_nc_ht=scontent-gru1-1.xx&oh=d075ee190b9c3226bafef9be08384c69&oe=5EADCC5A,5376,55,81,5,76,1615,True
2018-09-14T13:57:15+0000,904277726319518_711283222566340,fernando haddad manuela davila marcia tiburi lindbergh farias visitam rocinha rio janeiro haddadpresidente,fh manuela davila marcia tiburi lindbergh farias visitam rocinha rio janeiro hp,633,added_video,https://scontent-gru2-2.xx.fbcdn.net/v/l/t15.5256-10/38967732_711284959232833_766162641654644736_n.jpg?_nc_cat=100&_nc_sid=ad6a45&_nc_ohc=No_ODzHUBEQAX-D_9d7&_nc_ht=scontent-gru2-2.xx&oh=8ff1f6b919c73dd83e2b78b675775034&oe=5EAEB574,2519,9,28,1,7,761,True
2018-09-14T13:06:03+0000,904277726319518_912005915656382,recepcao haddadpresidente aeroporto rio janeiro,recepcao hp aeroporto rio janeiro,718,added_video,https://scontent-gru1-1.xx.fbcdn.net/v/t15.5256-10/38972246_912011148989192_1340803564775145472_n.jpg?_nc_cat=110&_nc_sid=ad6a45&_nc_ohc=cnoTmNKnOCoAX-_RNEr&_nc_ht=scontent-gru1-1.xx&oh=dec75e306b027639f8c5d640e7cfe451&oe=5EAF7566,2402,10,20,1,7,529,True
2018-09-14T13:03:59+0000,904277726319518_306180180209381,recepcao haddadpresidente aeroporto rio janeiro,recepcao hp aeroporto rio janeiro,2667,added_video,https://scontent-gru1-1.xx.fbcdn.net/v/t15.5256-10/38953549_306181696875896_2945181730543239168_n.jpg?_nc_cat=108&_nc_sid=ad6a45&_nc_ohc=jiboa3ICe_UAX9XK3_3&_nc_ht=scontent-gru1-1.xx&oh=c80a43b3aefd98d51aba4a0abad62366&oe=5EAC3F9C,5354,31,41,0,36,1454,True
2018-09-13T23:34:45+0000,904277726319518_1950529478340846,assista entrevista fernando haddad candidato lula presidencia,assista entrevista fh candidato lula presidencia,2470,added_video,https://scontent-gru2-1.xx.fbcdn.net/v/t15.5256-10/41344531_1950552591671868_8102450555453964288_n.jpg?_nc_cat=109&_nc_sid=ad6a45&_nc_ohc=H9Q5ImL9zosAX8P56-f&_nc_ht=scontent-gru2-1.xx&oh=1d9c3f6969578a582fe83cb65876d7e0&oe=5EAD31B1,4273,46,54,3,34,1834,True
2018-09-13T23:12:44+0000,904277726319518_2054535198191070,vamos ganhar eleicao trazer brasil lula volta,vamos ganhar eleicao trazer brasil lula volta,20423,added_video,https://scontent-gru2-1.xx.fbcdn.net/v/t15.5256-10/38951722_2054544791523444_3856838992100065280_n.jpg?_nc_cat=109&_nc_sid=ad6a45&_nc_ohc=z1MYUDxyf94AX9Tne6J&_nc_ht=scontent-gru2-1.xx&oh=5dbb1cb8248fab24e4077921faec8003&oe=5EAE51F1,28852,754,89,57,150,3189,True
2018-09-13T19:30:35+0000,904277726319518_321857205030006,relatos mostram brasil construimos juntos porque nao conseguem destruir legado anos exclusao jovens pobres desse pais hoje gracas programas prouni fies ja sao milhoes conquistaram direito universidade brasil seguimos luta,relatos mostram brasil construimos juntos porque nao conseguem destruir legado anos exclusao jovens pobres desse pais hoje gracas programas prouni fies ja sao milhoes conquistaram direito universidade brasil seguimos luta,7634,added_video,https://scontent-gru2-2.xx.fbcdn.net/v/t15.5256-10/38959775_321858355029891_6460704048201859072_n.jpg?_nc_cat=105&_nc_sid=ad6a45&_nc_ohc=U2n9mT4s7kAAX90tPO_&_nc_ht=scontent-gru2-2.xx&oh=699bd36c480100940f5bcc8507a23d46&oe=5EAE4BE0,25234,318,84,9,107,1491,True
2018-09-13T15:35:02+0000,904277726319518_287823751815795,haddad suplicy tatto marinho lula haddadpresidente calcadao osasco,fh suplicy tatto marinho lula hp calcadao osasco,2372,added_video,https://scontent-gru1-1.xx.fbcdn.net/v/t15.5256-10/38960465_287829301815240_5048033590231695360_n.jpg?_nc_cat=110&_nc_sid=ad6a45&_nc_ohc=akbRX5DHw90AX9DTX9B&_nc_ht=scontent-gru1-1.xx&oh=02e67b3aafba9c147d055196a64294a4&oe=5EAC1A95,5124,43,31,2,37,1121,True
2018-09-13T14:58:31+0000,904277726319518_526579481146056,haddad suplicy tatto marinho lula haddadpresidente calcadao osasco,fh suplicy tatto marinho lula hp calcadao osasco,1834,added_video,https://scontent-gru2-1.xx.fbcdn.net/v/t15.5256-10/p526x296/38000929_526580634479274_2731248327197720576_n.jpg?_nc_cat=109&_nc_sid=ad6a45&_nc_ohc=N9E01p8AVG0AX89dBQQ&_nc_ht=scontent-gru2-1.xx&_nc_tp=6&oh=dc87e7689054205daab6e4a3f4b2e1ec&oe=5EAE351D,5124,28,41,2,28,924,True
2018-09-13T14:52:02+0000,904277726319518_266006830701704,haddad suplicy tatto marinho lula haddadpresidente calcadao osasco,fh suplicy tatto marinho lula hp calcadao osasco,1821,added_video,https://scontent-gru1-1.xx.fbcdn.net/v/t15.5256-10/38981322_266007567368297_4575312464383574016_n.jpg?_nc_cat=104&_nc_sid=ad6a45&_nc_ohc=mzMlHWQGiY4AX8hw7pq&_nc_ht=scontent-gru1-1.xx&oh=62325bdba6e44940dbb5c78292d3dbff&oe=5EAD1872,2904,10,26,1,5,676,True
2018-09-13T14:36:48+0000,904277726319518_2095542470480556,haddad suplicy tatto marinho lula haddadpresidente calcadao osasco,fh suplicy tatto marinho lula hp calcadao osasco,864,added_video,https://scontent-gru2-2.xx.fbcdn.net/v/t15.5256-10/40370280_2095543067147163_2773708382475911168_n.jpg?_nc_cat=106&_nc_sid=ad6a45&_nc_ohc=Kuq9qU-YhzgAX_v7WRu&_nc_ht=scontent-gru2-2.xx&oh=8aec4d76edd4453008d8e638db664c7e&oe=5EAE8506,2350,10,24,2,9,597,True
2018-09-13T13:54:59+0000,904277726319518_268629047315291,haddad presidente carapicuiba lulaehaddad,fh presidente carapicuiba lulaefh,513,added_video,https://scontent-gru2-2.xx.fbcdn.net/v/t15.5256-10/38982957_268632707314925_1147945583130968064_n.jpg?_nc_cat=106&_nc_sid=ad6a45&_nc_ohc=Gom795iOPNoAX9RD5NU&_nc_ht=scontent-gru2-2.xx&oh=6896da0f9f04e5f3d95f82828ff2ee6e&oe=5EAD89A6,2020,14,24,0,6,550,True
2018-09-13T13:17:23+0000,904277726319518_1560846124062198,haddad presidente carapicuiba lulaehaddad,fh presidente carapicuiba lulaefh,1178,added_video,https://scontent-gru2-2.xx.fbcdn.net/v/t15.5256-10/38951868_1560852254061585_5186726661269225472_n.jpg?_nc_cat=106&_nc_sid=ad6a45&_nc_ohc=b_uZ2NQMFkYAX8TYkpE&_nc_ht=scontent-gru2-2.xx&oh=ca42e16f71d71a32c5b6d6f6b79bf358&oe=5EAC1CDB,3634,24,31,1,17,954,True
2018-09-13T11:46:54+0000,904277726319518_2121223204797137,vamos ganhar eleicao lula brasil,vamos ganhar eleicao lula brasil,9317,added_video,https://scontent-gru2-2.xx.fbcdn.net/v/t15.5256-10/38979553_2121223958130395_2913686104001478656_n.jpg?_nc_cat=102&_nc_sid=ad6a45&_nc_ohc=IDp0Fq55F70AX85OkzB&_nc_ht=scontent-gru2-2.xx&oh=b4e6ed94ebd71efde87fc72081130662&oe=5EADEB81,18680,719,50,70,103,1553,True
2018-09-12T20:34:00+0000,904277726319518_292829281532674,lider chamado lula inspira todos batem gente pode ate vergar ate cair dia seguinte gente levanta olha espelho diz dia luta dia brasil,lider chamado lula inspira todos batem gente pode ate vergar ate cair dia seguinte gente levanta olha espelho diz dia luta dia brasil,34464,added_video,https://scontent-gru1-1.xx.fbcdn.net/v/t15.5256-10/40296757_292844014864534_7940392286800576512_n.jpg?_nc_cat=108&_nc_sid=ad6a45&_nc_ohc=sApfnCZfVXwAX9eUmr2&_nc_ht=scontent-gru1-1.xx&oh=1c761bfd931900a56f71d5d03f5b4e25&oe=5EADB2C3,51563,1213,132,62,306,4298,True
2018-09-12T18:52:08+0000,904277726319518_535346920249280,encontro candidato presidencia fernando haddad estudantes prounistas cotistas,encontro candidato presidencia fh estudantes prounistas cotistas,1023,added_video,https://scontent-gru2-1.xx.fbcdn.net/v/t15.5256-10/38959380_535390606911578_6271200040878866432_n.jpg?_nc_cat=111&_nc_sid=ad6a45&_nc_ohc=mPlpZDCzJNAAX-V-e3P&_nc_ht=scontent-gru2-1.xx&oh=4bdec74c716cb3150afbb285171a59de&oe=5EAE6E14,3000,20,31,4,15,1004,True
2018-09-12T18:28:07+0000,904277726319518_2132384123747443,encontro candidato presidencia fernando haddad estudantes prounistas cotistas,encontro candidato presidencia fh estudantes prounistas cotistas,722,added_video,https://scontent-gru2-2.xx.fbcdn.net/v/t15.5256-10/38948242_2132390247080164_7985929475692953600_n.jpg?_nc_cat=105&_nc_sid=ad6a45&_nc_ohc=82mDVyH3CrUAX_HXosQ&_nc_ht=scontent-gru2-2.xx&oh=8ebdc950b902440cb9e736a29c7e2801&oe=5EAD9AFF,2489,14,28,3,8,764,True
2018-09-12T16:21:35+0000,904277726319518_269850230303381,carrego orgulho memoria anos governo lula ministro educacao tempo pais tratava educacao investimento nao gasto brasil vamos urnas dia outubro,carrego orgulho memoria anos governo lula ministro educacao tempo pais tratava educacao investimento nao gasto brasil vamos urnas dia outubro,12560,added_video,https://scontent-gru1-1.xx.fbcdn.net/v/t15.5256-10/38948459_269850676970003_2677992699822342144_n.jpg?_nc_cat=103&_nc_sid=ad6a45&_nc_ohc=LZDBKsuFUssAX-hbrkn&_nc_ht=scontent-gru1-1.xx&oh=1d16f3a936d649aad49665a0572dd692&oe=5EAC6BD7,39574,856,87,22,226,2681,True
2018-09-12T12:52:33+0000,904277726319518_1902970156450265, , ,2137,added_photos,https://scontent-gru2-1.xx.fbcdn.net/v/t1.0-9/39467271_1902970159783598_3216873257084911616_n.jpg?_nc_cat=109&_nc_sid=7aed08&_nc_ohc=EXzvlTi1fJ8AX_fciW4&_nc_ht=scontent-gru2-1.xx&oh=db9ecce5ad7b66d57862bf18a048661d&oe=5EAD9CAE,20692,397,291,14,205,5835,False
2018-09-12T00:02:42+0000,904277726319518_292266898237657,povo recebe fernando haddad congonhas,povo recebe fh congonhas,12853,added_video,https://scontent-gru2-2.xx.fbcdn.net/v/t15.5256-10/38974299_292269194904094_2179767332321099776_n.jpg?_nc_cat=105&_nc_sid=ad6a45&_nc_ohc=9D0dUHCzISgAX8UkZSu&_nc_ht=scontent-gru2-2.xx&oh=7213496350802e7b768b2f80cbfaae48&oe=5EAC895F,9162,193,85,21,176,4142,True
2018-09-11T23:47:09+0000,904277726319518_2073405969654672,missao ganhar eleicao lula brasil dia outubro reencontro democracia,missao ganhar eleicao lula brasil dia outubro reencontro democracia,14748,added_video,https://scontent-gru1-1.xx.fbcdn.net/v/t15.5256-10/38959929_2073409719654297_9088360517294096384_n.jpg?_nc_cat=110&_nc_sid=ad6a45&_nc_ohc=CMm5u-3WN9AAX83ST1f&_nc_ht=scontent-gru1-1.xx&oh=dd36b6fa5f40f59e2054c556e6002fb4&oe=5EAD027E,38513,921,99,44,199,3091,True
2018-09-11T22:56:39+0000,904277726319518_900112233516511,recebemos missao lula olhar olhos povo construir juntos pais diferente,recebemos missao lula olhar olhos povo construir juntos pais diferente,40599,added_video,https://scontent-gru2-1.xx.fbcdn.net/v/t15.5256-10/38951499_900114716849596_2711899516709109760_n.jpg?_nc_cat=107&_nc_sid=ad6a45&_nc_ohc=Botklce3dT8AX9TLTvp&_nc_ht=scontent-gru2-1.xx&oh=72b2db739a60e104b3a9142f0fac7d51&oe=5EAED9C0,38782,897,126,18,183,4020,True
2018-09-11T21:44:49+0000,904277726319518_1936238443123436,lider chamado lula inspira todos divisor aguas brasil representa antes historia saiu povo superando todos obstaculos chegou presidencia republica podem ate derrubar dia outro gente levanta segue luta ja milhoes lulas ainda haddadelula foto ricardo stuckert,lider chamado lula inspira todos divisor aguas brasil representa antes historia saiu povo superando todos obstaculos chegou presidencia republica podem ate derrubar dia outro gente levanta segue luta ja milhoes lulas ainda fhelula foto ricardo stuckert,2916,added_photos,https://scontent-gru1-1.xx.fbcdn.net/v/t1.0-9/s720x720/41515162_1936238293123451_3582173527123427328_n.jpg?_nc_cat=103&_nc_sid=110474&_nc_ohc=OjCb1rZ3-zMAX8D68Q8&_nc_ht=scontent-gru1-1.xx&_nc_tp=7&oh=8e45b4548d09b911d2463f8159f03251&oe=5EACE622,8394,43,52,3,12,2053,True
2018-09-11T20:15:18+0000,904277726319518_1990824364543319,carta lula povo brasileiro,carta lula povo brasileiro,3799,added_video,https://scontent-gru1-1.xx.fbcdn.net/v/t15.5256-10/38965198_1990988747860214_5366292737039532032_n.jpg?_nc_cat=108&_nc_sid=ad6a45&_nc_ohc=lo5AYME7Iu4AX910N9R&_nc_ht=scontent-gru1-1.xx&oh=44a3b81249ee7591e140cd4b6bb01de7&oe=5EACE33E,6923,138,49,30,102,3296,True
2018-09-11T16:11:25+0000,904277726319518_299435974217601,povo solucao assista compartilhe programa eleitoral hoje coligacao povo feliz novo vote,povo solucao assista compartilhe programa eleitoral hoje coligacao povo feliz novo vote,5478,added_video,https://scontent-gru1-1.xx.fbcdn.net/v/t15.5256-10/38960891_299441924217006_29877574922403840_n.jpg?_nc_cat=104&_nc_sid=ad6a45&_nc_ohc=9oCG1dJViVEAX96JWA0&_nc_ht=scontent-gru1-1.xx&oh=c4645be522fa862c7a280b9d1f2254d1&oe=5EAE106D,5430,36,47,9,8,1321,True
2018-09-11T14:46:58+0000,904277726319518_326489878102989,assista compartilhe novo comercial coligacao povo feliz novo vamos juntos unidos ate fim vote,assista compartilhe novo comercial coligacao povo feliz novo vamos juntos unidos ate fim vote,5512,added_video,https://scontent-gru1-1.xx.fbcdn.net/v/t15.5256-10/38980201_326490304769613_511529372297986048_n.jpg?_nc_cat=110&_nc_sid=ad6a45&_nc_ohc=N9Kip4CzxhcAX-WIsAY&_nc_ht=scontent-gru1-1.xx&oh=840ae5c42d9c9e1c336590b8a4746d78&oe=5EAC623E,5974,52,41,3,9,1141,True
2018-09-10T23:18:03+0000,904277726319518_326262994602615,ato defesa educacao ciencia tecnologia tuca sp,ato defesa educacao ciencia tecnologia tuca sp,1843,added_video,https://scontent-gru1-1.xx.fbcdn.net/v/t15.5256-10/38979007_326271467935101_7181909871304900608_n.jpg?_nc_cat=108&_nc_sid=ad6a45&_nc_ohc=QGHdjhmtz50AX9AaHgl&_nc_ht=scontent-gru1-1.xx&oh=15c4071ce5acf2746309f3ec7dcae912&oe=5EAC1DEB,4678,35,25,5,22,1461,True
2018-09-09T00:33:50+0000,904277726319518_242067743124691,assista compartilhe ajude divulgar programa eleitoral coligacao povo feliz novo,assista compartilhe ajude divulgar programa eleitoral coligacao povo feliz novo,2810,added_video,https://scontent-gru1-1.xx.fbcdn.net/v/t15.5256-10/38946480_242077876457011_8025832165709185024_n.jpg?_nc_cat=104&_nc_sid=ad6a45&_nc_ohc=puqpB8ZDPWUAX9xr6EP&_nc_ht=scontent-gru1-1.xx&oh=37e81020a9c522f78967b0cb3a28fe1a&oe=5EAFFA77,3171,11,23,0,8,545,True
2018-09-09T00:00:11+0000,904277726319518_269814063872140,fernando haddad candidato vicepresidente participa programa brasil feliz novo,fh candidato vicepresidente participa programa bfn,2095,added_video,https://scontent-gru2-1.xx.fbcdn.net/v/t15.5256-10/38951827_269818273871719_2879605886400069632_n.jpg?_nc_cat=111&_nc_sid=ad6a45&_nc_ohc=gmj9lDbNveoAX8QXlNE&_nc_ht=scontent-gru2-1.xx&oh=dc6f7606011b11ff2373ed8c216ce0a9&oe=5EAEF1A8,3513,14,33,3,26,1078,True
2018-09-08T19:43:48+0000,904277726319518_832207210316380,fernando haddad luiz marinho jilmar tatto campanha zona sul sao paulo,fh luiz marinho jilmar tatto campanha zona sul sao paulo,590,added_video,https://scontent-gru1-1.xx.fbcdn.net/v/t15.5256-10/38969372_832210833649351_3450052383114002432_n.jpg?_nc_cat=103&_nc_sid=ad6a45&_nc_ohc=oReYy_LYtNcAX8tQUXZ&_nc_ht=scontent-gru1-1.xx&oh=0d199f1405c3f8f43f67e5841c000970&oe=5EAF578A,1982,10,16,0,8,356,True
2018-09-08T19:02:08+0000,904277726319518_333531944059002,fernando haddad luiz marinho jilmar tatto campanha zona sul sao paulo,fh luiz marinho jilmar tatto campanha zona sul sao paulo,724,added_video,https://scontent-gru1-1.xx.fbcdn.net/v/t15.5256-10/38952163_333535174058679_2888760858299596800_n.jpg?_nc_cat=110&_nc_sid=ad6a45&_nc_ohc=clwETyekf9oAX8_nOXH&_nc_ht=scontent-gru1-1.xx&oh=53cd59c46b0181543b67d395d3b038ea&oe=5EAE1C5D,2668,18,21,0,15,518,True
2018-09-08T16:34:07+0000,904277726319518_1113184792181429,fernando haddad luiz marinho eduardo suplicy jilmar tatto visitam bairro cantinho ceu zona sul sao paulo,fh luiz marinho eduardo suplicy jilmar tatto visitam bairro cantinho ceu zona sul sao paulo,545,added_video,https://scontent-gru1-1.xx.fbcdn.net/v/t15.5256-10/38971902_1113190282180880_3486111012975804416_n.jpg?_nc_cat=104&_nc_sid=ad6a45&_nc_ohc=T84tC_911s8AX8zFm9B&_nc_ht=scontent-gru1-1.xx&oh=b096b39b00394835c6c0a0b00229800e&oe=5EAF6CCD,2116,5,14,0,9,359,True
2018-09-08T15:52:53+0000,904277726319518_485122925322869,fernando haddad luiz marinho eduardo suplicy jilmar tatto assentamento anchieta luta moradia zona sul sao paulo,fh luiz marinho eduardo suplicy jilmar tatto assentamento anchieta luta moradia zona sul sao paulo,360,added_video,https://scontent-gru2-2.xx.fbcdn.net/v/t15.5256-10/38947826_485126571989171_2160458984719384576_n.jpg?_nc_cat=102&_nc_sid=ad6a45&_nc_ohc=ItpfFu54bd4AX9b9VLy&_nc_ht=scontent-gru2-2.xx&oh=559b5442cb93ecfff67bc6cd265acf50&oe=5EAF1A9C,1773,8,12,2,2,322,True
2018-09-08T15:14:57+0000,904277726319518_277256583112137,fernando haddad luiz marinho eduardo suplicy jilmar tatto zona sul sao paulo,fh luiz marinho eduardo suplicy jilmar tatto zona sul sao paulo,1313,added_video,https://scontent-gru2-2.xx.fbcdn.net/v/t15.5256-10/38971309_277258803111915_2913409860294934528_n.jpg?_nc_cat=102&_nc_sid=ad6a45&_nc_ohc=GWaMqZCyHrMAX-lSS-m&_nc_ht=scontent-gru2-2.xx&oh=ba2ac9715deb3b6efa283a9fd6b35382&oe=5EAD97D2,2940,9,22,1,7,645,True
2018-09-08T13:59:06+0000,904277726319518_1879742055439796,fernando haddad candidato vicepresidente faz caminhada parelheiros sao paulo sp,fh candidato vicepresidente faz caminhada parelheiros sao paulo sp,1701,added_video,https://scontent-gru2-2.xx.fbcdn.net/v/t15.5256-10/38959070_1879746722105996_5028099882506780672_n.jpg?_nc_cat=100&_nc_sid=ad6a45&_nc_ohc=FINA8MqRp2MAX9GAvdJ&_nc_ht=scontent-gru2-2.xx&oh=5c444d32b81df8c61b75d5344e3eabe3&oe=5EAFF0AD,3235,25,21,1,45,952,True
2018-09-08T13:07:27+0000,904277726319518_481687572297755,fernando haddad candidato vicepresidente faz caminhada parelheiros sao paulo sp,fh candidato vicepresidente faz caminhada parelheiros sao paulo sp,1894,added_video,https://scontent-gru2-2.xx.fbcdn.net/v/t15.5256-10/38906721_481688008964378_5676788266603380736_n.jpg?_nc_cat=106&_nc_sid=ad6a45&_nc_ohc=1bHEsgRdh30AX9TsEct&_nc_ht=scontent-gru2-2.xx&oh=6daa5590e7e3720ce88ee99d4458aa29&oe=5EAE6E41,4558,15,27,1,20,1183,True
2018-09-08T10:56:05+0000,904277726319518_323370205104811,vamos trazer brasil volta,vamos trazer brasil volta,3976,added_video,https://scontent-gru2-2.xx.fbcdn.net/v/t15.5256-10/38952957_323371005104731_225611389358571520_n.jpg?_nc_cat=100&_nc_sid=ad6a45&_nc_ohc=LHGGBeODpFkAX_ujguX&_nc_ht=scontent-gru2-2.xx&oh=87ae3b478aa44a6eae3329af30598eae&oe=5EAEA3A6,3353,9,15,1,1,481,True
2018-09-07T22:04:30+0000,904277726319518_675035169526158,ha cinco meses presidente lula preso injustamente vitima condenacao atos indeterminados,ha cinco meses presidente lula preso injustamente vitima condenacao atos indeterminados,7157,added_video,https://scontent-gru2-2.xx.fbcdn.net/v/t15.13418-10/38946363_321389841771038_5812046020934107136_n.jpg?_nc_cat=102&_nc_sid=ad6a45&_nc_ohc=neYmgY9sXkkAX-_cQcv&_nc_ht=scontent-gru2-2.xx&oh=5604b14f6beb473a4f0303a0c2b96edf&oe=5EAD49F2,28948,441,37,155,107,1150,True
2018-09-07T17:49:58+0000,904277726319518_314242822667119,nunca governo fortaleceu tanto policia federal ministerio publico controladoria geral uniao quanto agora delator vem fazer delacao apresentar unica prova processo perigoso voce pode antipatia macular imagem pessoa tres anos entrar acao entrou agora faltando dias eleicao,nunca governo fortaleceu tanto policia federal ministerio publico controladoria geral uniao quanto agora delator vem fazer delacao apresentar unica prova processo perigoso voce pode antipatia macular imagem pessoa tres anos entrar acao entrou agora faltando dias eleicao,7008,added_video,https://scontent-gru2-2.xx.fbcdn.net/v/t15.5256-10/38087546_314243882667013_6718700487404683264_n.jpg?_nc_cat=100&_nc_sid=ad6a45&_nc_ohc=JNo5MQ2UD8QAX95aK90&_nc_ht=scontent-gru2-2.xx&oh=9cc6e0a609b424084f106b74629edede&oe=5EAD66A2,6998,21,57,5,14,1040,True
2018-09-07T15:20:51+0000,904277726319518_561505650933342,assista compartilhe comercial hoje coligacao povo feliz novo,assista compartilhe comercial hoje coligacao povo feliz novo,3344,added_video,https://scontent-gru1-1.xx.fbcdn.net/v/t15.5256-10/38782597_561506864266554_1485066005804744704_n.jpg?_nc_cat=101&_nc_sid=ad6a45&_nc_ohc=RdkKb4SugVgAX9HDrLu&_nc_ht=scontent-gru1-1.xx&oh=9b40e01508e2b6e5adda0b41a759e28f&oe=5EAC3305,2751,12,20,0,6,425,True
2018-09-07T14:08:30+0000,904277726319518_295872897869343,semana abc paulista cidades sao bernardo diadema urgente necessidade retomar politicas valorizacao emprego industria trabalhadores nao aguentam sofrer desmandos governo so rasga direitos destroi postos trabalho vamos retomar brasil oportunidade esperanca,semana abc paulista cidades sao bernardo diadema urgente necessidade retomar politicas valorizacao emprego industria trabalhadores nao aguentam sofrer desmandos governo so rasga direitos destroi postos trabalho vamos retomar brasil oportunidade esperanca,5128,added_video,https://scontent-gru1-1.xx.fbcdn.net/v/t15.5256-10/38973950_295874751202491_2377168332802490368_n.jpg?_nc_cat=101&_nc_sid=ad6a45&_nc_ohc=VAiTB5WJgJQAX9ioBFQ&_nc_ht=scontent-gru1-1.xx&oh=a33bae9acab20d3e52f36a4a4ab4f46c&oe=5EAC6AD9,17257,140,51,3,47,811,True
2018-09-07T11:00:02+0000,904277726319518_2259012440999888,assista programa eleitoral coligacao povo feliz novo exibido ontem noite,assista programa eleitoral coligacao povo feliz novo exibido ontem noite,17280,added_video,https://scontent-gru1-1.xx.fbcdn.net/v/t15.5256-10/38973349_2259013317666467_5233290776842076160_n.jpg?_nc_cat=101&_nc_sid=ad6a45&_nc_ohc=KjOPK34dX7YAX_iNva0&_nc_ht=scontent-gru1-1.xx&oh=bef778bddd968db7207f0a3d85383909&oe=5EAE722C,27960,433,70,13,145,2428,True
2018-09-07T01:32:49+0000,904277726319518_297123257781007,haddad candidato vicepresidente participa sabatina globonews,fh candidato vicepresidente participa sabatina globonews,7623,added_video,https://scontent-gru1-1.xx.fbcdn.net/v/t15.5256-10/38946518_297153307778002_8321472679001456640_n.jpg?_nc_cat=108&_nc_sid=ad6a45&_nc_ohc=A4k_72YQ0BAAX-xNwM9&_nc_ht=scontent-gru1-1.xx&oh=2925a71f99acd53d85cb693a59297033&oe=5EAF9B8B,7809,88,102,13,99,4344,True
2018-09-06T18:33:48+0000,904277726319518_1715797108548201,haddad candidato vicepresidente concede entrevista congresso foco programa my news,fh candidato vicepresidente concede entrevista congresso foco programa my news,2102,added_video,https://scontent-gru2-1.xx.fbcdn.net/v/t15.5256-10/38983003_1715832731877972_2661321865867296768_n.jpg?_nc_cat=111&_nc_sid=ad6a45&_nc_ohc=JEprK0PH8_oAX8WKdVi&_nc_ht=scontent-gru2-1.xx&oh=c36def638c4d43f006be7a602fca7518&oe=5EADBFD2,3226,18,27,3,22,1333,True
2018-09-06T17:07:16+0000,904277726319518_293125067945482,assista programa eleitoral coligacao povo feliz novo,assista programa eleitoral coligacao povo feliz novo,2726,added_video,https://scontent-gru1-1.xx.fbcdn.net/v/t15.5256-10/38981114_293125567945432_8577101852489809920_n.jpg?_nc_cat=104&_nc_sid=ad6a45&_nc_ohc=m3cOAfH0Q7gAX-0SxLZ&_nc_ht=scontent-gru1-1.xx&oh=5718c8dd068a5c2e450a739adf4fdd4d&oe=5EACEC96,5852,55,46,3,22,678,True
2018-09-05T17:37:00+0000,904277726319518_691679424540978,fernando haddad candidato vicepresidente visita metalurgicos volkswagen sao bernardo campo sp,fh candidato vicepresidente visita metalurgicos volkswagen sao bernardo campo sp,584,added_video,https://scontent-gru1-1.xx.fbcdn.net/v/t15.5256-10/38952540_691680937874160_1536165593957269504_n.jpg?_nc_cat=104&_nc_sid=ad6a45&_nc_ohc=Q7OmxgXyzd8AX-060SN&_nc_ht=scontent-gru1-1.xx&oh=23abcdcc82a77595239a857cff15ebef&oe=5EAE413B,2315,4,9,2,6,396,True
2018-09-05T17:21:11+0000,904277726319518_1593001710799741,fernando haddad candidato vicepresidente visita metalurgicos volkswagen sao bernardo campo sp,fh candidato vicepresidente visita metalurgicos volkswagen sao bernardo campo sp,1089,added_video,https://scontent-gru1-1.xx.fbcdn.net/v/t15.5256-10/38981205_1593016587464920_2320590303410520064_n.jpg?_nc_cat=108&_nc_sid=ad6a45&_nc_ohc=U7n1U8GigNcAX8OHHSy&_nc_ht=scontent-gru1-1.xx&oh=128209c208f395bf0a698bbb810d8304&oe=5EAE264B,2517,5,17,1,10,540,True
2018-09-05T14:42:34+0000,904277726319518_316016345642849,fernando haddad candidato vicepresidente faz caminhada praca castelo branco diadema sp,fh candidato vicepresidente faz caminhada praca castelo branco diadema sp,358,added_video,https://scontent-gru1-1.xx.fbcdn.net/v/t15.5256-10/38959351_316018635642620_1649349801956868096_n.jpg?_nc_cat=101&_nc_sid=ad6a45&_nc_ohc=TwsI9ye4ytYAX96Gbx8&_nc_ht=scontent-gru1-1.xx&oh=a1ae1c5da50030ba10029b69c0899a9c&oe=5EAF43CB,1615,2,11,1,3,270,True
2018-09-05T14:32:31+0000,904277726319518_2647798335245538,fernando haddad candidato vicepresidente faz caminhada praca castelo branco diadema sp,fh candidato vicepresidente faz caminhada praca castelo branco diadema sp,1753,added_video,https://scontent-gru2-1.xx.fbcdn.net/v/t15.5256-10/38961390_2647800135245358_8324246188492587008_n.jpg?_nc_cat=107&_nc_sid=ad6a45&_nc_ohc=qhUJGiComWAAX_r0ayc&_nc_ht=scontent-gru2-1.xx&oh=1aeae9100b96fe12d85748f2f16a41d8&oe=5EAEE202,3644,16,21,0,18,634,True
2018-09-05T14:17:04+0000,904277726319518_232747750735133,fernando haddad candidato vicepresidente faz caminhada praca castelo branco diadema sp,fh candidato vicepresidente faz caminhada praca castelo branco diadema sp,695,added_video,https://scontent-gru2-2.xx.fbcdn.net/v/t15.5256-10/38745392_232750570734851_3133193593213157376_n.jpg?_nc_cat=102&_nc_sid=ad6a45&_nc_ohc=V25ApbYPo1cAX_GOg1u&_nc_ht=scontent-gru2-2.xx&oh=8908464ba87a463fce0e2a484add92c7&oe=5EAF07A1,2172,8,17,0,4,442,True
2018-09-05T12:47:27+0000,904277726319518_2017630431614996,fernando haddad candidato vicepresidente visita metalurgicos panmetal sao paulo,fh candidato vicepresidente visita metalurgicos panmetal sao paulo,491,added_video,https://scontent-gru2-1.xx.fbcdn.net/v/t15.5256-10/38954071_2017636344947738_3729022689516453888_n.jpg?_nc_cat=107&_nc_sid=ad6a45&_nc_ohc=bnYxKNqydOwAX9q_IJp&_nc_ht=scontent-gru2-1.xx&oh=d4063707d1622f298834b3f6d2880bf2&oe=5EB00622,1580,9,17,0,3,322,True
2018-09-05T12:40:15+0000,904277726319518_964294913754206,fernando haddad candidato vicepresidente visita metalurgicos panmetal sao paulo,fh candidato vicepresidente visita metalurgicos panmetal sao paulo,2176,added_video,https://scontent-gru1-1.xx.fbcdn.net/v/t15.5256-10/38967909_964294990420865_5565694165783674880_n.jpg?_nc_cat=103&_nc_sid=ad6a45&_nc_ohc=9ljvagXUhbcAX_o3AL_&_nc_ht=scontent-gru1-1.xx&oh=b1999fb45eddc4c7725df93fe5321b78&oe=5EAEF69A,3805,35,29,1,23,1051,True
2018-09-05T11:28:48+0000,904277726319518_543098579457096,fernando haddad candidato vicepresidente visita metalurgicos driveway sao paulo,fh candidato vicepresidente visita metalurgicos driveway sao paulo,848,added_video,https://scontent-gru2-1.xx.fbcdn.net/v/t15.5256-10/38946639_543110159455938_3085688089528500224_n.jpg?_nc_cat=111&_nc_sid=ad6a45&_nc_ohc=uP_Jzxy8y3MAX8mN_Dd&_nc_ht=scontent-gru2-1.xx&oh=67ef7c1ccc539906a394740e5a555dd3&oe=5EAE4952,2219,12,20,1,3,532,True
2018-09-05T11:12:07+0000,904277726319518_1928495937231020,dia comecou bem cedo conversando trabalhadores sao bernardo junto candidato governo sao paulo luiz marinho visitamos fabrica mercedes benz apresentar propostas pt retomada geracao empregos industria forte vamos voltar ter politica industrial brasil fotos ricardo stuckert,dia comecou bem cedo conversando trabalhadores sao bernardo junto candidato governo sao paulo luiz marinho visitamos fabrica mercedes benz apresentar propostas pt retomada geracao empregos industria forte vamos voltar ter politica industrial brasil fotos ricardo stuckert,244,added_photos,https://scontent-gru2-1.xx.fbcdn.net/v/t1.0-9/s720x720/40778358_1928495910564356_6360010489862291456_n.jpg?_nc_cat=109&_nc_sid=110474&_nc_ohc=rziYR6ZyRY0AX-mdspa&_nc_ht=scontent-gru2-1.xx&_nc_tp=7&oh=e2e9305022fa57a9e038e39bbec94896&oe=5EAC1ADA,1053,3,16,0,2,121,True
2018-09-05T09:38:33+0000,904277726319518_259971108189334,fernando haddad candidato vicepresidente visita metalurgicos ford sao bernardo campo sp,fh candidato vicepresidente visita metalurgicos ford sao bernardo campo sp,972,added_video,https://scontent-gru1-1.xx.fbcdn.net/v/t15.5256-10/38959511_259972231522555_6875315864262934528_n.jpg?_nc_cat=101&_nc_sid=ad6a45&_nc_ohc=MAS2pFnF5OYAX8PXxEB&_nc_ht=scontent-gru1-1.xx&oh=97bc44a1a1733c6736715ff29c7c698a&oe=5EAF5E38,2875,10,20,0,6,458,True
2018-09-05T09:13:51+0000,904277726319518_674769229559425,fernando haddad candidato vicepresidente visita metalurgicos ford sao bernardo campo sp,fh candidato vicepresidente visita metalurgicos ford sao bernardo campo sp,770,added_video,https://scontent-gru2-1.xx.fbcdn.net/v/t15.5256-10/38960648_674769282892753_3299900936331198464_n.jpg?_nc_cat=109&_nc_sid=ad6a45&_nc_ohc=cgklmzORU_gAX_22fY6&_nc_ht=scontent-gru2-1.xx&oh=5c41f8b7b278453d9c4fcfe4611734b3&oe=5EAC991B,2070,11,19,0,5,322,True
2018-09-05T09:03:20+0000,904277726319518_290687881711489,fernando haddad candidato vicepresidente visita metalurgicos ford sao bernardo campo sp,fh candidato vicepresidente visita metalurgicos ford sao bernardo campo sp,331,added_video,https://scontent-gru2-1.xx.fbcdn.net/v/t15.5256-10/38980865_290689798377964_3454430226098946048_n.jpg?_nc_cat=107&_nc_sid=ad6a45&_nc_ohc=21oXZyVGhhIAX_rcEO7&_nc_ht=scontent-gru2-1.xx&oh=9fdf8015ef6cc11373996a9cc9f521fe&oe=5EAC4EFC,1219,2,13,0,2,223,True
2018-09-05T08:31:13+0000,904277726319518_1086702671488086,fernando haddad candidato vicepresidente visita metalurgicos mercedesbenz sao bernardo campo sp,fh candidato vicepresidente visita metalurgicos mercedesbenz sao bernardo campo sp,355,added_video,https://scontent-gru1-1.xx.fbcdn.net/v/t15.5256-10/38751272_1086705081487845_961038746826833920_n.jpg?_nc_cat=103&_nc_sid=ad6a45&_nc_ohc=NHCTnr_SJgIAX8fKqHd&_nc_ht=scontent-gru1-1.xx&oh=484f73a309f3761df6139ad2a5e6529e&oe=5EAD4874,1004,5,10,0,1,176,True
2018-09-05T08:14:53+0000,904277726319518_390335778167111,fernando haddad candidato vicepresidente visita metalurgicos mercedesbenz sao bernardo campo sp,fh candidato vicepresidente visita metalurgicos mercedesbenz sao bernardo campo sp,375,added_video,https://scontent-gru2-2.xx.fbcdn.net/v/t15.5256-10/38945196_390337754833580_4925393487743942656_n.jpg?_nc_cat=100&_nc_sid=ad6a45&_nc_ohc=6aSiBlUBUpMAX9E3SWZ&_nc_ht=scontent-gru2-2.xx&oh=5b48978cb8625cc51e45b052193dc6d0&oe=5EAF5738,1021,2,13,0,0,203,True
2018-09-05T00:04:37+0000,904277726319518_2183257581942323,fernando haddad candidato vicepresidente participa entrevista record news,fh candidato vicepresidente participa entrevista record news,6925,added_video,https://scontent-gru1-1.xx.fbcdn.net/v/t15.5256-10/38917489_2183273748607373_327120102426148864_n.jpg?_nc_cat=108&_nc_sid=ad6a45&_nc_ohc=lShaBw5UN6UAX804Sts&_nc_ht=scontent-gru1-1.xx&oh=89fee9b58b0db821d76abb9a84060860&oe=5EAFACC0,6585,85,43,7,75,3717,True
2018-09-04T23:42:49+0000,904277726319518_283722592232357,voce viu programa eleitoral coligacao povo feliz novo desta noite assista compartilhe,voce viu programa eleitoral coligacao povo feliz novo desta noite assista compartilhe,14833,added_video,https://scontent-gru1-1.xx.fbcdn.net/v/t15.5256-10/38271386_283728368898446_3308554118611599360_n.jpg?_nc_cat=101&_nc_sid=ad6a45&_nc_ohc=MmJqsqTv3soAX9JELv7&_nc_ht=scontent-gru1-1.xx&oh=15b5368a74a272137a174b9de2eca81b&oe=5EAF24BC,5643,69,46,10,27,1359,True
2018-09-04T01:00:28+0000,904277726319518_1837727446347379,sabemos povo sofrendo efeitos crise precedentes governo ilegitimo toma decisoes contrariam anseios populares presidente lula plano governo sao saida situacao,sabemos povo sofrendo efeitos crise precedentes governo ilegitimo toma decisoes contrariam anseios populares presidente lula plano governo sao saida situacao,497,added_video,https://scontent-gru1-1.xx.fbcdn.net/v/t15.5256-10/38947002_1837728046347319_1874520007979827200_n.jpg?_nc_cat=101&_nc_sid=ad6a45&_nc_ohc=zJrcZsJdxcQAX_ccN2t&_nc_ht=scontent-gru1-1.xx&oh=0d9ccc4598ec3dd39ec10d2e3e9fd0c4&oe=5EAE87BE,1555,19,4,30,6,135,True
2018-09-03T19:37:51+0000,904277726319518_427982507726057,fernando haddad relata conversa lula direto curitiba,fh relata conversa lula direto curitiba,1548,added_video,https://scontent-gru1-1.xx.fbcdn.net/v/t15.5256-10/38247092_428004431057198_7077950806380511232_n.jpg?_nc_cat=108&_nc_sid=ad6a45&_nc_ohc=35CtA9SnmBQAX-28bnH&_nc_ht=scontent-gru1-1.xx&oh=246e34c2fe917a48074f96ec3f72a9a0&oe=5EAE244C,4489,63,16,8,36,990,True
2018-09-03T15:02:32+0000,904277726319518_291741341420441,dei entrevista programa super manha alagoas respondi pergunta fernando haddad,dei entrevista programa super manha alagoas respondi pergunta fh,2412,added_video,https://scontent-gru2-2.xx.fbcdn.net/v/t15.5256-10/38959554_291741974753711_4428228478948605952_n.jpg?_nc_cat=100&_nc_sid=ad6a45&_nc_ohc=LpSJI5f4aDsAX-z4G36&_nc_ht=scontent-gru2-2.xx&oh=c15490e9a58e706d1027158d9ca3c35b&oe=5EAC7406,2656,13,32,0,3,335,True
2018-09-02T14:51:07+0000,904277726319518_1845779972175516,carreata vitoria maragogi alagoas representante lula fernando haddad governador renan filho senador renan calheiros,carreata vitoria maragogi alagoas representante lula fh governador renan filho senador renan calheiros,8510,added_video,https://scontent-gru2-1.xx.fbcdn.net/v/t15.5256-10/38088128_1845781805508666_7988242873927598080_n.jpg?_nc_cat=111&_nc_sid=ad6a45&_nc_ohc=6JvJNRGPVh8AX8sSnQC&_nc_ht=scontent-gru2-1.xx&oh=635932a194b260cb88a8e4cfbd31c14c&oe=5EAFEC8E,4663,588,54,132,2150,885,True
2018-09-02T13:56:31+0000,904277726319518_297795664338619,carreata vitoria maragogi alagoas representante lula fernando haddad governador renan filho senador renan calheiros,carreata vitoria maragogi alagoas representante lula fh governador renan filho senador renan calheiros,575,added_video,https://scontent-gru2-2.xx.fbcdn.net/v/t15.5256-10/38958735_297820841002768_6860993977986842624_n.jpg?_nc_cat=105&_nc_sid=ad6a45&_nc_ohc=ToRop9hqJh4AX_foj4Y&_nc_ht=scontent-gru2-2.xx&oh=28d0ad92f1efa6cc23e9c1c0892e7ca9&oe=5EAF74A9,2886,76,24,11,39,562,True
2018-09-02T11:49:53+0000,904277726319518_690698174621299,coletiva representante lula fernando haddad maceio governador renan filho senador renan calheiros lulaehaddadpelobrasil,coletiva representante lula fh maceio governador renan filho senador renan calheiros lulaefhpelobrasil,1551,added_video,https://scontent-gru2-2.xx.fbcdn.net/v/t15.5256-10/38526125_690705651287218_4524931059187449856_n.jpg?_nc_cat=100&_nc_sid=ad6a45&_nc_ohc=XLlTr7ZlGcYAX8lORIx&_nc_ht=scontent-gru2-2.xx&oh=932ee28eddc44ef5f602ad8fd7c06347&oe=5EAE2867,3557,80,33,23,358,756,True
2018-09-02T00:58:17+0000,904277726319518_1924317807648833, , ,605,added_photos,https://scontent-gru1-1.xx.fbcdn.net/v/t1.0-9/s720x720/40504565_1924317784315502_5900832375151001600_n.jpg?_nc_cat=103&_nc_sid=dd9801&_nc_ohc=avuDdbSbhMMAX_XjG_4&_nc_ht=scontent-gru1-1.xx&_nc_tp=7&oh=206bc4cbd4ddfaf088898432a46bd455&oe=5EACC29E,3164,16,48,2,9,1296,False
2018-09-01T23:33:48+0000,904277726319518_304998553388722,fernando haddad representante lula encontro militancia maceio alagoas,fh representante lula encontro militancia maceio alagoas,2634,added_video,https://scontent-gru2-2.xx.fbcdn.net/v/t15.5256-10/38972153_305001000055144_2823829431049519104_n.jpg?_nc_cat=102&_nc_sid=ad6a45&_nc_ohc=jLBVpv4tlfkAX-8WE4g&_nc_ht=scontent-gru2-2.xx&oh=a7cfa5d45e98db157546e01f7c7a690b&oe=5EADFD5A,4373,66,24,2,43,1208,True
2018-09-01T23:07:55+0000,904277726319518_716488438743785,fernando haddad representante lula encontro militancia maceio alagoas,fh representante lula encontro militancia maceio alagoas,1782,added_video,https://scontent-gru2-1.xx.fbcdn.net/v/t15.5256-10/38661474_716490862076876_559567215704145920_n.jpg?_nc_cat=109&_nc_sid=ad6a45&_nc_ohc=798PC8lHpH0AX8m-GyM&_nc_ht=scontent-gru2-1.xx&oh=2a413c5591b63756bbe88589a0cef5df&oe=5EAC47C0,2848,26,15,1,26,683,True
2018-09-01T20:51:41+0000,904277726319518_493649304376263,caminhada representante lula fernando haddad garanhuns terra natal expresidente,caminhada representante lula fh garanhuns terra natal expresidente,1154,added_video,https://scontent-gru2-1.xx.fbcdn.net/v/t15.5256-10/38944749_493656537708873_4534011715267854336_n.jpg?_nc_cat=109&_nc_sid=ad6a45&_nc_ohc=yLKqz_mRIuMAX-ihNml&_nc_ht=scontent-gru2-1.xx&oh=a75bd91cfe15e614a550e754429327f8&oe=5EAC2F41,3341,48,17,2,36,769,True
2018-09-01T20:23:31+0000,904277726319518_960558977478182,caminhada representante lula fernando haddad garanhuns terra natal expresidente,caminhada representante lula fh garanhuns terra natal expresidente,546,added_video,https://scontent-gru2-2.xx.fbcdn.net/v/t15.5256-10/38103003_960559914144755_2793448928341655552_n.jpg?_nc_cat=100&_nc_sid=ad6a45&_nc_ohc=fj3RWHJfYG4AX_sM4KJ&_nc_ht=scontent-gru2-2.xx&oh=a3a31a60c52f340c579b76f6af2ebbef&oe=5EACF29D,2292,17,9,2,9,441,True
2018-09-01T19:47:36+0000,904277726319518_460070734492855,caminhada representante lula fernando haddad garanhuns terra natal expresidente,caminhada representante lula fh garanhuns terra natal expresidente,2369,added_video,https://scontent-gru2-1.xx.fbcdn.net/v/t15.5256-10/38656946_460071221159473_675366285692895232_n.jpg?_nc_cat=107&_nc_sid=ad6a45&_nc_ohc=EZa4606gsPUAX_YCUrk&_nc_ht=scontent-gru2-1.xx&oh=b74148fbeeee9fd015faf68394c5f9e9&oe=5EAE3055,4991,58,30,10,109,1101,True
2018-09-01T19:38:05+0000,904277726319518_324742701614780,caminhada representante lula fernando haddad garanhuns terra natal expresidente,caminhada representante lula fh garanhuns terra natal expresidente,1746,added_video,https://scontent-gru2-2.xx.fbcdn.net/v/t15.5256-10/38087964_324742921614758_4070990644208730112_n.jpg?_nc_cat=102&_nc_sid=ad6a45&_nc_ohc=IicGGEZnHwYAX--8Zkv&_nc_ht=scontent-gru2-2.xx&oh=89963f53105e3e544d59dddd18d8ee0f&oe=5EAD9E70,3091,42,25,2,54,717,True
2018-09-01T17:13:45+0000,904277726319518_687298434972537,assista primeiro programa pt acaba ir ar vamos trazer brasil lula volta,assista primeiro programa pt acaba ir ar vamos trazer brasil lula volta,16763,added_video,https://scontent-gru1-1.xx.fbcdn.net/v/t15.13418-10/38946862_1536042339829971_4660689413431361536_n.jpg?_nc_cat=101&_nc_sid=ad6a45&_nc_ohc=BOeUFTnl-JoAX8oqBx9&_nc_ht=scontent-gru1-1.xx&oh=5ea7a8c0100a227d472244e8f420d8e7&oe=5EAF5443,24011,791,85,38,133,2273,True
2018-09-01T16:51:58+0000,904277726319518_706985379699853,fernando haddad vice lula coletiva garanhuns pernambuco,fh vice lula coletiva garanhuns pernambuco,942,added_video,https://scontent-gru2-1.xx.fbcdn.net/v/t15.5256-10/38087517_706997833031941_392495740963782656_n.jpg?_nc_cat=109&_nc_sid=ad6a45&_nc_ohc=KZuK9ApiMEoAX9cyjaA&_nc_ht=scontent-gru2-1.xx&oh=cc1e653aa0136d95b752cdfa97d44201&oe=5EAFF8ED,3067,19,21,1,18,661,True
2018-09-01T16:02:04+0000,904277726319518_267153130601169,haddad encontra parentes lula garanhuns,fh encontra parentes lula garanhuns,6331,added_video,https://scontent-gru2-2.xx.fbcdn.net/v/t15.5256-10/p526x296/38758203_267157297267419_401201751341924352_n.jpg?_nc_cat=100&_nc_sid=ad6a45&_nc_ohc=ngH-G2twR5oAX_zpm5D&_nc_ht=scontent-gru2-2.xx&_nc_tp=6&oh=de5ee5493f0cebb81f17bef7aed7a25c&oe=5EAE1B31,9592,276,42,24,466,2759,True
2018-09-01T00:14:01+0000,904277726319518_448099655684800,assista programa eleitoral lula presidente querem proibir passar tv mostre amigos compartilhe curta pagina haddad acompanhe redes sociais movimento democracia vontade povo urnas lulapresidente,assista programa eleitoral lula presidente querem proibir passar tv mostre amigos compartilhe curta pagina fh acompanhe redes sociais movimento democracia vontade povo urnas lulapresidente,3567,added_video,https://scontent-gru2-1.xx.fbcdn.net/v/t15.5256-10/38042746_448109085683857_5031542453413347328_n.jpg?_nc_cat=109&_nc_sid=ad6a45&_nc_ohc=Xzvj2luuUyMAX-Qv7d2&_nc_ht=scontent-gru2-1.xx&oh=695c75e9222f88e25e8435e94ee93b8b&oe=5EACFF55,3781,90,26,4,8,1033,True
2018-08-31T20:50:06+0000,904277726319518_308285579727353,vice lula fernando haddad grande caminhada campanha lulapresidente centro fortaleza,vice lula fh grande caminhada campanha lulapresidente centro fortaleza,1431,added_video,https://scontent-gru2-2.xx.fbcdn.net/v/t15.5256-10/38967910_308294979726413_4011882213359484928_n.jpg?_nc_cat=102&_nc_sid=ad6a45&_nc_ohc=l4ydpN1OG3YAX-XMTXb&_nc_ht=scontent-gru2-2.xx&oh=45859f37d3c093ea144c69a00bdd459b&oe=5EAE5937,2841,35,16,1,16,615,True
2018-08-31T20:22:36+0000,904277726319518_2033497536684545,vice lula fernando haddad grande caminhada campanha lulapresidente centro fortaleza,vice lula fh grande caminhada campanha lulapresidente centro fortaleza,964,added_video,https://scontent-gru1-1.xx.fbcdn.net/v/t15.5256-10/38029471_2033499270017705_5283834304168722432_n.jpg?_nc_cat=103&_nc_sid=ad6a45&_nc_ohc=2gwo3GP0td4AX8rmYdd&_nc_ht=scontent-gru1-1.xx&oh=1c9acf95512cd1abc7d73603875fd7c1&oe=5EACA61B,2349,15,18,0,3,452,True
2018-08-31T19:54:18+0000,904277726319518_723217421349761,vice lula fernando haddad grande caminhada campanha lulapresidente centro fortaleza,vice lula fh grande caminhada campanha lulapresidente centro fortaleza,330,added_video,https://scontent-gru2-2.xx.fbcdn.net/v/t15.5256-10/38973851_723264008011769_8315960822916448256_n.jpg?_nc_cat=102&_nc_sid=ad6a45&_nc_ohc=9_uUqTYHJ1UAX-oma15&_nc_ht=scontent-gru2-2.xx&oh=87790a257efe52e6747ed8ada4125855&oe=5EAEAF33,1607,9,13,0,4,338,True
2018-08-31T19:16:47+0000,904277726319518_331784527592134,vice representante lula fernando haddad faz entrevista coletiva jornalistas fortaleza capital ceara lulapresidente,vice representante lula fh faz entrevista coletiva jornalistas fortaleza capital ceara lulapresidente,595,added_video,https://scontent-gru2-2.xx.fbcdn.net/v/t15.5256-10/38051911_331794560924464_2277295959325016064_n.jpg?_nc_cat=102&_nc_sid=ad6a45&_nc_ohc=zHzqqP2-7d8AX-GYYCl&_nc_ht=scontent-gru2-2.xx&oh=a9d35fea2ea7b63a2832822a58f68f56&oe=5EACD154,1980,9,15,1,3,355,True
2018-08-31T15:36:41+0000,904277726319518_2183872578528421,entrevista vice lula fernando haddad jornal povo ceara,entrevista vice lula fh jornal povo ceara,3522,added_video,https://scontent-gru2-1.xx.fbcdn.net/v/t15.5256-10/38088360_2183874788528200_1043670494512939008_n.jpg?_nc_cat=107&_nc_sid=ad6a45&_nc_ohc=Z_32fePScIEAX-N5aeo&_nc_ht=scontent-gru2-1.xx&oh=78b4ef77f515c6e9199168e566c2ef22&oe=5EADECED,4488,20,24,2,37,1029,True
2018-08-31T14:07:31+0000,904277726319518_267313433916155,vamos trazer brasil lula volta lulapresidente,vamos trazer brasil lula volta lulapresidente,4834,added_video,https://scontent-gru2-1.xx.fbcdn.net/v/t15.5256-10/38981142_267313750582790_74134099056394240_n.jpg?_nc_cat=107&_nc_sid=ad6a45&_nc_ohc=NL4JEeN0ZpEAX_1AP_k&_nc_ht=scontent-gru2-1.xx&oh=911103816698eea021ff913d9e1b4728&oe=5EAEBD96,7412,142,29,2,35,1082,True
2018-08-31T14:06:16+0000,904277726319518_231047384423417,recepcao fernando haddad vice lula aeroporto fortaleza,recepcao fh vice lula aeroporto fortaleza,2257,added_video,https://scontent-gru1-1.xx.fbcdn.net/v/t15.5256-10/38087826_231048197756669_5525652159913263104_n.jpg?_nc_cat=101&_nc_sid=ad6a45&_nc_ohc=2YopDgxhcaMAX9_91ja&_nc_ht=scontent-gru1-1.xx&oh=e5ce2b3fa9dabad79039023b7e21a059&oe=5EAC62C4,2869,40,21,3,35,921,True
2018-08-30T21:48:54+0000,904277726319518_229971037679542,caminhada lula presidente curitiba,caminhada lula presidente curitiba,768,added_video,https://scontent-gru1-1.xx.fbcdn.net/v/t15.5256-10/38960431_229971467679499_4261709001995059200_n.jpg?_nc_cat=101&_nc_sid=ad6a45&_nc_ohc=Eg6MWfC0vpgAX9giRIJ&_nc_ht=scontent-gru1-1.xx&oh=5fa68fec90637bfdaf244bf4d91ef9df&oe=5EAED593,1746,12,18,2,5,456,True
2018-08-30T20:04:50+0000,904277726319518_443952702760682,fernando haddad fala sobre arbitrariedades prisao politica lula apos visita expresidente,fh fala sobre arbitrariedades prisao politica lula apos visita expresidente,1712,added_video,https://scontent-gru2-2.xx.fbcdn.net/v/t15.5256-10/38659520_443954349427184_2378151450816544768_n.jpg?_nc_cat=100&_nc_sid=ad6a45&_nc_ohc=z1rVTZ83hh4AX8YZ4SA&_nc_ht=scontent-gru2-2.xx&oh=6b765c191873b14e24fae2ea22e148e9&oe=5EAC759C,3226,30,23,10,33,503,True
2018-08-30T19:50:55+0000,904277726319518_289344558336873,lider socialdemocracia alema martin schulz relata visita lula prisao lulalivreja,lider socialdemocracia alema martin schulz relata visita lula prisao lulalivreja,1832,added_video,https://scontent-gru2-1.xx.fbcdn.net/v/t15.5256-10/37815517_289355458335783_4874594354028609536_n.jpg?_nc_cat=109&_nc_sid=ad6a45&_nc_ohc=WRwKOQN5GsAAX9l79HI&_nc_ht=scontent-gru2-1.xx&oh=79cec5fc3f1ae53ae6b47b4fe5b08755&oe=5EAE36B5,2148,8,26,1,1,467,True
2018-08-30T18:17:13+0000,904277726319518_1921544011259546,agora senador roberto requiao cardapio pao mortadela foto ricardo stuckert,agora senador roberto requiao cardapio pao mortadela foto ricardo stuckert,3832,added_photos,https://scontent-gru1-1.xx.fbcdn.net/v/t1.0-9/s720x720/40337248_1921543951259552_5502542083354787840_n.jpg?_nc_cat=101&_nc_sid=110474&_nc_ohc=uHMVXofdueMAX-yXhI6&_nc_ht=scontent-gru1-1.xx&_nc_tp=7&oh=2f0dee8a90a72513f4d8a84c423bfa44&oe=5EAF1235,6506,1682,25,7,11,2609,True
2018-08-30T11:54:23+0000,904277726319518_231202810881668,vice lula fernando haddad fala radio tiradentes manaus sobre planolula brasil,vice lula fh fala radio tiradentes manaus sobre planolula brasil,674,added_video,https://scontent-gru2-2.xx.fbcdn.net/v/t15.5256-10/38724179_231213754213907_8921294729090433024_n.jpg?_nc_cat=100&_nc_sid=ad6a45&_nc_ohc=e3upcUCXTUIAX-tVUoM&_nc_ht=scontent-gru2-2.xx&oh=f93d3b47ef9b1a71f932c0bd64c3be99&oe=5EACCF58,1523,5,29,1,2,366,True
2018-08-30T00:46:02+0000,904277726319518_298840140697462,amanha estarei curitiba visitar presidente lula levar mensagem povo parana visita faremos grande caminhada saindo praca santos andrade h lulapresidente lulalivreja,amanha estarei curitiba visitar presidente lula levar mensagem povo parana visita faremos grande caminhada saindo praca santos andrade h lulapresidente lulalivreja,1322,added_video,https://scontent-gru2-2.xx.fbcdn.net/v/t15.5256-10/38780334_298840320697444_2286242384792518656_n.jpg?_nc_cat=102&_nc_sid=ad6a45&_nc_ohc=wCVo2A57TFYAX8d2CCm&_nc_ht=scontent-gru2-2.xx&oh=d15ed576a79025eb691f5010ca21e840&oe=5EAF2B8F,2211,7,19,1,3,298,True
2018-08-29T18:31:32+0000,904277726319518_1977577569201054,desmonte industria petroleo gas conduzido governo temer conjunto psdb destruiu milhares postos trabalho estado rio janeiro ontem niteroi sao goncalo conversando sobre propostas planolula governo retomada geracao empregos foco fortalecimento producao nacional lulapresidente,desmonte industria petroleo gas conduzido governo temer conjunto psdb destruiu milhares postos trabalho estado rio janeiro ontem niteroi sao goncalo conversando sobre propostas planolula governo retomada geracao empregos foco fortalecimento producao nacional lulapresidente,4890,added_video,https://scontent-gru1-1.xx.fbcdn.net/v/t15.5256-10/38969886_1977578865867591_5187853768061878272_n.jpg?_nc_cat=110&_nc_sid=ad6a45&_nc_ohc=kLQYLYqhbwMAX9CrB7W&_nc_ht=scontent-gru1-1.xx&oh=976cfc828fae8b561310396c57541892&oe=5EAD138F,20696,249,31,3,79,783,True
2018-08-29T14:36:44+0000,904277726319518_2162209227359773,campanha lulapresidente ja passou seis estados nordeste piaui bahia sergipe paraiba rio grande norte maranhao todas cidades visitamos mostraram caracteristica comum povo brasileiro fe vamos retomar democracia obrigado milhares somaram nessa etapa jornada vamos frente ate lula subir rampa planalto,campanha lulapresidente ja passou seis estados nordeste piaui bahia sergipe paraiba rio grande norte maranhao todas cidades visitamos mostraram caracteristica comum povo brasileiro fe vamos retomar democracia obrigado milhares somaram nessa etapa jornada vamos frente ate lula subir rampa planalto,9665,added_video,https://scontent-gru2-2.xx.fbcdn.net/v/t15.5256-10/38087460_2162210944026268_3611880965506334720_n.jpg?_nc_cat=102&_nc_sid=ad6a45&_nc_ohc=m5Ss29SAtM8AX8kF5ru&_nc_ht=scontent-gru2-2.xx&oh=e0e645093f522238a474ff131449cd79&oe=5EAD23B0,23119,279,66,1,97,1240,True
2018-08-29T13:53:11+0000,904277726319518_500166247127603,vice lula fernando haddad coletiva imprensa belo horizonte,vice lula fh coletiva imprensa belo horizonte,653,added_video,https://scontent-gru1-1.xx.fbcdn.net/v/t15.5256-10/38959850_500168500460711_14046342649217024_n.jpg?_nc_cat=108&_nc_sid=ad6a45&_nc_ohc=TSn7FHbnFWIAX97rfEx&_nc_ht=scontent-gru1-1.xx&oh=b11927312444aebf05aec9f089616672&oe=5EAE54BA,1503,2,23,0,1,310,True
2018-08-29T13:23:34+0000,904277726319518_243442353024493,vice lula fernando haddad coletiva imprensa belo horizonte,vice lula fh coletiva imprensa belo horizonte,630,added_video,https://scontent-gru2-2.xx.fbcdn.net/v/t15.5256-10/38103289_243442463024482_5204116610188574720_n.jpg?_nc_cat=100&_nc_sid=ad6a45&_nc_ohc=FkFfmPjM-b0AX-bM_Jn&_nc_ht=scontent-gru2-2.xx&oh=b3ff2b6f7931ed6009ad255be640369f&oe=5EAD52DE,1782,6,27,0,3,465,True
2018-08-29T10:12:04+0000,904277726319518_677836972587113,vice lula fernando haddad fala minas gerais radio itatiaia sobre planolula,vice lula fh fala minas gerais radio itatiaia sobre planolula,2029,added_video,https://scontent-gru2-2.xx.fbcdn.net/v/t15.5256-10/37909060_677841222586688_1220429946594263040_n.jpg?_nc_cat=106&_nc_sid=ad6a45&_nc_ohc=hbZSDgaUn4QAX-6u6-g&_nc_ht=scontent-gru2-2.xx&oh=a5ac8358a9abe21fb666e0599635f819&oe=5EADF04F,2595,9,23,2,9,582,True
2018-08-28T23:24:41+0000,904277726319518_2059063804424269,ato lulapresidente minas gerais fernando haddad fernando pimentel,ato lulapresidente minas gerais fh fh pimentel,645,added_video,https://scontent-gru1-1.xx.fbcdn.net/v/t15.5256-10/37910141_2059080711089245_7368659894058090496_n.jpg?_nc_cat=110&_nc_sid=ad6a45&_nc_ohc=Xv-6C9iHPkcAX8YKnbb&_nc_ht=scontent-gru1-1.xx&oh=e138efb2f01ee30cf72bb597cc4eb658&oe=5EAFB7A0,1758,7,17,0,8,539,True
2018-08-28T16:01:10+0000,904277726319518_321176681964893,coletiva vice lula fernando haddad imprensa rio janeiro sobre planolula,coletiva vice lula fh imprensa rio janeiro sobre planolula,438,added_video,https://scontent-gru1-1.xx.fbcdn.net/v/t15.5256-10/38299524_321188715297023_4879246774272786432_n.jpg?_nc_cat=101&_nc_sid=ad6a45&_nc_ohc=41TzIYr881IAX-MbkPv&_nc_ht=scontent-gru1-1.xx&oh=ae243cb44c753750486258e4120a6bb1&oe=5EAC9D44,1441,10,14,1,6,352,True
2018-08-28T15:00:31+0000,904277726319518_216017482606184,caminhada sao goncalo rj fernando haddad vice lula lulapresidente,caminhada sao goncalo rj fh vice lula lulapresidente,943,added_video,https://scontent-gru2-1.xx.fbcdn.net/v/t15.5256-10/38007441_216022419272357_7121105091582492672_n.jpg?_nc_cat=107&_nc_sid=ad6a45&_nc_ohc=m2dKotSCYeUAX867yQ-&_nc_ht=scontent-gru2-1.xx&oh=390dddd07d1f6a9842a0aeba62e73d15&oe=5EADA353,1792,9,18,0,2,303,True
2018-08-28T14:45:26+0000,904277726319518_2120170958226021,caminhada sao goncalo rj fernando haddad vice lula lulapresidente,caminhada sao goncalo rj fh vice lula lulapresidente,684,added_video,https://scontent-gru2-2.xx.fbcdn.net/v/t15.5256-10/38076483_2120177738225343_5236562635683528704_n.jpg?_nc_cat=102&_nc_sid=ad6a45&_nc_ohc=nlrdB2b-sskAX946wNW&_nc_ht=scontent-gru2-2.xx&oh=b5fe614874207ba5a7fa274c3a5dccd4&oe=5EAE9442,1943,11,17,0,10,337,True
2018-08-28T13:03:06+0000,904277726319518_427909837732386,haddad vice lula visita estaleiro alianca niteroi ja mil empregados agora quase fechando lulapresidente,fh vice lula visita estaleiro alianca niteroi ja mil empregados agora quase fechando lulapresidente,303,added_video,https://scontent-gru1-1.xx.fbcdn.net/v/t15.5256-10/37953338_427918387731531_152544576790331392_n.jpg?_nc_cat=110&_nc_sid=ad6a45&_nc_ohc=wkA97-ePpA4AX9_UThh&_nc_ht=scontent-gru1-1.xx&oh=978fcceb037e4907f49d662bf401f742&oe=5EAE3DF9,987,2,15,2,2,172,True
2018-08-28T12:45:26+0000,904277726319518_232564860750723,haddad vice lula visita estaleiro alianca niteroi ja mil empregados agora quase fechando lulapresidente,fh vice lula visita estaleiro alianca niteroi ja mil empregados agora quase fechando lulapresidente,419,added_video,https://scontent-gru1-1.xx.fbcdn.net/v/t15.5256-10/38855017_232568920750317_925986230233989120_n.jpg?_nc_cat=108&_nc_sid=ad6a45&_nc_ohc=PYlel3B2BUEAX9qP1wg&_nc_ht=scontent-gru1-1.xx&oh=74290607fa6a87df94a22856fea6d710&oe=5EAE26B6,675,2,11,6,2,125,True
2018-08-28T12:27:34+0000,904277726319518_2155206994741634,haddad vice lula visita estaleiro alianca niteroi ja mil empregados agora quase fechando lulapresidente,fh vice lula visita estaleiro alianca niteroi ja mil empregados agora quase fechando lulapresidente,841,added_video,https://scontent-gru2-1.xx.fbcdn.net/v/t15.5256-10/38626344_2155239088071758_3261309332326711296_n.jpg?_nc_cat=109&_nc_sid=ad6a45&_nc_ohc=WUmzYKzkAWcAX8eOjXY&_nc_ht=scontent-gru2-1.xx&oh=7b9409b6aec81be35b93415b37b9f1d4&oe=5EAEA8F6,1015,4,23,5,6,169,True
2018-08-27T18:40:00+0000,904277726319518_287088955424500,ver filho formado felicidade imensa filho empregada domestica sonho realizado espero lula volte pt volte depoimentos brasil ontem hoje vamos juntos reconstruir brasil amanha lulapresidente,ver filho formado felicidade imensa filho empregada domestica sonho realizado espero lula volte pt volte depoimentos brasil ontem hoje vamos juntos reconstruir brasil amanha lulapresidente,2536,added_video,https://scontent-gru2-2.xx.fbcdn.net/v/t15.5256-10/37818053_287090252091037_3680493428837187584_n.jpg?_nc_cat=100&_nc_sid=ad6a45&_nc_ohc=2-i-kvqZhCYAX_6OFol&_nc_ht=scontent-gru2-2.xx&oh=9f84ca6a148e08fe31fcbb5825e769f1&oe=5EAFBDC3,9143,69,17,72,24,486,True
2018-08-27T15:39:26+0000,904277726319518_447067149118500,haddad relata visita lula curitiba,fh relata visita lula curitiba,615,added_video,https://scontent-gru2-2.xx.fbcdn.net/v/t15.5256-10/38103067_447100425781839_7711988941066338304_n.jpg?_nc_cat=102&_nc_sid=ad6a45&_nc_ohc=NrrTkHZ95OsAX9RAqRK&_nc_ht=scontent-gru2-2.xx&oh=c0e4a5e3c80d60b577ccec278f2d6e43&oe=5EACA9D3,1605,11,19,2,3,394,True
2018-08-25T14:44:49+0000,904277726319518_529135860892511,juventude maranhao recado presidente lula lulapresidente video ricardo stuckert,juventude maranhao recado presidente lula lulapresidente video ricardo stuckert,3409,added_video,https://scontent-gru2-2.xx.fbcdn.net/v/t15.5256-10/38748739_529136657559098_7173172520550400000_n.jpg?_nc_cat=106&_nc_sid=ad6a45&_nc_ohc=9CLl5UDAkDUAX_sDtnT&_nc_ht=scontent-gru2-2.xx&oh=f970ae9a38c74e0ffd816d03c757e519&oe=5EADF90C,18371,271,38,5,72,1003,True
2018-08-25T13:35:56+0000,904277726319518_282671069224267,fernando haddad vice lula flavio dino governador maranhao lulapresidente,fh vice lula flavio dino governador maranhao lulapresidente,264,added_video,https://scontent-gru2-2.xx.fbcdn.net/v/t15.5256-10/37644816_282672482557459_1576298412616187904_n.jpg?_nc_cat=106&_nc_sid=ad6a45&_nc_ohc=r9zx_YE7xLoAX8X0FQV&_nc_ht=scontent-gru2-2.xx&oh=f9a83aa3468c6711ab35977bcf6d2427&oe=5EAE4C24,1344,5,25,0,3,243,True
2018-08-25T12:57:55+0000,904277726319518_327469014495392,caminhada fernando haddad vice lula cidade viana maranhao lulapresidente,caminhada fh vice lula cidade viana maranhao lulapresidente,1481,added_video,https://scontent-gru2-2.xx.fbcdn.net/v/t15.5256-10/38729197_327473741161586_8601104255748669440_n.jpg?_nc_cat=106&_nc_sid=ad6a45&_nc_ohc=H8SXEY4J0y0AX8FGDly&_nc_ht=scontent-gru2-2.xx&oh=50d3d679eb7e5546b204100cbb8882e2&oe=5EAC5EEA,2561,22,36,2,15,467,True
2018-08-25T12:16:43+0000,904277726319518_324181341476260,caminhada fernando haddad vice lula cidade viana maranhao lulapresidente,caminhada fh vice lula cidade viana maranhao lulapresidente,1543,added_video,https://scontent-gru1-1.xx.fbcdn.net/v/t15.5256-10/37966826_324182901476104_8765332848686137344_n.jpg?_nc_cat=108&_nc_sid=ad6a45&_nc_ohc=YtUHbFpSJF4AX8OIqdw&_nc_ht=scontent-gru1-1.xx&oh=7a5c2806d7dfd8f9368692afc87ab47b&oe=5EAF4BD3,2383,17,30,2,15,434,True
2018-08-25T12:13:26+0000,904277726319518_2159877140703443,caminhada fernando haddad vice lula cidade viana maranhao lulapresidente,caminhada fh vice lula cidade viana maranhao lulapresidente,549,added_video,https://scontent-gru1-1.xx.fbcdn.net/v/t15.5256-10/p526x296/37707027_2159880217369802_7297680903747141632_n.jpg?_nc_cat=108&_nc_sid=ad6a45&_nc_ohc=dFO_s7_2qVEAX_0VpZf&_nc_ht=scontent-gru1-1.xx&_nc_tp=6&oh=49a9fd17fd21cac19ecd710cc346d40e&oe=5EAD92F4,942,6,18,0,7,214,True
2018-08-25T12:08:40+0000,904277726319518_2179256245655095,caminhada fernando haddad vice lula flavio dino governador maranhao cidade viana lulapresidente,caminhada fh vice lula flavio dino governador maranhao cidade viana lulapresidente,497,added_video,https://scontent-gru2-2.xx.fbcdn.net/v/t15.5256-10/37917368_2179259552321431_223003051424743424_n.jpg?_nc_cat=105&_nc_sid=ad6a45&_nc_ohc=lke066g84QcAX8e_pEe&_nc_ht=scontent-gru2-2.xx&oh=704a77aad629ec355dc96f483d557f81&oe=5EAFA8EA,1241,11,21,0,1,360,True
2018-08-24T22:17:53+0000,904277726319518_323271331575904,ato lulapresidente sao luis governador maranhao flavio dino fernando haddad vice lula manuela davila,ato lulapresidente sao luis governador maranhao flavio dino fh vice lula manuela davila,986,added_video,https://scontent-gru2-2.xx.fbcdn.net/v/t15.5256-10/37623398_323290408240663_2507357269809692672_n.jpg?_nc_cat=105&_nc_sid=ad6a45&_nc_ohc=mE0IWfMyLzMAX9124Vt&_nc_ht=scontent-gru2-2.xx&oh=163079f687a6bd49e9800dbfd26d1ac2&oe=5EAEC8EF,2118,25,21,3,50,625,True
2018-08-24T21:03:41+0000,904277726319518_706802066354233,chegada vice lula fernando haddad sao luis maranhao flavio dino manuela davila lulapresidente,chegada vice lula fh sao luis maranhao flavio dino manuela davila lulapresidente,688,added_video,https://scontent-gru1-1.xx.fbcdn.net/v/t15.5256-10/38545645_706810753020031_2762591246177271808_n.jpg?_nc_cat=108&_nc_sid=ad6a45&_nc_ohc=dnxDX55c1JsAX-f5Wef&_nc_ht=scontent-gru1-1.xx&oh=35b3ef642aadebf693cd9ae99110fb94&oe=5EAD4497,1923,16,23,0,7,486,True
2018-08-24T17:06:01+0000,904277726319518_669426053433523,paraiba resiste luta retomada democracia assista resumo passagem campanha lulapresidente joao pessoa,paraiba resiste luta retomada democracia assista resumo passagem campanha lulapresidente joao pessoa,10108,added_video,https://scontent-gru2-1.xx.fbcdn.net/v/t15.5256-10/38265558_669428716766590_7213256093114302464_n.jpg?_nc_cat=107&_nc_sid=ad6a45&_nc_ohc=BzJ00ZsVTyIAX9BFPVe&_nc_ht=scontent-gru2-1.xx&oh=4f8fa4fcb23c4bc59610b9ee27db9a3b&oe=5EAC19CA,26361,462,61,5,107,1402,True
2018-08-24T15:03:13+0000,904277726319518_2103390079911288,inauguracao comite fatima bezerra lula mossoro rio grande norte mostraolulaglobo,inauguracao comite fatima bezerra lula mossoro rio grande norte mostraolulaglobo,551,added_video,https://scontent-gru2-1.xx.fbcdn.net/v/t15.5256-10/38959272_2103420343241595_1656397997908426752_n.jpg?_nc_cat=109&_nc_sid=ad6a45&_nc_ohc=H51ruXf-8uUAX9-c3es&_nc_ht=scontent-gru2-1.xx&oh=fb6e80c28bba1332ad02c453387378a2&oe=5EAE7457,1347,6,16,0,1,293,True
2018-08-24T14:38:54+0000,904277726319518_2365378356822213,caminhada mossoro rn fernando haddad fatima bezerra,caminhada mossoro rn fh fatima bezerra,2466,added_video,https://scontent-gru1-1.xx.fbcdn.net/v/t15.5256-10/37682614_2365381650155217_949963447804624896_n.jpg?_nc_cat=108&_nc_sid=ad6a45&_nc_ohc=aEXfRbcx4KUAX9T-y-f&_nc_ht=scontent-gru1-1.xx&oh=f82d4375a30da01ddac2553ddc64bffa&oe=5EAF495A,2958,20,30,1,10,906,True
2018-08-24T14:26:41+0000,904277726319518_532933560489508,inauguracao comite fatima bezerra lula mossoro rio grande norte mostraolulaglobo,inauguracao comite fatima bezerra lula mossoro rio grande norte mostraolulaglobo,139,added_video,https://scontent-gru1-1.xx.fbcdn.net/v/t15.5256-10/37843704_532934417156089_1807688736306102272_n.jpg?_nc_cat=108&_nc_sid=ad6a45&_nc_ohc=HYHZepDNZe4AX816qQY&_nc_ht=scontent-gru1-1.xx&oh=48b51e4bb9366ea34d5bf0f38a35ac7a&oe=5EAC6AF3,650,3,17,0,3,129,True
2018-08-24T14:16:34+0000,904277726319518_221834872009948,inauguracao comite fatima bezerra lula mossoro rio grande norte mostraolulaglobo,inauguracao comite fatima bezerra lula mossoro rio grande norte mostraolulaglobo,1197,added_video,https://scontent-gru2-2.xx.fbcdn.net/v/t15.5256-10/37664589_221837342009701_3021658459381694464_n.jpg?_nc_cat=105&_nc_sid=ad6a45&_nc_ohc=oxdNMDTzDx0AX8mg69P&_nc_ht=scontent-gru2-2.xx&oh=41bb1feb1c3de7afe199d9574202df53&oe=5EADFC62,2755,15,25,0,10,530,True
2018-08-24T12:07:18+0000,904277726319518_520662268394672,fernando haddad vice lula conversa jornalistas mossoro rn,fh vice lula conversa jornalistas mossoro rn,713,added_video,https://scontent-gru1-1.xx.fbcdn.net/v/t15.5256-10/38086893_520685905058975_8529671373293879296_n.jpg?_nc_cat=103&_nc_sid=ad6a45&_nc_ohc=L1EgtRvTmFYAX--J--w&_nc_ht=scontent-gru1-1.xx&oh=462ca5345ed462d0b507f2d33af759a5&oe=5EAFDA3E,1693,5,18,1,7,359,True
2018-08-24T01:01:54+0000,904277726319518_458299737991882,chegada fernando haddad vice lula mossoro rn lulapresidente video ricardo stuckert,chegada fh vice lula mossoro rn lulapresidente video ricardo stuckert,3485,added_video,https://scontent-gru2-2.xx.fbcdn.net/v/t15.5256-10/37692512_458300937991762_6423750338565636096_n.jpg?_nc_cat=100&_nc_sid=ad6a45&_nc_ohc=aW2RFUFS4EkAX-8sYmi&_nc_ht=scontent-gru2-2.xx&oh=573b2cd209383919ee2c08d0c407d122&oe=5EACEB6E,3402,22,23,1,7,444,True
2018-08-23T21:51:55+0000,904277726319518_2081116978565713,caminhada lulapresidente fernando haddad vice lula joao pessoa,caminhada lulapresidente fh vice lula joao pessoa,893,added_video,https://scontent-gru2-2.xx.fbcdn.net/v/t15.5256-10/38947440_2081135888563822_4942829057805910016_n.jpg?_nc_cat=105&_nc_sid=ad6a45&_nc_ohc=CChGYbV8cRgAX8oNe9O&_nc_ht=scontent-gru2-2.xx&oh=17f74f9624c1df22e3a4aa511a9f8436&oe=5EACEF0D,1976,7,16,2,6,502,True
2018-08-23T20:36:30+0000,904277726319518_2211649119069124,caminhada campanha lula joao pessoa paraiba governador ricardo coutinho vice lula fernando haddad joao azevedo candidato governo estado luiz couto veneziano vital candidatos senado federal,caminhada campanha lula joao pessoa paraiba governador ricardo coutinho vice lula fh joao azevedo candidato governo estado luiz couto veneziano vital candidatos senado federal,2225,added_video,https://scontent-gru2-1.xx.fbcdn.net/v/t15.5256-10/38537393_2211649422402427_4264852720487235584_n.jpg?_nc_cat=111&_nc_sid=ad6a45&_nc_ohc=KzCZo9kXNksAX9hut5O&_nc_ht=scontent-gru2-1.xx&oh=e382099fc1c23bd582ba00514917abd1&oe=5EAC640E,2250,6,52,0,3,531,True
2018-08-23T20:24:08+0000,904277726319518_473697683125319,caminhada campanha lula joao pessoa paraiba governador ricardo coutinho vice lula fernando haddad joao azevedo candidato governo estado luiz couto veneziano vital candidatos senado federal,caminhada campanha lula joao pessoa paraiba governador ricardo coutinho vice lula fh joao azevedo candidato governo estado luiz couto veneziano vital candidatos senado federal,1285,added_video,https://scontent-gru1-1.xx.fbcdn.net/v/t15.5256-10/37767415_473701576458263_7833094026537467904_n.jpg?_nc_cat=110&_nc_sid=ad6a45&_nc_ohc=KevGbNr63cIAX_H0h91&_nc_ht=scontent-gru1-1.xx&oh=fdc50dc0d26b31e17164992e6d670d28&oe=5EAF55A8,1905,15,22,0,18,419,True
2018-08-23T17:51:02+0000,904277726319518_237586120237229,campanha lulapresidente tomando conta todos cantos nordeste aracaju emocionante obrasilfelizdenovo,campanha lulapresidente tomando conta todos cantos nordeste aracaju emocionante obrasilfelizdenovo,54395,added_video,https://scontent-gru1-1.xx.fbcdn.net/v/t15.5256-10/37583189_237590063570168_855808096704921600_n.jpg?_nc_cat=104&_nc_sid=ad6a45&_nc_ohc=ps5dVS84sw8AX9o1UZO&_nc_ht=scontent-gru1-1.xx&oh=c22ac951d332282309782443e92ff27b&oe=5EAC7AEE,72908,1475,144,40,389,5376,True
2018-08-23T15:27:29+0000,904277726319518_236927600343801,fernando haddad vice lula concede entrevista imprensa paraiba,fh vice lula concede entrevista imprensa paraiba,710,added_video,https://scontent-gru2-2.xx.fbcdn.net/v/t15.5256-10/37691901_236950400341521_8932698764909477888_n.jpg?_nc_cat=102&_nc_sid=ad6a45&_nc_ohc=b3ZEOJ8jm2sAX8i9wAV&_nc_ht=scontent-gru2-2.xx&oh=90db43f60893d1ff3cf6308f6667eeb4&oe=5EAD5F97,1695,8,24,1,4,350,True
2018-08-23T13:39:53+0000,904277726319518_1117568325079232,vice lula fernando haddad participa ato educacao joao pessoa,vice lula fh participa ato educacao joao pessoa,917,added_video,https://scontent-gru1-1.xx.fbcdn.net/v/t15.5256-10/37542967_1117602008409197_7614113478273400832_n.jpg?_nc_cat=108&_nc_sid=ad6a45&_nc_ohc=aCxKysBxo18AX-pv4an&_nc_ht=scontent-gru1-1.xx&oh=2f6ab7b6226ff9481196c913ad2150ad&oe=5EAFAF3B,1672,5,19,1,6,361,True
2018-08-23T00:53:08+0000,904277726319518_1521604347939527,inauguracao comite campanha lulapresidente haddad vice campina grande paraiba,inauguracao comite campanha lulapresidente fh vice campina grande paraiba,791,added_video,https://scontent-gru1-1.xx.fbcdn.net/v/t15.5256-10/38103001_1521666514599977_4174721203988070400_n.jpg?_nc_cat=103&_nc_sid=ad6a45&_nc_ohc=FQmMI8mYy88AX9liAiL&_nc_ht=scontent-gru1-1.xx&oh=4599a0a1b9fc5faa3b4ab216a282ee6b&oe=5EAEA71E,2068,7,21,0,1,553,True
2018-08-22T19:50:21+0000,904277726319518_485741248606422,fernando haddad vice lula participa caminhada centro aracaju,fh vice lula participa caminhada centro aracaju,2632,added_video,https://scontent-gru2-2.xx.fbcdn.net/v/t15.5256-10/38518789_485820421931838_2232293137378705408_n.jpg?_nc_cat=102&_nc_sid=ad6a45&_nc_ohc=YSx_dHISUn4AX_5uxWZ&_nc_ht=scontent-gru2-2.xx&oh=c8406b4e7341e322de8ca288599efd75&oe=5EACAB84,3538,53,45,6,67,1371,True
2018-08-22T18:10:19+0000,904277726319518_1910466772367270,ja recebendo alegria povo sergipano dia campanha lulapresidente oportunidade levar planolula ruas ordem botar bloco rua restabelecer democracia fotos ricardo stuckert,ja recebendo alegria povo sergipano dia campanha lulapresidente oportunidade levar planolula ruas ordem botar bloco rua restabelecer democracia fotos ricardo stuckert,152,added_photos,https://scontent-gru1-1.xx.fbcdn.net/v/t1.0-9/s720x720/39913120_1910461662367781_1647369723249164288_n.jpg?_nc_cat=110&_nc_sid=110474&_nc_ohc=R4MBOE0KNWsAX-wJj-g&_nc_ht=scontent-gru1-1.xx&_nc_tp=7&oh=3fa81d7b0f3827e1334b8a04f4ba9e0d&oe=5EACE808,752,2,18,1,1,137,True
2018-08-22T15:51:11+0000,904277726319518_318555245561051,vice lula fernando haddad conversa radio xodo todo sergipe sobre planolula brasil,vice lula fh conversa radio xodo todo sergipe sobre planolula brasil,183,added_video,https://scontent-gru1-1.xx.fbcdn.net/v/t15.5256-10/38103019_318557102227532_3223827552166477824_n.jpg?_nc_cat=110&_nc_sid=ad6a45&_nc_ohc=7nHsGhzry6MAX-YNab3&_nc_ht=scontent-gru1-1.xx&oh=3f60eb0ff7ee8df580f9586a289670b4&oe=5EADC2F0,816,5,21,0,2,215,True
2018-08-22T14:27:47+0000,904277726319518_1760256497421336,fernando haddad vice lula participa coletiva imprensa sergipe lulapresidente,fh vice lula participa coletiva imprensa sergipe lulapresidente,1580,added_video,https://scontent-gru2-2.xx.fbcdn.net/v/t15.5256-10/37668707_1760291510751168_919499167464685568_n.jpg?_nc_cat=105&_nc_sid=ad6a45&_nc_ohc=aGKPhQ8iEuUAX8o1YWt&_nc_ht=scontent-gru2-2.xx&oh=d9c65722081df964dc71034b1e6dcb17&oe=5EAFE919,2889,19,25,2,11,611,True
2018-08-22T13:50:13+0000,904277726319518_1346272992169521,fernando haddad vice lula participa coletiva imprensa sergipe lulapresidente,fh vice lula participa coletiva imprensa sergipe lulapresidente,1091,added_video,https://scontent-gru2-1.xx.fbcdn.net/v/t15.5256-10/37596176_1346275248835962_6483666571158880256_n.jpg?_nc_cat=109&_nc_sid=ad6a45&_nc_ohc=Ryp38o1gIoUAX_6ST1w&_nc_ht=scontent-gru2-1.xx&oh=422f85b7e6c49cf6392770084bdd3e54&oe=5EAF2DE6,2182,11,25,1,5,469,True
2018-08-22T13:23:25+0000,904277726319518_387815588419977,dia milhares brasilia registrar candidatura lula agora milhoes pais inteiro elegelo presidente republica primeiro turno lulapresidente,dia milhares brasilia registrar candidatura lula agora milhoes pais inteiro elegelo presidente republica primeiro turno lulapresidente,2383,added_video,https://scontent-gru2-1.xx.fbcdn.net/v/l/t15.5256-10/38247444_387818248419711_3618580732236005376_n.jpg?_nc_cat=109&_nc_sid=ad6a45&_nc_ohc=ArBc_oDlpysAX8g_s_W&_nc_ht=scontent-gru2-1.xx&oh=9dea8dc8907f646bca088ee26aedf57e&oe=5EAE4A30,6670,109,45,2,35,734,True
2018-08-22T11:00:39+0000,904277726319518_454450665039838,vice lula fernando haddad conversa salvador mario kertesz radio metropole salvador sobre planolula,vice lula fh conversa salvador mario kertesz radio metropole salvador sobre planolula,2062,added_video,https://scontent-gru2-1.xx.fbcdn.net/v/t15.5256-10/38076360_454456701705901_7313128127289360384_n.jpg?_nc_cat=111&_nc_sid=ad6a45&_nc_ohc=S6zlbtHZXmoAX_e-s3Z&_nc_ht=scontent-gru2-1.xx&oh=fa98d8ffc0a6b79fc78fd5daa77160b9&oe=5EAEEADF,2188,22,20,2,20,695,True
2018-08-22T10:45:54+0000,904277726319518_2163097690615120,vice lula fernando haddad conversa salvador mario kertesz radio metropole salvador sobre planolula,vice lula fh conversa salvador mario kertesz radio metropole salvador sobre planolula,5148,added_video,https://scontent-gru2-1.xx.fbcdn.net/v/t15.5256-10/38729347_2163107473947475_6573629651925598208_n.jpg?_nc_cat=107&_nc_sid=ad6a45&_nc_ohc=11ILEv6sY2IAX-J6D6I&_nc_ht=scontent-gru2-1.xx&oh=db31f98ccc0164842938f4c60017da3a&oe=5EAF555F,3787,26,36,4,30,1125,True
2018-08-22T10:17:26+0000,904277726319518_256316841659262,vice lula fernando haddad conversa salvador mario kertesz radio metropole salvador sobre planolula,vice lula fh conversa salvador mario kertesz radio metropole salvador sobre planolula,1359,added_video,https://scontent-gru2-1.xx.fbcdn.net/v/t15.5256-10/37288930_256333344990945_6474200781066076160_n.jpg?_nc_cat=109&_nc_sid=ad6a45&_nc_ohc=Mu5n9pGr2NsAX-v7nxT&_nc_ht=scontent-gru2-1.xx&oh=30e68a4361dba14d55af5e6b1bd7673d&oe=5EAE84C5,1971,18,26,1,24,735,True
2018-08-21T20:47:25+0000,904277726319518_583227725412977,caminhada lulapresidente salvador rui costa jaques wagner,caminhada lulapresidente salvador rui costa jaques wagner,914,added_video,https://scontent-gru2-1.xx.fbcdn.net/v/t15.5256-10/37786538_583229075412842_4173397164354961408_n.jpg?_nc_cat=109&_nc_sid=ad6a45&_nc_ohc=JUu82Ton7Y0AX9-PccL&_nc_ht=scontent-gru2-1.xx&oh=2860d18e5fe9a7ec09fc0f2edaf9bb74&oe=5EAC3751,1901,8,23,2,11,567,True
2018-08-21T19:28:05+0000,904277726319518_724328721244406,caminhada lulapresidente salvador rui costa jaques wagner,caminhada lulapresidente salvador rui costa jaques wagner,702,added_video,https://scontent-gru2-2.xx.fbcdn.net/v/t15.5256-10/37407755_724353891241889_5067770369411121152_n.jpg?_nc_cat=100&_nc_sid=ad6a45&_nc_ohc=qxSsMK06z1cAX9RkJ6l&_nc_ht=scontent-gru2-2.xx&oh=3225e765695384ade8f4823e575637da&oe=5EAED451,1700,4,22,2,1,549,True
2018-08-21T16:01:22+0000,904277726319518_1927334527573082,partir agora missao trazer lula volta tambem cada vamos ruas volta maior lider brasileiro todos tempos vamos lutar democracia lulapresidente,partir agora missao trazer lula volta tambem cada vamos ruas volta maior lider brasileiro todos tempos vamos lutar democracia lulapresidente,8967,added_video,https://scontent-gru1-1.xx.fbcdn.net/v/t15.5256-10/37922602_1927336137572921_5111520551260651520_n.jpg?_nc_cat=104&_nc_sid=ad6a45&_nc_ohc=dvrD4_LkG8EAX9tCfkq&_nc_ht=scontent-gru1-1.xx&oh=dc3e9bd305f37bc5484637735a49a9ec&oe=5EAEAD17,15634,283,72,5,71,1409,True
2018-08-21T14:37:52+0000,904277726319518_463392630829511,haddad rui costa jaques wagner juntos bahia falam imprensa sobre planolula,fh rui costa jaques wagner juntos bahia falam imprensa sobre planolula,717,added_video,https://scontent-gru1-1.xx.fbcdn.net/v/t15.5256-10/37269222_463413120827462_2920826487131078656_n.jpg?_nc_cat=108&_nc_sid=ad6a45&_nc_ohc=1rwsnG0PCTEAX-kLuEU&_nc_ht=scontent-gru1-1.xx&oh=19ceacd420748ee45730cce781d58028&oe=5EAC67EC,1498,6,25,0,4,477,True
2018-08-21T02:20:11+0000,904277726319518_2068230726542024,crianca causa impossivel diziam reclama papa reclama onu ate ja mandaram recado sobre lula,crianca causa impossivel diziam reclama papa reclama onu ate ja mandaram recado sobre lula,438,added_video,https://scontent-gru2-2.xx.fbcdn.net/v/t15.5256-10/38944752_2068232766541820_80643706109034496_n.jpg?_nc_cat=105&_nc_sid=ad6a45&_nc_ohc=pZ48AAJrcEgAX-BQmSd&_nc_ht=scontent-gru2-2.xx&oh=d80747e01fb5884fc77d97f3d747d643&oe=5EAE3700,801,5,26,0,1,113,True
2018-08-20T23:43:29+0000,904277726319518_229849424325674,planolula vai recolocar povo centro orcamento vamos retomar crescimento baseado inclusao social,planolula vai recolocar povo centro orcamento vamos retomar crescimento baseado inclusao social,7100,added_video,https://scontent-gru2-1.xx.fbcdn.net/v/t15.5256-10/37762160_229852364325380_7756086031719333888_n.jpg?_nc_cat=107&_nc_sid=ad6a45&_nc_ohc=4c9gx8aa1hoAX93VSu8&_nc_ht=scontent-gru2-1.xx&oh=0b78d0bd246353127f80957cd83de9fe&oe=5EAF347D,12752,134,45,2,32,804,True
2018-08-20T21:37:28+0000,904277726319518_332078514201875,fernando haddad participa seminario compromissos povo brasileiro soberania energetica,fh participa seminario compromissos povo brasileiro soberania energetica,869,added_video,https://scontent-gru2-2.xx.fbcdn.net/v/t15.5256-10/37950079_332102990866094_9025764903712980992_n.jpg?_nc_cat=105&_nc_sid=ad6a45&_nc_ohc=c6qkb2KcQekAX-Nbffu&_nc_ht=scontent-gru2-2.xx&oh=4d3b03cd1f57bf790d6fc2de7efbdb8a&oe=5EAC9823,1367,4,16,1,8,349,True
2018-08-20T19:48:21+0000,904277726319518_289295581848019,planolula governo seguranca publica federalizar combate crime organizado,planolula governo seguranca publica federalizar combate crime organizado,1717,added_video,https://scontent-gru2-1.xx.fbcdn.net/v/t15.5256-10/38947313_289297731847804_6677768963742498816_n.jpg?_nc_cat=107&_nc_sid=ad6a45&_nc_ohc=vD15LVijV3IAX8nTDVo&_nc_ht=scontent-gru2-1.xx&oh=f330a387461d8fe4629fe9f3181b88a2&oe=5EAFEDDD,5198,37,30,1,11,306,True
2018-08-20T15:16:00+0000,904277726319518_2126928297576237,fernando haddad vicepresidente lula fala vivo sobre visita expresidente,fh vicepresidente lula fala vivo sobre visita expresidente,465,added_video,https://scontent-gru2-2.xx.fbcdn.net/v/t15.5256-10/37884563_2126960057573061_5125505720690671616_n.jpg?_nc_cat=106&_nc_sid=ad6a45&_nc_ohc=cw-afLm9cT8AX8-6oAW&_nc_ht=scontent-gru2-2.xx&oh=d5a22db78f0cc375128625fb355e189d&oe=5EAE4F7C,1533,13,22,0,9,454,True
2018-08-20T14:54:05+0000,904277726319518_692845611068335,crise institucional so termina lula subir rampa planalto sobretudo agora manifestacao onu vamos precisar exigir seriedade instituicoes lulapresidente,crise institucional so termina lula subir rampa planalto sobretudo agora manifestacao onu vamos precisar exigir seriedade instituicoes lulapresidente,8076,added_video,https://scontent-gru2-2.xx.fbcdn.net/v/t15.5256-10/37410649_692846637734899_62647659994808320_n.jpg?_nc_cat=105&_nc_sid=ad6a45&_nc_ohc=0scOr8V7msgAX-VaLqo&_nc_ht=scontent-gru2-2.xx&oh=614314b5fa2e9c13e573247c2161cc23&oe=5EAF899A,17060,357,56,4,70,1111,True
2018-08-20T13:45:19+0000,904277726319518_1720588958066534,campanha lulapresidente desembarca salvador nesta tercafeira passaremos cinco estados bahia sergipe paraiba rio grande norte maranhao confirme presenca evento,campanha lulapresidente desembarca salvador nesta tercafeira passaremos cinco estados bahia sergipe paraiba rio grande norte maranhao confirme presenca evento,1888,added_video,https://scontent-gru2-1.xx.fbcdn.net/v/t15.5256-10/38087063_1720601904731906_4296082007517036544_n.jpg?_nc_cat=107&_nc_sid=ad6a45&_nc_ohc=-uoC4ziZMQAAX-mlHhS&_nc_ht=scontent-gru2-1.xx&oh=41db563d3e5debdaa21a48730522083a&oe=5EAE95EC,2302,1,27,0,1,418,True
2018-08-20T03:05:33+0000,904277726319518_250261315627220,fernando haddad vice chapa lula participa programa canal livre band acesse,fh vice chapa lula participa programa canal livre band acesse,4813,added_video,https://scontent-gru2-2.xx.fbcdn.net/v/t15.5256-10/37828024_250298342290184_1216067393692893184_n.jpg?_nc_cat=100&_nc_sid=ad6a45&_nc_ohc=UuQTnm3gxsoAX_wZcqI&_nc_ht=scontent-gru2-2.xx&oh=3a74fc8dac33526bfb919d23dfffe484&oe=5EAF30EC,4059,35,53,6,67,2545,True
2018-08-19T13:04:26+0000,904277726319518_211493036385406,trilha sonora volta democracia obrasilfelizdenovo,trilha sonora volta democracia obrasilfelizdenovo,1617,added_video,https://scontent-gru1-1.xx.fbcdn.net/v/t15.5256-10/37412388_211495829718460_2324786589537927168_n.jpg?_nc_cat=103&_nc_sid=ad6a45&_nc_ohc=6GcbicN2FK0AX81BZp4&_nc_ht=scontent-gru1-1.xx&oh=0351b76160ac3bc2924993a686efec1b&oe=5EAD7053,3914,36,31,5,19,682,True
2018-08-18T20:28:46+0000,904277726319518_957070001143474,nao quero favor quero justica nao troco dignidade liberdade preso politico ha quatro meses presidente lula nao pode ver perto multidao reuniu registrar candidatura dia preso curitiba lula la palavras chegaram povo brasileiro,nao quero favor quero justica nao troco dignidade liberdade preso politico ha quatro meses presidente lula nao pode ver perto multidao reuniu registrar candidatura dia preso curitiba lula la palavras chegaram povo brasileiro,3039,added_video,https://scontent-gru2-2.xx.fbcdn.net/v/t15.5256-10/38102862_957080961142378_1322096662918725632_n.jpg?_nc_cat=106&_nc_sid=ad6a45&_nc_ohc=KcqpQ-a79ccAX8lh6Vt&_nc_ht=scontent-gru2-2.xx&oh=ed6db40da6c85611214a3f6b23938939&oe=5EAF70CD,16384,200,29,3,53,789,True
2018-08-18T12:53:27+0000,904277726319518_1835783146517678,chegamos piaui noticia onu reafirmou direito lula disputar eleicoes colocamos campanha rua junto governador wellington dias agora seguimos nessa semana cinco estados nordestinos pernas lula todo brasil video ricardo stuckert,chegamos piaui noticia onu reafirmou direito lula disputar eleicoes colocamos campanha rua junto governador wellington dias agora seguimos nessa semana cinco estados nordestinos pernas lula todo brasil video ricardo stuckert,1688,added_video,https://scontent-gru2-2.xx.fbcdn.net/v/t15.5256-10/37636465_1835792589850067_133793041633771520_n.jpg?_nc_cat=106&_nc_sid=ad6a45&_nc_ohc=jaHJeaiLItoAX8xP_0n&_nc_ht=scontent-gru2-2.xx&oh=64b68af947ee885970096e74557acf30&oe=5EAFB4E3,9013,70,25,1,19,354,True
2018-08-17T23:35:53+0000,904277726319518_1901847453229202,autoridades brasileiras parecem estar dispostas evitar lula chegue planalto onu afirmou lula direito ser candidato governo brasileiro disse recomendacao nao lei tratado internacional assumido brasil,autoridades brasileiras parecem estar dispostas evitar lula chegue planalto onu afirmou lula direito ser candidato governo brasileiro disse recomendacao nao lei tratado internacional assumido brasil,292,added_photos,https://scontent-gru1-1.xx.fbcdn.net/v/t1.0-9/s720x720/39453967_1901847433229204_8639673117901324288_n.jpg?_nc_cat=101&_nc_sid=110474&_nc_ohc=fEREDHbnbD4AX_iu1si&_nc_ht=scontent-gru1-1.xx&_nc_tp=7&oh=0d800a3b0286f22bed36a93e98d50aea&oe=5EAE1C9C,1278,14,13,30,5,126,True
2018-08-17T20:34:58+0000,904277726319518_263876067560868,fernando haddad vice chapa lula participa ato campanha piaui,fh vice chapa lula participa ato campanha piaui,649,added_video,https://scontent-gru1-1.xx.fbcdn.net/v/t15.5256-10/37756295_263920267556448_8917204919497261056_n.jpg?_nc_cat=110&_nc_sid=ad6a45&_nc_ohc=gGu4vx0qlMcAX-f2Q1_&_nc_ht=scontent-gru1-1.xx&oh=db768d91d5ba8a1044cfac126754f9b8&oe=5EAC87D7,1555,10,19,0,8,340,True
2018-08-17T20:17:06+0000,904277726319518_263050194519970,fernando haddad vice chapa lula participa ato campanha piaui,fh vice chapa lula participa ato campanha piaui,225,added_video,https://scontent-gru2-1.xx.fbcdn.net/v/t15.5256-10/37304611_263050924519897_3297142991801548800_n.jpg?_nc_cat=107&_nc_sid=ad6a45&_nc_ohc=gNseo0jDqvAAX89FYcP&_nc_ht=scontent-gru2-1.xx&oh=56bd32b6c84370a09dd395fe053a4fb5&oe=5EAD8052,852,4,10,0,1,227,True
2018-08-17T19:48:54+0000,904277726319518_272622140009012,fernando haddad vice chapa lula participa ato campanha piaui,fh vice chapa lula participa ato campanha piaui,218,added_video,https://scontent-gru2-2.xx.fbcdn.net/v/t15.5256-10/38792655_272622643342295_137650072589434880_n.jpg?_nc_cat=105&_nc_sid=ad6a45&_nc_ohc=E_fSszdbokkAX9Ek2qh&_nc_ht=scontent-gru2-2.xx&oh=c40bc37e3e54fd8f044b0ab991f76ca1&oe=5EACE5BA,771,3,10,0,0,177,True
2018-08-17T15:59:16+0000,904277726319518_2044455585566041,candidato vice chapa lula fernando haddad concede coletiva imprensa piaui,candidato vice chapa lula fh concede coletiva imprensa piaui,801,added_video,https://scontent-gru1-1.xx.fbcdn.net/v/t15.5256-10/37611208_2044495068895426_8471781222803046400_n.jpg?_nc_cat=101&_nc_sid=ad6a45&_nc_ohc=xv0Y_z6kwaUAX99xfK9&_nc_ht=scontent-gru1-1.xx&oh=add75683617ad0aa80a9c4cb5a6882cb&oe=5EAE6F3D,1667,7,16,0,3,503,True
2018-08-16T20:56:23+0000,904277726319518_1994839313901543,fernando haddad vice chapa lula relata visita presidente curitiba,fh vice chapa lula relata visita presidente curitiba,573,added_video,https://scontent-gru2-1.xx.fbcdn.net/v/t15.5256-10/37776912_1994846507234157_4751210749752246272_n.jpg?_nc_cat=109&_nc_sid=ad6a45&_nc_ohc=aSvudngbW9kAX_em_W-&_nc_ht=scontent-gru2-1.xx&oh=4e65cea3611afd6f9a9cf6f9026f70c5&oe=5EADC774,965,2,10,0,2,228,True
2018-08-16T20:45:58+0000,904277726319518_865703783624143,fernando haddad vice chapa lula relata visita presidente curitiba,fh vice chapa lula relata visita presidente curitiba,380,added_video,https://scontent-gru2-1.xx.fbcdn.net/v/t15.5256-10/38004944_865705273623994_7194951702707961856_n.jpg?_nc_cat=107&_nc_sid=ad6a45&_nc_ohc=T8GH4SgOIbQAX_Z4igB&_nc_ht=scontent-gru2-1.xx&oh=5ca93647c7e5053b1c1d29febd7788d2&oe=5EAC84B3,846,4,7,0,0,220,True
2018-08-16T20:20:05+0000,904277726319518_279643402813951,celso amorim perez esquivel premio nobel paz falam sobre visita fizeram lula,celso amorim perez esquivel premio nobel paz falam sobre visita fizeram lula,288,added_video,https://scontent-gru2-2.xx.fbcdn.net/v/t15.5256-10/37284165_279677452810546_7959805311345229824_n.jpg?_nc_cat=100&_nc_sid=ad6a45&_nc_ohc=-wgF3LNNkBQAX9r9ImL&_nc_ht=scontent-gru2-2.xx&oh=65875bbaf0535e38c466258eeff1dfe8&oe=5EADAFD6,802,2,5,0,0,167,True
2018-08-16T13:38:21+0000,904277726319518_316996552180511,todos educacao fernando haddad dialogos educacaoja,todos educacao fh dialogos educacaoja,598,added_video,https://scontent-gru2-1.xx.fbcdn.net/v/t15.5256-10/38961027_317055725507927_2225071811295444992_n.jpg?_nc_cat=107&_nc_sid=ad6a45&_nc_ohc=BIYvls2c0EwAX-lPhj4&_nc_ht=scontent-gru2-1.xx&oh=0e709aa5f9be01541db0713a9533af6f&oe=5EACF794,1397,8,123,1,2,435,True
2018-08-15T19:43:28+0000,904277726319518_539597169806026,brasil brasilia dizer lulaecandidato,brasil brasilia dizer lulaecandidato,1179,added_video,https://scontent-gru2-2.xx.fbcdn.net/v/t15.5256-10/37413718_540283716404038_3073382106282328064_n.jpg?_nc_cat=102&_nc_sid=ad6a45&_nc_ohc=wKLd-8eG1Z4AX97JFER&_nc_ht=scontent-gru2-2.xx&oh=4d888b74f955baccfbac2286a308e1d3&oe=5EAF2646,2649,72,30,4,37,1084,True
2018-08-15T18:32:05+0000,904277726319518_523607281409688,coletiva imprensa sobre registro candidatura lula presidencia,coletiva imprensa sobre registro candidatura lula presidencia,535,added_video,https://scontent-gru2-1.xx.fbcdn.net/v/t15.5256-10/37875085_523629798074103_8664745646621720576_n.jpg?_nc_cat=107&_nc_sid=ad6a45&_nc_ohc=G02ZgNDZJ6sAX_7vZZR&_nc_ht=scontent-gru2-1.xx&oh=b344d7d6ad8bfaa0ede33f1f4a44e28a&oe=5EAD63DD,1682,38,22,2,16,543,True
2018-08-15T15:32:52+0000,904277726319518_320059745229373,lancamento livro caravanas esperanca lula nordeste,lancamento livro caravanas esperanca lula nordeste,283,added_video,https://scontent-gru1-1.xx.fbcdn.net/v/t15.5256-10/37614658_320070201894994_8897675303770390528_n.jpg?_nc_cat=110&_nc_sid=ad6a45&_nc_ohc=XXdfls6G74oAX9HZLPz&_nc_ht=scontent-gru1-1.xx&oh=773a26115ee846ad3cdb9e430a3af4c3&oe=5EAD186D,1043,18,22,0,3,272,True
2018-08-15T13:34:26+0000,904277726319518_278472856300917,comissao pt visita grevistas fome brasilia lulalivreja,comissao pt visita grevistas fome brasilia lulalivreja,224,added_video,https://scontent-gru2-2.xx.fbcdn.net/v/t15.5256-10/37614652_278475652967304_2054436368397893632_n.jpg?_nc_cat=105&_nc_sid=ad6a45&_nc_ohc=qRD5i8pAeHsAX_d6BEC&_nc_ht=scontent-gru2-2.xx&oh=ba251e0fd641ba729c7c439590b11203&oe=5EAF878C,975,12,19,6,0,208,True
2018-08-15T13:31:55+0000,904277726319518_508165606276450,brasil lula pensou grande tornou grande expressao potencial sempre mensagem esperanca lula traz,brasil lula pensou grande tornou grande expressao potencial sempre mensagem esperanca lula traz,571,added_video,https://scontent-gru2-2.xx.fbcdn.net/v/t15.5256-10/38087388_508166699609674_889888868357111808_n.jpg?_nc_cat=106&_nc_sid=ad6a45&_nc_ohc=0dF3LckSBlMAX96PZ8b&_nc_ht=scontent-gru2-2.xx&oh=7f508683937eb17ab03874b39a52c1c2&oe=5EAD3A10,1016,6,15,0,2,115,True
2018-08-14T19:21:16+0000,904277726319518_2167970420145513,fernando haddad participa dialogo unecs candidatos presidencia republica,fh participa dialogo unecs candidatos presidencia republica,1960,added_video,https://scontent-gru2-2.xx.fbcdn.net/v/t15.5256-10/38960231_2168037160138839_3823693518296055808_n.jpg?_nc_cat=106&_nc_sid=ad6a45&_nc_ohc=zpVqCylyVlAAX_aaoX7&_nc_ht=scontent-gru2-2.xx&oh=38d7913d9ba82d7d90f8098b95e6cc93&oe=5EACE1A9,2050,15,28,1,9,740,True
2018-08-14T16:54:10+0000,904277726319518_312141932888700,entrevista radio arapuan joao pessoa pb,entrevista radio arapuan joao pessoa pb,181,added_video,https://scontent-gru2-1.xx.fbcdn.net/v/t15.5256-10/38677784_312146756221551_3504136127428689920_n.jpg?_nc_cat=107&_nc_sid=ad6a45&_nc_ohc=XZBHVnulXf0AX-iB6Co&_nc_ht=scontent-gru2-1.xx&oh=fb228e719090168b52d82c81e8bf8907&oe=5EAD888A,667,2,21,0,1,89,True
2018-08-14T14:23:32+0000,904277726319518_878125209046706,marcha lula livre encontra brasilia defender candidatura lula presidencia,marcha lula livre encontra brasilia defender candidatura lula presidencia,1150,added_video,https://scontent-gru2-2.xx.fbcdn.net/v/t15.5256-10/37262843_878160172376543_6846045267003703296_n.jpg?_nc_cat=102&_nc_sid=ad6a45&_nc_ohc=pPkxVML50mIAX9J2Pm8&_nc_ht=scontent-gru2-2.xx&oh=c9657ab6335423bbaf90eed0db96d7fa&oe=5EADC7E7,1489,23,24,3,12,367,True
2018-08-14T13:17:04+0000,904277726319518_227364964608120,marcha lula livre encontra brasilia defender candidatura lula presidencia,marcha lula livre encontra brasilia defender candidatura lula presidencia,822,added_video,https://scontent-gru1-1.xx.fbcdn.net/v/t15.5256-10/38947110_227374957940454_2071189055839666176_n.jpg?_nc_cat=101&_nc_sid=ad6a45&_nc_ohc=4kCa5uIIvUkAX_8lkus&_nc_ht=scontent-gru1-1.xx&oh=34a1c6f5d3b6c4febabc76388ad80776&oe=5EAD78D2,1593,29,24,1,4,395,True
2018-08-13T20:52:58+0000,904277726319518_1120148864800021,fernando haddad vice chapa lula fala portal catraca livre sobre planolula governo,fh vice chapa lula fala portal catraca livre sobre planolula governo,1178,added_video,https://scontent-gru2-1.xx.fbcdn.net/v/t15.5256-10/37696562_1120252808122960_5726919953810980864_n.jpg?_nc_cat=109&_nc_sid=ad6a45&_nc_ohc=XVHo4_1BwTMAX-CNG5l&_nc_ht=scontent-gru2-1.xx&oh=4089eb969bf414b54797e7981b596281&oe=5EAD8979,2126,23,29,5,13,809,True
2018-08-13T12:15:38+0000,904277726319518_219050502125062,haddad fala planolula radialista luiz viana radio povo cbn fortaleza,fh fala planolula radialista luiz viana radio povo cbn fortaleza,1075,added_video,https://scontent-gru2-2.xx.fbcdn.net/v/t15.5256-10/38087723_219055105457935_6661887957093318656_n.jpg?_nc_cat=106&_nc_sid=ad6a45&_nc_ohc=sUO8FyaRjUMAX83Ig19&_nc_ht=scontent-gru2-2.xx&oh=2e490f85e28cd78df8946dc6a9675e85&oe=5EB009A3,2088,12,20,0,6,728,True
2018-08-10T16:42:52+0000,904277726319518_1888748841205730,haddad gleisi emidio relatam visita lula,fh gleisi emidio relatam visita lula,244,added_video,https://scontent-gru2-2.xx.fbcdn.net/v/t15.5256-10/37336418_1888752594538688_4602942512984752128_n.jpg?_nc_cat=105&_nc_sid=ad6a45&_nc_ohc=vqaPbOhr7RgAX8vPKdv&_nc_ht=scontent-gru2-2.xx&oh=ef55946409853cac3a79d22396b650d7&oe=5EACB0AF,1063,16,17,0,6,297,True
2018-08-10T01:01:45+0000,904277726319518_1887456141335000,haddad manuela gleisi gabrielli participam debatecomlula,fh manuela gleisi gabrielli participam debatecomlula,4039,added_video,https://scontent-gru1-1.xx.fbcdn.net/v/t15.5256-10/38795282_1887625141318100_7087635631215476736_n.jpg?_nc_cat=101&_nc_sid=ad6a45&_nc_ohc=WMgz7Kxb3QMAX_Do-AM&_nc_ht=scontent-gru1-1.xx&oh=e05b2dfead58f897adb05b6f69beb9f4&oe=5EADC8E6,5690,315,41,21,136,3282,True
2018-08-09T20:02:10+0000,904277726319518_1887139704699977,agradeco uol correcao titulo reportagem,agradeco uol correcao titulo reportagem,347,added_photos,https://scontent-gru1-1.xx.fbcdn.net/v/t1.0-9/38834122_1887139691366645_3979591596961169408_n.jpg?_nc_cat=108&_nc_sid=110474&_nc_ohc=cdV-VPYGug0AX-2Ev87&_nc_ht=scontent-gru1-1.xx&oh=e2bb344b573339efb6ec9a313c370e32&oe=5EADC7DC,1735,103,20,8,1,207,True
2018-08-08T16:13:53+0000,904277726319518_1885126178234663,fernando haddad candidato vice chapa lula fala radio guaiba rio grande sul,fh candidato vice chapa lula fala radio guaiba rio grande sul,1034,added_video,https://scontent-gru2-2.xx.fbcdn.net/v/t15.5256-10/35986804_1885187764895171_5270517298505973760_n.jpg?_nc_cat=100&_nc_sid=ad6a45&_nc_ohc=T3L9-KvB940AX84KIhy&_nc_ht=scontent-gru2-2.xx&oh=378c4f008a591ef09eb2bc5b5bb0933e&oe=5EB009BF,2524,27,27,3,22,870,True
2018-08-08T11:17:35+0000,904277726319518_1884669541613660,fernando haddad candidato vice chapa lula participa programa geraldo freire radio jornal pernambuco,fh candidato vice chapa lula participa programa geraldo freire radio jornal pernambuco,685,added_video,https://scontent-gru2-2.xx.fbcdn.net/v/t15.5256-10/37584887_1884707741609840_9058793962428432384_n.jpg?_nc_cat=106&_nc_sid=ad6a45&_nc_ohc=7jey1uQ2srIAX8ySWSe&_nc_ht=scontent-gru2-2.xx&oh=2e874b027a5b1d7cf4d0d82b97970335&oe=5EAEE1AB,1930,13,18,2,8,477,True
2018-08-07T15:40:31+0000,904277726319518_1883252721755342,manuela davila fernando haddad falam sobre uniao torno candidatura lula,manuela davila fh falam sobre uniao torno candidatura lula,1166,added_video,https://scontent-gru1-1.xx.fbcdn.net/v/t15.5256-10/38076697_1883382708409010_7866885128415346688_n.jpg?_nc_cat=104&_nc_sid=ad6a45&_nc_ohc=YfmYwoErkfAAX9NVscH&_nc_ht=scontent-gru1-1.xx&oh=cce900b59f2054ab1481fe35fd12308c&oe=5EAF7F05,3763,83,28,16,25,1962,True
2018-08-07T14:46:51+0000,904277726319518_1883232408424040,lula quer dia agosto protocolado registro candidatura todos faremos todos unidos torno desta causa,lula quer dia agosto protocolado registro candidatura todos faremos todos unidos torno desta causa,443,added_photos,https://scontent-gru2-1.xx.fbcdn.net/v/t1.0-9/s720x720/38666829_1883232381757376_2580635888690135040_n.jpg?_nc_cat=109&_nc_sid=110474&_nc_ohc=HmyYBE9gD8sAX_GLXhr&_nc_ht=scontent-gru2-1.xx&_nc_tp=7&oh=2c88f85b7970b1d54d868d10723df909&oe=5EAD08AE,1732,43,16,4,2,414,True
2018-08-07T13:17:23+0000,904277726319518_1883084385105509,fernando haddad concede coletiva blogueiros sobre plano lula governo planolula,fh concede coletiva blogueiros sobre plano lula governo planolula,883,added_video,https://scontent-gru2-2.xx.fbcdn.net/v/t15.5256-10/35826747_1883111561769458_1302541182898798592_n.jpg?_nc_cat=102&_nc_sid=ad6a45&_nc_ohc=nCjUpX9PdlgAX9H7aui&_nc_ht=scontent-gru2-2.xx&oh=37d5a9a07643f498839a2ba25412f3d1&oe=5EAE7872,2136,29,15,8,7,754,True
2018-08-04T20:07:02+0000,904277726319518_1878587515555196,daqueles conviccao rumo pentacampeonato petista vamos ganhar quinta eleicao consecutiva lula obrasilfelizdenovo lulalivre foto ricardo stuckert,daqueles conviccao rumo pentacampeonato petista vamos ganhar quinta eleicao consecutiva lula obrasilfelizdenovo lulalivre foto ricardo stuckert,1088,added_photos,https://scontent-gru2-2.xx.fbcdn.net/v/t1.0-9/s720x720/38504068_1878587492221865_6288069242193444864_n.jpg?_nc_cat=102&_nc_sid=110474&_nc_ohc=pgggLik-jZYAX9mqhZk&_nc_ht=scontent-gru2-2.xx&_nc_tp=7&oh=cb451e51bfa2236963ebd710a9c6e261&oe=5EAF8379,5533,256,33,62,37,1640,True
2018-07-26T17:33:52+0000,904277726319518_1863644390382842,foto ricardo stuckert,foto ricardo stuckert,22,added_photos,https://scontent-gru1-1.xx.fbcdn.net/v/t1.0-9/s720x720/37820330_1863644280382853_4714352607433326592_o.jpg?_nc_cat=103&_nc_sid=dd9801&_nc_ohc=xsVeMqbTxDYAX_H7Rfy&_nc_ht=scontent-gru1-1.xx&_nc_tp=7&oh=5757e23cfb5522b409283abc51703f8a&oe=5EAD4E3F,503,7,12,0,0,119,True
2018-07-23T15:41:20+0000,904277726319518_1858686334211981,entrevista dei reuters sobre plano lula governo,entrevista dei reuters sobre plano lula governo,252,shared_story,https://external-gru1-1.xx.fbcdn.net/safe_image.php?d=AQD7MzWhEr9IiMUP&url=https%3A%2F%2Fs3.reutersmedia.net%2Fresources%2Fr%2F%3Fm%3D02%26d%3D20180723%26t%3D2%26i%3D1286191081%26w%3D1200%26r%3DLYNXMPEE6M0QI-OBRTP&_nc_hash=AQD8S_141vLC7GDf,1808,21,5,0,3,182,True
2018-07-23T13:46:57+0000,904277726319518_1858526600894621,modelo liberal regulacao concessoes comunicacao sera vendido censura patrimonialistas podem apostar,modelo liberal regulacao concessoes comunicacao sera vendido censura patrimonialistas podem apostar,42,mobile_status_update,None,641,4,1,37,22,1,True
2018-05-20T01:59:03+0000,904277726319518_1773255312755084, , ,37,added_video,https://scontent-gru2-2.xx.fbcdn.net/v/t15.5256-10/29784164_1773255999421682_8640312909114638336_n.jpg?_nc_cat=100&_nc_sid=ad6a45&_nc_ohc=btm0Z11dofcAX_qntqc&_nc_ht=scontent-gru2-2.xx&oh=c392ff8cb083cec88fc9a93635eeb874&oe=5EAD22E6,402,1,4,0,0,144,False
2018-04-29T19:53:15+0000,904277726319518_1753770754703540,vista mirante sesc paulista reaberto hoje grande danilo miranda equipe show,vista mirante sesc paulista reaberto hoje grande danilo miranda equipe show,73,added_photos,https://scontent-gru2-1.xx.fbcdn.net/v/t31.0-0/p180x540/30821426_1753770721370210_5178938032261711319_o.jpg?_nc_cat=107&_nc_sid=dd9801&_nc_ohc=tf_uWCgDriUAX8IEhb-&_nc_ht=scontent-gru2-1.xx&_nc_tp=6&oh=75312384e8c2f90932135cded8e2a160&oe=5EAE4275,2367,1,14,0,0,263,True
2018-04-15T01:23:22+0000,904277726319518_1739266896153926,tupi or not tupi jacob bandolim celebrado isaias choroes,tupi or not tupi jacob bandolim celebrado isaias choroes,39,added_video,https://scontent-gru2-2.xx.fbcdn.net/v/t15.5256-10/27861524_1739271766153439_5477468961928904704_n.jpg?_nc_cat=106&_nc_sid=ad6a45&_nc_ohc=CwUPGNobUJAAX9YT6b-&_nc_ht=scontent-gru2-2.xx&oh=531d465bd08f78db9c92d283506f271b&oe=5EAE2759,403,3,3,1,1,170,True
2018-04-07T17:03:18+0000,904277726319518_1731706493576633,jamais aprisionarao sonhos,jamais aprisionarao sonhos,4731,added_video,https://scontent-gru1-1.xx.fbcdn.net/v/t15.5256-10/27862670_1731708253576457_406105392813178880_n.jpg?_nc_cat=101&_nc_sid=ad6a45&_nc_ohc=30OedZKqNUYAX-N8NLY&_nc_ht=scontent-gru1-1.xx&oh=4a87601a5fab7b67215421ab0251f738&oe=5EAC4C6C,7005,53,12,493,6,1869,True
2018-02-21T19:08:11+0000,904277726319518_1684690058278277,lula raduan nassar fernando moraes juca kfouri claudia zanin valeska conheceram sabado feijoada dona norma,lula raduan nassar fh moraes juca kfouri claudia zanin valeska conheceram sabado feijoada dona norma,254,added_photos,https://scontent-gru2-2.xx.fbcdn.net/v/t1.0-9/s720x720/28377596_1684690034944946_3994681244079919546_n.jpg?_nc_cat=100&_nc_sid=110474&_nc_ohc=F2ovftqqv40AX8QPkDk&_nc_ht=scontent-gru2-2.xx&_nc_tp=7&oh=59eacb934067568b7502c75245d4f4ab&oe=5EAFBEF0,2559,7,32,1,3,427,True
2018-01-24T19:53:38+0000,904277726319518_1655940894486527,acompanhe aovivo tv democracia porto alegre rs cadeaprova,acompanhe aovivo tv democracia porto alegre rs cadeaprova,204,added_video,https://scontent-gru2-1.xx.fbcdn.net/v/t15.5256-10/27244863_1656007754479841_7449494305305001984_n.jpg?_nc_cat=109&_nc_sid=ad6a45&_nc_ohc=Gc6KvneJCjMAX9ZAil1&_nc_ht=scontent-gru2-1.xx&oh=f6cb3594888ca1edb5b04911d1b8b058&oe=5EAD2347,1320,69,7,27,17,266,True
2018-01-24T17:08:49+0000,904277726319518_1655766287837321,acompanhe aovivo tv democracia porto alegre rs cadeaprova,acompanhe aovivo tv democracia porto alegre rs cadeaprova,50,added_video,https://scontent-gru1-1.xx.fbcdn.net/v/t15.5256-10/24599319_1655818594498757_790645196487393280_n.jpg?_nc_cat=101&_nc_sid=ad6a45&_nc_ohc=UOVEpJCdbM4AX-kzpjL&_nc_ht=scontent-gru1-1.xx&oh=1ea552e9c935a765eb537a6d13c7e1bb&oe=5EAF5593,245,6,1,7,59,47,True
2018-01-24T11:47:34+0000,904277726319518_1655505397863410,acompanhe aovivo tv democracia porto alegre rs cadeaprova,acompanhe aovivo tv democracia porto alegre rs cadeaprova,193,added_video,https://scontent-gru2-1.xx.fbcdn.net/v/t15.5256-10/26704596_1655749564505660_6058952987722645504_n.jpg?_nc_cat=109&_nc_sid=ad6a45&_nc_ohc=Nt0ee7rHO_gAX_MtsiM&_nc_ht=scontent-gru2-1.xx&oh=5bd5d43a65840e4a7bdafd3965f4bc93&oe=5EAC698B,432,8,3,8,36,78,True
2018-01-23T21:47:46+0000,904277726319518_1654989534581663,acompanhe aovivo tv democracia porto alegre rs grande marcha esquina democratica ato politico cultural eleicaosemlulaefraude,acompanhe aovivo tv democracia porto alegre rs grande marcha esquina democratica ato politico cultural eleicaosemlulaefraude,61,added_video,https://scontent-gru1-1.xx.fbcdn.net/v/t15.5256-10/19574064_1655010991246184_3107688505451479040_n.jpg?_nc_cat=104&_nc_sid=ad6a45&_nc_ohc=GIt9BpFAET8AX_CdH8i&_nc_ht=scontent-gru1-1.xx&oh=d698608334d66196b50d2f297fb860be&oe=5EAD5213,618,10,6,0,9,159,True
2018-01-23T21:37:36+0000,904277726319518_1654981171249166,acompanhe aovivo tv democracia porto alegre rs grande marcha esquina democratica ato politico cultural eleicaosemlulaefraude,acompanhe aovivo tv democracia porto alegre rs grande marcha esquina democratica ato politico cultural eleicaosemlulaefraude,21,added_video,https://scontent-gru1-1.xx.fbcdn.net/v/t15.5256-10/26707523_1654981524582464_603714931136659456_n.jpg?_nc_cat=101&_nc_sid=ad6a45&_nc_ohc=VOW7lLra-4AAX_msiw5&_nc_ht=scontent-gru1-1.xx&oh=a251fa161176b085d99f7d1334b7b21d&oe=5EADDFCB,167,3,3,0,1,57,True
2018-01-23T19:47:11+0000,904277726319518_1654872284593388,acompanhe aovivo tv democracia porto alegre rs grande marcha esquina democratica ato politico cultural eleicaosemlulaefraude,acompanhe aovivo tv democracia porto alegre rs grande marcha esquina democratica ato politico cultural eleicaosemlulaefraude,176,added_video,https://scontent-gru1-1.xx.fbcdn.net/v/t15.5256-10/27247284_1654884864592130_5627918745730023424_n.jpg?_nc_cat=104&_nc_sid=ad6a45&_nc_ohc=XGELfYFZLjIAX9EWb-n&_nc_ht=scontent-gru1-1.xx&oh=e1f57f8fdf903488e908b3f1ef9bf5ca&oe=5EAC1A31,612,11,7,0,4,183,True
2018-01-23T18:04:03+0000,904277726319518_1654776637936286,acompanhe aovivo tv democracia porto alegre rs grande marcha esquina democratica ato politico cultural,acompanhe aovivo tv democracia porto alegre rs grande marcha esquina democratica ato politico cultural,20,added_video,https://scontent-gru1-1.xx.fbcdn.net/v/t15.5256-10/24597156_1654837387930211_8934184123514224640_n.jpg?_nc_cat=103&_nc_sid=ad6a45&_nc_ohc=W5NlHP13y8sAX_gJl6r&_nc_ht=scontent-gru1-1.xx&oh=d894b955abd8f28f5bf83ba740ce6d41&oe=5EADD9D0,208,0,3,0,4,69,True
2018-01-23T13:05:36+0000,904277726319518_1654552087958741,acompanhe aovivo cobertura tv democracia porto alegre rs mulheres democracia direito lula ser candidato,acompanhe aovivo cobertura tv democracia porto alegre rs mulheres democracia direito lula ser candidato,122,added_video,https://scontent-gru1-1.xx.fbcdn.net/v/t15.5256-10/26707457_1654558874624729_1390479208060289024_n.jpg?_nc_cat=103&_nc_sid=ad6a45&_nc_ohc=-uEP4Vz-blAAX9bTrpk&_nc_ht=scontent-gru1-1.xx&oh=305d8b2bf9540a1d71e843d6e4d968e8&oe=5EAE85B4,534,9,5,1,1,116,True
2017-12-30T10:10:08+0000,904277726319518_1630727290341221,tarifa onibus folha x cbn durante campanha doria prometeu entrevista gravada manteria tarifa onibus quatro anos ponto cbn registrou corretamente agora cobra promessa folha spaulo omite distorce informacao considera promessa cumprida ouca entrevista materia anexa tire propria conclusao,tarifa onibus folha x cbn durante campanha doria prometeu entrevista gravada manteria tarifa onibus quatro anos ponto cbn registrou corretamente agora cobra promessa folha spaulo omite distorce informacao considera promessa cumprida ouca entrevista materia anexa tire propria conclusao,1874,shared_story,https://external-gru1-1.xx.fbcdn.net/safe_image.php?d=AQCM0NmY1cmMJURi&url=https%3A%2F%2Fs2.glbimg.com%2FXIr2obc8kBIS_8aq4E3lBaw_igw%3D%2F1200x%2Fsmart%2Ffilters%3Acover%28%29%3Astrip_icc%28%29%2Fi.s3.glbimg.com%2Fv1%2FAUTH_59edd422c0c84a879bd37670ae4f538a%2Finternal_photos%2Fbs%2F2017%2F5%2F0%2Fdoy4dtT7uvO6wur93jRQ%2Fdoria013.jpg&_nc_hash=AQDhGuoO7sJQYJvD,5231,404,35,77,719,39,True
2017-12-20T19:14:45+0000,904277726319518_1622324737848143,anotacao neta fernando morais link entrevista nocaute,anotacao neta fh morais link entrevista nocaute,21,added_photos,https://scontent-gru1-1.xx.fbcdn.net/v/t1.0-9/s720x720/25552147_1622324724514811_3693467827256354987_n.jpg?_nc_cat=103&_nc_sid=110474&_nc_ohc=Hjorh6HJJfsAX_QXNdn&_nc_ht=scontent-gru1-1.xx&_nc_tp=7&oh=5236030a25590d4b53c6162dd0ae6650&oe=5EAC2BCB,665,181,1,0,0,141,True
2017-12-19T12:23:13+0000,904277726319518_1621135307967086,gestao doria leva tempo resolver problemas zeladoria adivinha atual gestao pos culpa,gestao doria leva tempo resolver problemas zeladoria adivinha atual gestao pos culpa,186,shared_story,None,1835,478,17,68,126,9,True
2017-12-18T22:26:01+0000,904277726319518_1620650394682244,criamos maior rede municipal publica fablabs nao imaginavamos colher esplendidos frutos tao rapidamente,criamos maior rede municipal publica fablabs nao imaginavamos colher esplendidos frutos tao rapidamente,188,shared_story,https://external-gru1-1.xx.fbcdn.net/safe_image.php?d=AQD6u9LSAJUzEPAu&url=http%3A%2F%2Fs2.glbimg.com%2Fyv2IumM1SosRIBBL5wEWCN9GOGE%3D%2F1200x630%2Ffilters%3Amax_age%283600%29%2Fs02.video.glbimg.com%2Fdeo%2Fvi%2F37%2F09%2F6360937&_nc_hash=AQDtKkJgf1Lwcm6R,1552,4,4,0,0,245,True
2017-12-18T11:09:13+0000,904277726319518_1620163971397553,trabalhamos duro abertura empresas sp feita dias mostra reportagem estadao setembro folha hoje preferiu omitir informacao,trabalhamos duro abertura empresas sp feita dias mostra reportagem estadao setembro folha hoje preferiu omitir informacao,95,shared_story,None,1153,4,3,39,48,7,True
2017-12-17T18:19:19+0000,904277726319518_1619576768122940,paulista aberta,paulista aberta,19,added_video,https://scontent-gru2-2.xx.fbcdn.net/v/t15.5256-10/24573313_1619577154789568_4711654955654578176_n.jpg?_nc_cat=100&_nc_sid=ad6a45&_nc_ohc=GPcel8ry5eIAX8BX0_g&_nc_ht=scontent-gru2-2.xx&oh=1c19dddee499325d5dfb0351fa6f8ac2&oe=5EAD0960,664,0,4,0,0,138,True
2017-12-16T15:05:08+0000,904277726319518_1618448054902478,meio ambiente ecoturismo sp entenda impactos ambientais parelheiros marsilac plano diretor criacao polo ecoturismo sao paulo leis aprovadas gestao alem rios monos capivari unicos limpos cidade nove cachoeiras onde banho liberado regiao habitada diversidade especies vegetacao nativa bromelias palmitojucara animais oncas jaguatiricas jararacas corais antas preguicas regiao tambem possui mirantes pesqueiros feiras artesanato oito aldeias indigenas guarani demarcadas gestao centros ecumenicos diversas religioes enorme cratera formada impacto meteoro ha milhoes anos tudo passivel visitas monitoradas agencias turismo atuam conjunto forma comunitaria,meio ambiente ecoturismo sp entenda impactos ambientais parelheiros marsilac plano diretor criacao polo ecoturismo sao paulo leis aprovadas gestao alem rios monos capivari unicos limpos cidade nove cachoeiras onde banho liberado regiao habitada diversidade especies vegetacao nativa bromelias palmitojucara animais oncas jaguatiricas jararacas corais antas preguicas regiao tambem possui mirantes pesqueiros feiras artesanato oito aldeias indigenas guarani demarcadas gestao centros ecumenicos diversas religioes enorme cratera formada impacto meteoro ha milhoes anos tudo passivel visitas monitoradas agencias turismo atuam conjunto forma comunitaria,133,shared_story,https://external-gru1-1.xx.fbcdn.net/safe_image.php?d=AQAlBfS667P-qZgQ&url=https%3A%2F%2Fs2.glbimg.com%2FN3ozB5RMLUctZTJ5zncFQrPeUiE%3D%2F1200x%2Fsmart%2Ffilters%3Acover%28%29%3Astrip_icc%28%29%2Fs01.video.glbimg.com%2Fx720%2F6309488.jpg&_nc_hash=AQA9gunJSCWqhwjw,1051,1,8,0,0,116,True
2017-12-12T11:52:10+0000,904277726319518_1614475025299781,mec sonega dados enem institutos federais segundo ano consecutivo proposito sucatear rede federal universidades institutos cada vez evidente so nao ve nao quer,mec sonega dados enem institutos federais segundo ano consecutivo proposito sucatear rede federal universidades institutos cada vez evidente so nao ve nao quer,684,shared_story,https://external-gru1-1.xx.fbcdn.net/safe_image.php?d=AQCtdFaQevpeo1o5&url=https%3A%2F%2Ff.i.uol.com.br%2Ffotografia%2F2017%2F12%2F11%2F15130311005a2f05bc90d8d_1513031100_3x2_md.jpg&_nc_hash=AQCVcwZIje6qSo12,2013,0,10,352,400,8,True
2017-12-10T21:32:31+0000,904277726319518_1612961168784500,mtst batata,mtst batata,30,added_video,https://scontent-gru2-1.xx.fbcdn.net/v/t15.5256-10/p296x100/24540389_1612962948784322_4438613542366609408_n.jpg?_nc_cat=107&_nc_sid=ad6a45&_nc_ohc=FJq_4pP-TfkAX8EDZim&_nc_ht=scontent-gru2-1.xx&_nc_tp=6&oh=2ae4d311b5f5c85321ed613b72e48b65&oe=5EAC2039,550,2,4,0,2,124,True
2017-12-10T14:45:50+0000,904277726319518_1612651392148811,midia tradicional deveria fazer autocritica sobre militancia contra acertadas exitosas politicas afirmativas,midia tradicional deveria fazer autocritica sobre militancia contra acertadas exitosas politicas afirmativas,97,shared_story,https://external-gru1-1.xx.fbcdn.net/safe_image.php?d=AQAgE9V8-Z2PT9kY&url=https%3A%2F%2Ff.i.uol.com.br%2Ffotografia%2F2017%2F12%2F09%2F15128249615a2be0814d03d_1512824961_3x2_md.jpg&_nc_hash=AQBEWriRsKtxqJlg,1890,3,4,16,38,76,True
2017-12-08T22:54:50+0000,904277726319518_1611106205636663, , ,84,added_video,https://scontent-gru1-1.xx.fbcdn.net/v/t15.5256-10/24285824_1611108098969807_6484929613666451456_n.jpg?_nc_cat=104&_nc_sid=ad6a45&_nc_ohc=jTj12LVLnjkAX850Zo_&_nc_ht=scontent-gru1-1.xx&oh=4fea63144f3487d2f89e49711cbd75f4&oe=5EAFEA67,750,4,7,1,0,217,False
2017-12-06T16:13:41+0000,904277726319518_1608822409198376,bem simbolico professores primeiros afetados reforma trabalhista,bem simbolico professores primeiros afetados reforma trabalhista,1123,shared_story,https://external-gru1-1.xx.fbcdn.net/safe_image.php?d=AQBIpRiDKJJdR8XV&url=http%3A%2F%2Ff.i.uol.com.br%2Ffolha%2Fmercado%2Fimages%2F16183618.jpeg&_nc_hash=AQDQAuEdOOUw_maQ,3024,19,74,1310,683,5,True
2017-12-05T23:07:10+0000,904277726319518_1608149669265650,solidariedade comunidade lgbt funcionarios centro cidadania lgbt criado gestao contra atitude fascista vandalizaram depredaram,solidariedade comunidade lgbt funcionarios centro cidadania lgbt criado gestao contra atitude fascista vandalizaram depredaram,185,shared_story,https://external-gru1-1.xx.fbcdn.net/safe_image.php?d=AQA4tT9qFA4NebPD&url=https%3A%2F%2Fwww.revistaforum.com.br%2Fwp-content%2Fuploads%2F2017%2F12%2Fcidadanialgbt.png&_nc_hash=AQDZRG2X5lDbFkqq,1083,1,19,698,383,8,True
2017-12-04T12:18:09+0000,904277726319518_1606667102747240, , ,1,mobile_status_update,https://scontent-gru1-1.xx.fbcdn.net/v/t15.5256-10/24243659_194805554413232_6310839629788479488_n.jpg?_nc_cat=104&_nc_sid=ad6a45&_nc_ohc=eSPYMnd9skwAX8MBW6q&_nc_ht=scontent-gru1-1.xx&oh=8d0bce0503bbef6a2ca64bbc597dfc61&oe=5EAFFE80,1986,6,3,4,2,307,False
2017-12-02T13:49:15+0000,904277726319518_1604842619596355,ontem fez ano recebemos desafio prefeitos bloomberg projeto agricultura familiar parelheiros oitavo premio internacional gestao novamente parabens equipe administracao,ontem fez ano recebemos desafio prefeitos bloomberg projeto agricultura familiar parelheiros oitavo premio internacional gestao novamente parabens equipe administracao,4,mobile_status_update,https://scontent-gru1-1.xx.fbcdn.net/v/t15.5256-10/15260487_1236768696403751_648226288565223424_n.jpg?_nc_cat=108&_nc_sid=ad6a45&_nc_ohc=Iki6cb6Rs3IAX-N2wG5&_nc_ht=scontent-gru1-1.xx&oh=6359ff0c46cb022224fa245d320fd86b&oe=5EADC9A8,2680,1,19,0,0,523,True
2017-12-01T11:05:55+0000,904277726319518_1603717349708882,tentativa desastrada internacao compulsoria massa barrada justica gestao doria adotara acoes reducao danos cracolandia linha bracos abertos,tentativa desastrada internacao compulsoria massa barrada justica gestao doria adotara acoes reducao danos cracolandia linha bracos abertos,256,shared_story,None,1946,241,18,7,20,101,True
2017-11-26T00:49:35+0000,904277726319518_1598175676929716,marisa monte paulinho viola,marisa monte paulinho viola,90,added_video,https://scontent-gru2-2.xx.fbcdn.net/v/t15.5256-10/24133008_1598200126927271_2777292635763638272_n.jpg?_nc_cat=100&_nc_sid=ad6a45&_nc_ohc=kbxkyrOkguMAX_iKDQA&_nc_ht=scontent-gru2-2.xx&oh=e4c904a3c4bdf3104eb12cadd50471fe&oe=5EADC790,1187,4,14,0,0,433,True
2017-11-16T18:27:29+0000,904277726319518_1589387657808518,luteranos dao licao civilidade contra intolerancia religiosa oito atentados terreiro candomble kwe ceja gbe nacao djeje mahin mae santo conceicao d lissa duque caxias sera reformado doacao r mil igreja luterana,luteranos dao licao civilidade contra intolerancia religiosa oito atentados terreiro candomble kwe ceja gbe nacao djeje mahin mae santo conceicao d lissa duque caxias sera reformado doacao r mil igreja luterana,451,shared_story,https://external-gru1-1.xx.fbcdn.net/safe_image.php?d=AQCduhv41BxGcW-L&url=http%3A%2F%2Fejesa.statig.com.br%2Fbancodeimagens%2Fcw%2Fqf%2F3q%2Fcwqf3q1zrpmav8cei1oarutke.jpg&_nc_hash=AQCo-sKp93EHrpQ4,2869,1,71,0,1,544,True
2017-11-15T14:07:55+0000,904277726319518_1588304294583521,momento brasil inteiro discute educacao surdos prefeitura sp fecha central libras criada gestao surdos ficam interprete,momento brasil inteiro discute educacao surdos prefeitura sp fecha central libras criada gestao surdos ficam interprete,3098,shared_story,https://external-gru1-1.xx.fbcdn.net/safe_image.php?d=AQBGblwnZWwh4kph&url=https%3A%2F%2Fs2.glbimg.com%2FxILoytBmxsUscU80eeFg_QfGstA%3D%2F1200x%2Fsmart%2Ffilters%3Acover%28%29%3Astrip_icc%28%29%2Fs02.video.glbimg.com%2Fx720%2F6288597.jpg&_nc_hash=AQBJlbpO3vTl8xEf,2729,11,99,1659,1785,7,True
2017-11-14T11:00:39+0000,904277726319518_1587215518025732,ontem campus unifesp guarulhos todos campi fizemos reuni dificil entregar fiquei emocionado ver campus consolidado juventude enchendo auditorio discutindo educacao comprometida pais,ontem campus unifesp guarulhos todos campi fizemos reuni dificil entregar fiquei emocionado ver campus consolidado juventude enchendo auditorio discutindo educacao comprometida pais,81,added_photos,https://scontent-gru2-1.xx.fbcdn.net/v/t1.0-9/s720x720/23518822_1587215428025741_3182186364995955677_n.jpg?_nc_cat=107&_nc_sid=110474&_nc_ohc=sKLjfd_j23oAX96in8o&_nc_ht=scontent-gru2-1.xx&_nc_tp=7&oh=2a1eb73b7dd91945817fb887fe8915b7&oe=5EAD01EB,1297,0,5,0,0,216,True
2017-11-10T23:26:11+0000,904277726319518_1584052155008735,coisa preto lazaro ramos,coisa preto lazaro ramos,92,shared_story,https://external-gru1-1.xx.fbcdn.net/safe_image.php?d=AQD2JzlGgiudfQEN&url=https%3A%2F%2Fscontent-atl3-1.cdninstagram.com%2Ft51.2885-15%2Fe35%2F23347694_291333011363619_3676851017397305344_n.jpg&_nc_hash=AQBDcxZ4R-7PoMiV,1025,0,6,1,0,128,True
2017-11-09T16:22:23+0000,904277726319518_1582876298459654,obra pode salvar carreira adquira ja,obra pode salvar carreira adquira ja,5,mobile_status_update,https://scontent-gru2-1.xx.fbcdn.net/v/t15.5256-10/13896152_1123547321059223_1061929818_n.jpg?_nc_cat=111&_nc_sid=ad6a45&_nc_ohc=bzPCwv-2xAUAX_Ksuv_&_nc_ht=scontent-gru2-1.xx&oh=d72f7f9f491288ed36709fa16901aad4&oe=5EAEE4D3,3462,64,40,3,0,830,True
2017-11-05T12:02:25+0000,904277726319518_1579085232172094,enem sisu direitos humanos desde enem transformou passaporte educacao superior camadas sociais antes alijadas acesso universidade publica sisu so existe porque frente ministerio educacao educadores comprometidos direitos humanos justica social valorize conquista boa redacao todos todas bom enem,enem sisu direitos humanos desde enem transformou passaporte educacao superior camadas sociais antes alijadas acesso universidade publica sisu so existe porque frente ministerio educacao educadores comprometidos direitos humanos justica social valorize conquista boa redacao todos todas bom enem,287,mobile_status_update,None,3062,4,9,0,1,392,True
2017-11-03T13:21:17+0000,904277726319518_1577196272360990,gestao doria combate enchente durante mandato iniciamos concluimos tres obras macrodrenagem dezenas obras microdrenagem dois piscinoes cobertos cupece primeiros cobertos centro expandido ponte baixa av luiz gushiken mboi corregos sumare agua preta imediacoes allianz parque sendo saopaulino pai corintiano deixamos tambem maior conjunto obras drenagem licitado licenciado conveniado junto pac proxima gestao olha deu,gestao doria combate enchente durante mandato iniciamos concluimos tres obras macrodrenagem dezenas obras microdrenagem dois piscinoes cobertos cupece primeiros cobertos centro expandido ponte baixa av luiz gushiken mboi corregos sumare agua preta imediacoes allianz parque sendo saopaulino pai corintiano deixamos tambem maior conjunto obras drenagem licitado licenciado conveniado junto pac proxima gestao olha deu,219,shared_story,https://external-gru1-1.xx.fbcdn.net/safe_image.php?d=AQAABZuVd-jkwJtx&url=http%3A%2F%2Ff.i.uol.com.br%2Ffolha%2Fcotidiano%2Fimages%2F17306235.jpeg&_nc_hash=AQBttj1wthjINaO4,933,7,8,135,162,3,True
2017-10-31T21:30:38+0000,904277726319518_1574955882585029,pleno seculo mercado midia brasil dominado dinastias familiares concentram poder politico economico detem ampla rede poder cuja malha estende todo territorio brasileiro conclusao relatorio divulgado nesta tercafeira organizacao internacional reporteres fronteiras rsf,pleno seculo mercado midia brasil dominado dinastias familiares concentram poder politico economico detem ampla rede poder cuja malha estende todo territorio brasileiro conclusao relatorio divulgado nesta tercafeira organizacao internacional reporteres fronteiras rsf,213,mobile_status_update,None,1171,1,7,86,74,4,True
2017-10-31T20:16:39+0000,904277726319518_1574906252589992,aovivo volta falo sobre crise democracia universidade direito usp ribeirao preto,aovivo volta falo sobre crise democracia universidade direito usp ribeirao preto,72,added_video,https://scontent-gru2-1.xx.fbcdn.net/v/t15.5256-10/22905292_1574909462589671_1196889432708349952_n.jpg?_nc_cat=111&_nc_sid=ad6a45&_nc_ohc=PgVCh4SqeuYAX-889Zj&_nc_ht=scontent-gru2-1.xx&oh=69e70ba109e398bfa74866dfe15ab143&oe=5EAE4488,342,1,4,1,0,67,True
2017-10-31T19:21:40+0000,904277726319518_1574857915928159,aovivo falo agora faculdade direito usp ribeirao preto sobre crise democracia,aovivo falo agora faculdade direito usp ribeirao preto sobre crise democracia,334,added_video,https://scontent-gru2-2.xx.fbcdn.net/v/t15.5256-10/23143540_1574880145925936_6804650741572042752_n.jpg?_nc_cat=102&_nc_sid=ad6a45&_nc_ohc=5Vk7lHd1cxoAX999JcL&_nc_ht=scontent-gru2-2.xx&oh=71bf857431acb510d7619fea04eec948&oe=5EAFA43A,1075,3,7,3,3,256,True
2017-10-31T17:58:07+0000,904277726319518_1574805215933429,revista piaui distorcao premiada falta regras delacoes lava jato beneficia corruptos podem manter bens comprados dinheiro roubado furar fila progressao pena,revista piaui distorcao premiada falta regras delacoes lava jato beneficia corruptos podem manter bens comprados dinheiro roubado furar fila progressao pena,39,shared_story,https://external-gru1-1.xx.fbcdn.net/safe_image.php?d=AQD9BYobvZxxhWWC&url=http%3A%2F%2Fpiaui.folha.uol.com.br%2Fwp-content%2Fuploads%2F2017%2F10%2F31out17questoesdapolitica.jpg&_nc_hash=AQA3sucmigoW3Qh6,260,0,6,8,35,3,True
2017-10-31T10:11:31+0000,904277726319518_1574459479301336,prosseguimento algumas reflexoes sobre momento politico entrevista blog morris kachani,prosseguimento algumas reflexoes sobre momento politico entrevista blog morris kachani,242,shared_story,https://external-gru1-1.xx.fbcdn.net/safe_image.php?d=AQD3fggyCtgq7NZq&url=http%3A%2F%2Fbrasil.estadao.com.br%2Fblogs%2Finconsciente-coletivo%2Fwp-content%2Fuploads%2Fsites%2F646%2F2017%2F10%2FIMG_8146-1024x768.jpg&_nc_hash=AQDZGtrJxQO0N4M4,2054,0,5,0,1,176,True
2017-10-30T14:21:06+0000,904277726319518_1573721416041809,politica p maiusculo vamos reconstruir caminho brasil,politica p maiusculo vamos reconstruir caminho brasil,1,mobile_status_update,https://scontent-gru2-2.xx.fbcdn.net/v/t15.5256-10/22870018_10155226570888520_4697109778323734528_n.jpg?_nc_cat=102&_nc_sid=ad6a45&_nc_ohc=yLbzLCB8108AX_cVVsq&_nc_ht=scontent-gru2-2.xx&oh=f2d7ccc63302078761e4975073afc835&oe=5EAE1F79,1166,2,8,1,0,153,True
2017-10-29T15:18:27+0000,904277726319518_1572281009519183,ninguem olhava pro povo brasileiro esperanca educar filho trabalhador ninguem olhava pro filho agricultor pobre trabalhador alguem pudesse virar medico engenheiro professor gente resolveu fazer maior revolucao educacao creche posgraduacao hoje todos avancos estao comprometidos conta governo temer gente quer voltar sonhar brasil justo preciso voltar investir pesado educacao,ninguem olhava pro povo brasileiro esperanca educar filho trabalhador ninguem olhava pro filho agricultor pobre trabalhador alguem pudesse virar medico engenheiro professor gente resolveu fazer maior revolucao educacao creche posgraduacao hoje todos avancos estao comprometidos conta governo temer gente quer voltar sonhar brasil justo preciso voltar investir pesado educacao,814,added_video,https://scontent-gru2-1.xx.fbcdn.net/v/t15.5256-10/22744036_1572382692842348_6096219272193769472_n.jpg?_nc_cat=107&_nc_sid=ad6a45&_nc_ohc=kW8QnH2IdA8AX-4Hx9f&_nc_ht=scontent-gru2-1.xx&oh=3dbbb992dc46057710bd11000322f0b5&oe=5EAEADBC,3587,5,9,19,3,623,True
2017-10-28T16:28:50+0000,904277726319518_1571855386228412,comunidade rural santa rita regiao boicaiuva minas gerais falei pouco sobre vendo aqui caravana lula,comunidade rural santa rita regiao boicaiuva minas gerais falei pouco sobre vendo aqui caravana lula,717,added_video,https://scontent-gru1-1.xx.fbcdn.net/v/t15.5256-10/22744032_1571866096227341_257476945728503808_n.jpg?_nc_cat=101&_nc_sid=ad6a45&_nc_ohc=uxrPa6RjrSwAX_miA37&_nc_ht=scontent-gru1-1.xx&oh=15872fa1c7755070f8a54723df3dab24&oe=5EAEBD0C,1942,1,11,2,3,280,True
2017-10-26T20:36:18+0000,904277726319518_1570332679714016,escola partido valores toda tradicao ocidental respeito direitos civis politicos sociais comprometida decisao,escola partido valores toda tradicao ocidental respeito direitos civis politicos sociais comprometida decisao,567,shared_story,https://external-gru1-1.xx.fbcdn.net/safe_image.php?d=AQBYfsKAvbKI52YK&url=https%3A%2F%2Fconteudo.imguol.com.br%2Fc%2Fnoticias%2Fde%2F2017%2F03%2F29%2Fmenina-escrevendo-a-mao-com-caneta-redacao-estudar-educacao-1490798589506_956x500.jpg&_nc_hash=AQCvjqGoDtaev6EY,2341,4,45,822,838,9,True
2017-10-24T18:03:54+0000,904277726319518_1568392989907985,doria defende posicao bancada ruralista sobre trabalho escravo ministra stf suspende portaria governo temer,doria defende posicao bancada ruralista sobre trabalho escravo ministra stf suspende portaria governo temer,650,shared_story,https://external-gru1-1.xx.fbcdn.net/safe_image.php?d=AQDQ8juk8ZCPPhcf&url=https%3A%2F%2Ff.i.uol.com.br%2Ffotografia%2F2017%2F10%2F17%2F150827093459e66356a0baa_1508270934_3x2_md.jpg&_nc_hash=AQCsPEvMBybaCIXa,1364,29,21,146,644,5,True
2017-10-24T12:22:51+0000,904277726319518_1567190636694887,bom dia entrevista dei le monde diplomatique brasil mes passado agora acesso liberado naoassinantes,bom dia entrevista dei le monde diplomatique brasil mes passado agora acesso liberado naoassinantes,248,shared_story,https://external-gru1-1.xx.fbcdn.net/safe_image.php?d=AQBU6VnuO_TgXV1F&url=http%3A%2F%2Fwww.diplomatique.org.br%2Fapp%2Fuploads%2F2017%2F08%2F34151468205_911b7f8305_k.jpg&_nc_hash=AQBiXC9fYdo_RG1j,1662,0,10,0,1,124,True
2017-10-23T19:44:54+0000,904277726319518_1567488776665073,cidade tomada pessoas iniciativas proliferam grafite vida genial,cidade tomada pessoas iniciativas proliferam grafite vida genial,3238,shared_story,https://external-gru1-1.xx.fbcdn.net/safe_image.php?d=AQAbaN9-th2qDbcx&url=https%3A%2F%2Fs2.glbimg.com%2F8Wd_PCCpA9EE3hYmVN1jBeZj4xA%3D%2F1200x%2Fsmart%2Ffilters%3Acover%28%29%3Astrip_icc%28%29%2Fi.s3.glbimg.com%2Fv1%2FAUTH_59edd422c0c84a879bd37670ae4f538a%2Finternal_photos%2Fbs%2F2017%2FG%2FC%2FlwCgBgQeiGDu8zV5UyPw%2Ffaixa-3d-2-walyson-nogueira.jpg&_nc_hash=AQDvN49fZSOWZj3v,14065,57,428,1,1,2392,True
2017-10-23T15:38:24+0000,904277726319518_1567314753349142,boa tarde compartilho voces entrevista dei podcast politica nexo jornal,boa tarde compartilho voces entrevista dei podcast politica nexo jornal,81,shared_story,https://external-gru1-1.xx.fbcdn.net/safe_image.php?d=AQAMdlMOEWwz7can&url=https%3A%2F%2Fwww.nexojornal.com.br%2Fincoming%2Fimagens%2FPolitiqu%25C3%25AAs-PT-e-Haddad%2FBINARY%2FPolitiqu%25C3%25AAs%2520PT%2520e%2520Haddad&_nc_hash=AQCKNtO8nyAI-p3x,1282,1,7,0,0,62,True
2017-10-22T17:35:46+0000,904277726319518_1565748443505773,compartilho voces entrevista dei mariana godoy mauro tagliaferri programa mariana godoy entrevista redetv,compartilho voces entrevista dei mariana godoy mauro tagliaferri programa mariana godoy entrevista redetv,449,added_video,https://scontent-gru2-1.xx.fbcdn.net/v/t15.5256-10/22727909_1565759186838032_706370902983442432_n.jpg?_nc_cat=111&_nc_sid=ad6a45&_nc_ohc=UiwkMznUUOYAX9FNwiI&_nc_ht=scontent-gru2-1.xx&oh=4ef930d2029b318a57a16f81f7aee72d&oe=5EAD0BF2,1708,1,11,1,0,261,True
2017-10-20T10:54:13+0000,904277726319518_1564532010294083,trabalho escravo sp manifestacao prefeitura sp favor temer ruralistas quanto trabalho escravo pode ter repercussao cidade apenas tres primeiros anos gestao vitimas resgatadas situacao trabalho escravo ano todo brasil ai ja possivel verificar erro prefeitura apoiar tamanho retrocesso comprometemos metas contra trabalho escravo quais seis cumpridas integralmente quatro parcialmente alem disso sancionei lei autoria vereadora patricia bezerra psdb pediu demissao atual gestao apos acao desastrosa cracolandia cassa licenca flagrados trabalho escravo recuo sobre racao humana importante preciso rever apoio governo temer ruralistas quanto formas escravidao moderna,trabalho escravo sp manifestacao prefeitura sp favor temer ruralistas quanto trabalho escravo pode ter repercussao cidade apenas tres primeiros anos gestao vitimas resgatadas situacao trabalho escravo ano todo brasil ai ja possivel verificar erro prefeitura apoiar tamanho retrocesso comprometemos metas contra trabalho escravo quais seis cumpridas integralmente quatro parcialmente alem disso sancionei lei autoria vereadora patricia bezerra psdb pediu demissao atual gestao apos acao desastrosa cracolandia cassa licenca flagrados trabalho escravo recuo sobre racao humana importante preciso rever apoio governo temer ruralistas quanto formas escravidao moderna,204,shared_story,None,1775,1,4,34,39,123,True
2017-10-18T17:20:58+0000,904277726319518_1563044947109456,nao reconhecer erro acabar leve leite suspender compra alimento organico inves introduzir farinata merenda,nao reconhecer erro acabar leve leite suspender compra alimento organico inves introduzir farinata merenda,1264,shared_story,https://external-gru1-1.xx.fbcdn.net/safe_image.php?d=AQDB3DC6z9-AHLdY&url=http%3A%2F%2Ff.i.uol.com.br%2Ffolha%2Fcotidiano%2Fimages%2F1729181.jpeg&_nc_hash=AQCDl834cAlYny1E,4655,28,25,679,1242,37,True
2017-10-18T14:44:17+0000,904277726319518_1562925480454736, , ,66,shared_story,https://external-gru1-1.xx.fbcdn.net/safe_image.php?d=AQAFacwHLjLrueNS&url=https%3A%2F%2Fconteudo.imguol.com.br%2Fc%2Fnoticias%2Fdb%2F2017%2F08%2F09%2F09ago2017---ao-lado-do-presidente-licenciado-do-psdb-aecio-neves-e-o-presidente-interino-do-partido-tasso-jereissati-comanda-reuniao-da-executiva-nacional-da-sigla-em-brasilia-1502309049208_956x500.jpg&_nc_hash=AQAZ5tiOY2lKpeIz,892,268,31,5,25,5,True
2017-10-18T08:58:54+0000,904277726319518_1562677620479522,forma diferente abordar merito,forma diferente abordar merito,1775,added_video,https://scontent-gru2-2.xx.fbcdn.net/v/t15.5256-10/22637989_1562678930479391_270653596154986496_n.jpg?_nc_cat=100&_nc_sid=ad6a45&_nc_ohc=Zt-W9-oqDu0AX-KbBpL&_nc_ht=scontent-gru2-2.xx&oh=e9080f43fcfbd0755f11f17795f8cb22&oe=5EADA31F,3068,0,19,149,2,458,True
2017-10-16T18:02:52+0000,904277726319518_1561321427281808,palinha paul ontem sp favoritas beatles,palinha paul ontem sp favoritas beatles,42,added_video,https://scontent-gru1-1.xx.fbcdn.net/v/t15.5256-10/22587021_1561322913948326_822175487710199808_n.jpg?_nc_cat=108&_nc_sid=ad6a45&_nc_ohc=TlHY8mn0UZcAX9aya04&_nc_ht=scontent-gru1-1.xx&oh=cf692a9fdf228e20dcb06e3e83c82851&oe=5EAC43B1,2325,1,33,0,0,643,True
2017-10-16T17:15:57+0000,904277726319518_1561276267286324,dia mundial alimentacao pessoas perguntado virtude polemica torno programa recemlancado racao humana prefeitura sp afinal fiz ministro prefeito seguranca alimentar considero cobranca pertinente seguem exemplos ministro educacao aumento investimento aluno alimentacao escolar extensao merenda escolar creche ensino medio antes inexistente obrigatoriedade utilizacao menos verba merenda aquisicao alimentos provenientes agricultura familiar prefeito aquisicao alimentos agricultura familiar passou obrigatoriedade legal introducao progressiva alimentos organicos merenda escolar premio internacional world food programme maior agencia humanitaria mundo ligada nacoes unidas programa educacao alem prato premio internacional bloomberg philantropies projeto apoio agricultura organica parelheiros parabens nutricionistas merendeiras gestores programas nacionais seguranca alimentar,dia mundial alimentacao pessoas perguntado virtude polemica torno programa recemlancado racao humana prefeitura sp afinal fiz ministro prefeito seguranca alimentar considero cobranca pertinente seguem exemplos ministro educacao aumento investimento aluno alimentacao escolar extensao merenda escolar creche ensino medio antes inexistente obrigatoriedade utilizacao menos verba merenda aquisicao alimentos provenientes agricultura familiar prefeito aquisicao alimentos agricultura familiar passou obrigatoriedade legal introducao progressiva alimentos organicos merenda escolar premio internacional world food programme maior agencia humanitaria mundo ligada nacoes unidas programa educacao alem prato premio internacional bloomberg philantropies projeto apoio agricultura organica parelheiros parabens nutricionistas merendeiras gestores programas nacionais seguranca alimentar,471,mobile_status_update,None,1914,2,4,20,0,340,True
2017-10-15T11:53:13+0000,904277726319518_1560220770725207,dia professora professor desde crianca sempre quis ser professor dirigir escola nunca abri mao deste sonho parabens colegas profissao sei momento dificil haveremos dizer luta valeu pena,dia professora professor desde crianca sempre quis ser professor dirigir escola nunca abri mao deste sonho parabens colegas profissao sei momento dificil haveremos dizer luta valeu pena,488,shared_story,https://external-gru1-1.xx.fbcdn.net/safe_image.php?d=AQBfpi9X6hu8yJN_&url=https%3A%2F%2Fconteudo.imguol.com.br%2Fc%2Fnoticias%2Fd6%2F2017%2F10%2F13%2F13out2017---entrevista-com-fernando-haddad-1507932571740_1920x1080.jpg&_nc_hash=AQB4haIdqCzQjFid,6146,2,13,1,1,908,True
2017-10-15T01:15:17+0000,904277726319518_1559871737426777,bethania,bethania,32,added_video,https://scontent-gru2-2.xx.fbcdn.net/v/t15.5256-10/22516159_1559873490759935_5676810291195674624_n.jpg?_nc_cat=106&_nc_sid=ad6a45&_nc_ohc=bP_fuEiX7QIAX9AKWsj&_nc_ht=scontent-gru2-2.xx&oh=7d7d4cfe9e1837822ca2fc898754527b&oe=5EAD1179,757,2,13,0,0,271,True
2017-10-09T21:40:40+0000,904277726319518_1555334624547155,participo ato defesa universidades publicas institutos federais ciencia tecnologia brasilia,participo ato defesa universidades publicas institutos federais ciencia tecnologia brasilia,306,added_video,https://scontent-gru2-2.xx.fbcdn.net/v/t15.5256-10/22404993_1555369604543657_2195032307516047360_n.jpg?_nc_cat=102&_nc_sid=ad6a45&_nc_ohc=8cEbhdqN3WQAX8mmO4p&_nc_ht=scontent-gru2-2.xx&oh=d0b110cc6b323e6e6b61d808e2994fb7&oe=5EAE4FF1,1269,3,5,2,0,210,True
2017-10-09T20:37:02+0000,904277726319518_1555230071224277,aovivo participo seminario educacao publica desenvolvimento soberania nacional brasilia expresidente lula,aovivo participo seminario educacao publica desenvolvimento soberania nacional brasilia expresidente lula,83,added_video,https://scontent-gru1-1.xx.fbcdn.net/v/t15.5256-10/22385951_1555329687880982_3961027386803224576_n.jpg?_nc_cat=103&_nc_sid=ad6a45&_nc_ohc=sXMUnZAVbR4AX__1Xy5&_nc_ht=scontent-gru1-1.xx&oh=18c7c6f9a48b65c6de2520d114af1481&oe=5EADE2CE,367,2,3,1,0,57,True
2017-10-08T20:39:08+0000,904277726319518_1554455931301691,entao grito,entao grito,105,added_video,https://scontent-gru1-1.xx.fbcdn.net/v/t15.5256-10/p296x100/22367932_1554463951300889_5354545752376868864_n.jpg?_nc_cat=101&_nc_sid=ad6a45&_nc_ohc=fJGDG9COGGkAX91oKqa&_nc_ht=scontent-gru1-1.xx&_nc_tp=6&oh=115249c825878b2bc815c985612e9680&oe=5EADDC3B,1404,10,6,0,0,349,True
2017-10-08T17:05:22+0000,904277726319518_1554308264649791,estadao ta chateado doria puxa vida,estadao ta chateado doria puxa vida,871,shared_story,https://external-gru1-1.xx.fbcdn.net/safe_image.php?d=AQAN7tw_zpLPfH8x&url=http%3A%2F%2Fwww.estadao.com.br%2Festadao%2Fnovo%2Fimg%2Festadao.gif&_nc_hash=AQCLXVYM9tIcICxy,7124,3535,25,28,20,461,True
2017-10-04T12:42:09+0000,904277726319518_1550732601674024,transparencia gestao doria reconhece total transparencia indices produtividade manutencao cidade pioraram comparacao ano pior recessao historia limpeza bueiros limpeza pichacoes monumentos manutencao calcadas varricao etc admitir problema comeco,transparencia gestao doria reconhece total transparencia indices produtividade manutencao cidade pioraram comparacao ano pior recessao historia limpeza bueiros limpeza pichacoes monumentos manutencao calcadas varricao etc admitir problema comeco,1670,shared_story,https://external-gru1-1.xx.fbcdn.net/safe_image.php?d=AQAs2bll7feji1wE&url=http%3A%2F%2Fimg.estadao.com.br%2Fresources%2Fjpg%2F4%2F5%2F1507081039354.jpg&_nc_hash=AQBfLvqeGQkoAFxW,4876,224,35,448,137,27,True
2017-09-27T21:15:28+0000,904277726319518_1545193815561236,aovivo direto ufrgs aula aberta sobre educacao brasileira desmontes ensino superior junto marianna dias agradeco convite dce ufrgs,aovivo direto ufrgs aula aberta sobre educacao brasileira desmontes ensino superior junto marianna dias agradeco convite dce ufrgs,122,added_video,https://scontent-gru1-1.xx.fbcdn.net/v/t15.5256-10/22090358_1545264375554180_2420873692373319680_n.jpg?_nc_cat=108&_nc_sid=ad6a45&_nc_ohc=NTdkZPzDwxMAX8aY_H4&_nc_ht=scontent-gru1-1.xx&oh=6aecf2473517e08620887c529cb06c54&oe=5EACF0DB,537,2,2,6,1,89,True
2017-09-27T19:44:09+0000,904277726319518_1545178588896092,hoje instituto federal rio grande sul conversamos sobre desmonte educacao tecnologica promovido governo federal impacto qualificacao profissional jovens brasileiros,hoje instituto federal rio grande sul conversamos sobre desmonte educacao tecnologica promovido governo federal impacto qualificacao profissional jovens brasileiros,65,added_photos,https://scontent-gru1-1.xx.fbcdn.net/v/t1.0-9/p720x720/21766844_1545178572229427_6315556028857866966_n.jpg?_nc_cat=103&_nc_sid=110474&_nc_ohc=NMJUviCUJEMAX8FD5Mf&_nc_ht=scontent-gru1-1.xx&_nc_tp=6&oh=4f81d588ddb49c0909ce4ffa4131a3f5&oe=5EAE5DAC,913,0,2,9,1,91,True
2017-09-26T16:55:51+0000,904277726319518_1544359872311297,compartilho voces entrevista dei ontem jornalista kennedy alencar programa cenarios sbt,compartilho voces entrevista dei ontem jornalista kennedy alencar programa cenarios sbt,586,added_video,https://scontent-gru2-1.xx.fbcdn.net/v/t15.5256-10/22081870_1544271285653489_9041973869769916416_n.jpg?_nc_cat=107&_nc_sid=ad6a45&_nc_ohc=IWbMrwGLzW8AX_9CKUA&_nc_ht=scontent-gru2-1.xx&oh=52ffd8ca7e530e6c1ac9ba7c4bd25cfb&oe=5EAC4A45,2119,1,13,1,0,248,True
2017-09-24T19:37:11+0000,904277726319518_1542853889128562,otto haddad johnny hooker,otto fh johnny hooker,248,added_photos,https://scontent-gru1-1.xx.fbcdn.net/v/t1.0-0/p180x540/21764909_1542853865795231_7465752778730841145_n.jpg?_nc_cat=103&_nc_sid=110474&_nc_ohc=r8gse_swzEYAX8tuoNm&_nc_ht=scontent-gru1-1.xx&_nc_tp=6&oh=a15f3f25c36cbd3f3e12884919cddbe9&oe=5EAF784D,8991,15,110,0,0,2026,True
2017-09-24T19:03:18+0000,904277726319518_1542824555798162,amarsemtemer,amarsemtemer,97,added_video,https://scontent-gru2-2.xx.fbcdn.net/v/t15.5256-10/22011878_1542835155797102_7236908430768734208_n.jpg?_nc_cat=102&_nc_sid=ad6a45&_nc_ohc=B6LV6eyG9GIAX_r-sAA&_nc_ht=scontent-gru2-2.xx&oh=5cc16bcf135f4349e3548657aa22307b&oe=5EAC3A4A,1017,6,3,0,0,245,True
2017-09-22T10:51:53+0000,904277726319518_1540727579341193,recomendo entrevista sobre drogadicao carl hart ilona szabo conversa bial tempos obscurantistas entrevista funciona quase querqueeudesenhe debate pessoas avessas ciencia,recomendo entrevista sobre drogadicao carl hart ilona szabo conversa bial tempos obscurantistas entrevista funciona quase querqueeudesenhe debate pessoas avessas ciencia,257,shared_story,https://external-gru1-1.xx.fbcdn.net/safe_image.php?d=AQAHx2dM_PSlWO5P&url=https%3A%2F%2Fs04.video.glbimg.com%2Fx720%2F6157599.jpg&_nc_hash=AQC-fvVB2swfqGyy,1931,1,11,0,0,104,True
2017-09-21T20:24:35+0000,904277726319518_1540238586056759,piora transito transporte aumento praticamente continuo ate onze indicadores qualidade transito transporte sp atingem piores marcas toda serie historica segundo pesquisa ibope apenas nove meses retrocedemos decada preciso repensar gestao,piora transito transporte aumento praticamente continuo ate onze indicadores qualidade transito transporte sp atingem piores marcas toda serie historica segundo pesquisa ibope apenas nove meses retrocedemos decada preciso repensar gestao,270,shared_story,None,1643,16,9,205,101,6,True
2017-09-20T11:58:31+0000,904277726319518_1538940872853197,fila creche praticamente dobrou sp porque problemas gestao ritmo abertura novas vagas caiu metade mil novas vagas ano projetase mil precisamos retomar obras convenios urgentemente,fila creche praticamente dobrou sp porque problemas gestao ritmo abertura novas vagas caiu metade mil novas vagas ano projetase mil precisamos retomar obras convenios urgentemente,563,added_video,https://scontent-gru1-1.xx.fbcdn.net/v/t15.5256-10/21878455_1538941579519793_4704166731713609728_n.jpg?_nc_cat=110&_nc_sid=ad6a45&_nc_ohc=UMPpeuqqqFAAX-9jMoB&_nc_ht=scontent-gru1-1.xx&oh=f69e3803db1367a1aef75eb64de01647&oe=5EAD0657,1881,19,11,240,162,12,True
2017-09-19T11:25:55+0000,904277726319518_1538000102947274,varricao rua recua sp concentra garis apenas darlhes visibilidade ainda nao necessariamente onde ha necessidade periferia produtividade gari cai fica dica,varricao rua recua sp concentra garis apenas darlhes visibilidade ainda nao necessariamente onde ha necessidade periferia produtividade gari cai fica dica,338,added_photos,https://scontent-gru1-1.xx.fbcdn.net/v/t1.0-9/21751624_1538000086280609_6104560804981339838_n.jpg?_nc_cat=103&_nc_sid=110474&_nc_ohc=rVFyz_e9Dp0AX_derMg&_nc_ht=scontent-gru1-1.xx&oh=0b32efe4b913563356ec6b816e7dc92a&oe=5EAF955F,2676,261,11,131,66,26,True
2017-09-18T17:25:55+0000,904277726319518_1537233366357281,seguranca transito vem piorando sampa segundo todos indicadores problemas gestao viagens servidores publicos exterior poderiam inspirar adocao medidas ja consagradas cidades globais preciso coragem romper mentalidade provinciana desafiar senso comum,seguranca transito vem piorando sampa segundo todos indicadores problemas gestao viagens servidores publicos exterior poderiam inspirar adocao medidas ja consagradas cidades globais preciso coragem romper mentalidade provinciana desafiar senso comum,741,shared_story,https://external-gru1-1.xx.fbcdn.net/safe_image.php?d=AQDxNbNtKLw1MV_-&url=https%3A%2F%2Fs2.glbimg.com%2FZteC14Ct1dDHNDuXGASxOP--xZw%3D%2F1200x%2Fsmart%2Ffilters%3Acover%28%29%3Astrip_icc%28%29%2Fi.s3.glbimg.com%2Fv1%2FAUTH_59edd422c0c84a879bd37670ae4f538a%2Finternal_photos%2Fbs%2F2017%2FC%2FJ%2FfU5nm1S0G03XASgLFmuQ%2Fretirar.jpg&_nc_hash=AQDmK3QwE2ZbPwh6,4624,8,25,996,286,55,True
2017-09-17T14:45:26+0000,904277726319518_1535954309818520,hoje estela completando anos casamento bodas erva,hoje estela completando anos casamento bodas erva,1702,mobile_status_update,None,17650,4709,99,3,3,5275,True
2017-09-15T21:27:48+0000,904277726319518_1534370589976892,vivo seminario razoes agir futuro esquerdas fflchusp marcelo freixo juliana borges acompanhe link,vivo seminario razoes agir futuro esquerdas fflchusp marcelo freixo juliana borges acompanhe link,29,shared_story,https://external-gru1-1.xx.fbcdn.net/safe_image.php?d=AQBuPKZvHMWey0cw&w=480&h=360&url=https%3A%2F%2Fi.ytimg.com%2Fvi%2FVFF-fK0B9Tk%2Fhqdefault_live.jpg&crop&_nc_hash=AQANyujAQRTtunum,443,0,5,0,0,30,True
2017-09-15T10:34:35+0000,904277726319518_1533923506688267,hospital parelheiros ha ano visitei obras hospital parelheiros obra quase concluida demonstra video segundo hospitalgeral gestao somado hospital vila santa catarina hospitaisdia rede hora certa entao entregues triste constatar obra parada desde entao assim obra hospital brasilandia,hospital parelheiros ha ano visitei obras hospital parelheiros obra quase concluida demonstra video segundo hospitalgeral gestao somado hospital vila santa catarina hospitaisdia rede hora certa entao entregues triste constatar obra parada desde entao assim obra hospital brasilandia,1,mobile_status_update,https://scontent-gru1-1.xx.fbcdn.net/v/t15.5256-10/14299315_1163250343755587_1461032409_n.jpg?_nc_cat=108&_nc_sid=1055be&_nc_ohc=kjt0qDrBEDwAX8hA9m2&_nc_ht=scontent-gru1-1.xx&oh=c9baed0f9d541bc86dfb941f1e46e2fa&oe=5EAC2A9E,489,4,5,295,82,21,True
2017-09-13T22:36:45+0000,904277726319518_1532568636823754, , ,377,shared_story,https://external-gru1-1.xx.fbcdn.net/safe_image.php?d=AQD7TZW0GSDG6qlm&url=http%3A%2F%2Ff.i.uol.com.br%2Ffolha%2Fcotidiano%2Fimages%2F1720535.jpeg&_nc_hash=AQANedVOy3821QEs,2240,2775,28,12,182,34,True
2017-09-12T22:03:47+0000,904277726319518_1531623906918227,aovivo participo agora debate marcos lisboa sobre economia,aovivo participo agora debate marcos lisboa sobre economia,219,added_video,https://scontent-gru1-1.xx.fbcdn.net/v/t15.5256-10/21763466_1531740603573224_6882861675125407744_n.jpg?_nc_cat=110&_nc_sid=ad6a45&_nc_ohc=g5vRmB_wanoAX_HQTCQ&_nc_ht=scontent-gru1-1.xx&oh=941c469cddc0c8530fd01447bb893d66&oe=5EAC574B,956,1,6,1,4,149,True
2017-09-12T15:29:18+0000,904277726319518_1531318063615478,aovivo falo agora senado sobre manutencao fundeb essencial melhoria educacao brasil,aovivo falo agora senado sobre manutencao fundeb essencial melhoria educacao brasil,546,added_video,https://scontent-gru2-1.xx.fbcdn.net/v/t15.5256-10/21707059_1531433013603983_3778343589977784320_n.jpg?_nc_cat=107&_nc_sid=ad6a45&_nc_ohc=qjPMzV5jiC8AX-fY2tv&_nc_ht=scontent-gru2-1.xx&oh=f797cfe420ed1788aa7d080ac210c430&oe=5EACAB8E,1135,5,4,10,2,197,True
2017-09-12T14:50:05+0000,904277726319518_1531280940285857,senado federal debatendo sobre educacao importancia fundeb desenvolvimento regional,senado federal debatendo sobre educacao importancia fundeb desenvolvimento regional,69,added_video,https://scontent-gru1-1.xx.fbcdn.net/v/t15.5256-10/21707627_1531321060281845_3560534369489649664_n.jpg?_nc_cat=104&_nc_sid=ad6a45&_nc_ohc=3qA4fC2nnwAAX8j_84J&_nc_ht=scontent-gru1-1.xx&oh=71dc73a435e98e2dfca57c1e52e96706&oe=5EAF687E,401,1,3,0,0,48,True
2017-09-11T22:42:37+0000,904277726319518_1530729273674357,iii semana economia eppen unifesp osascosp falando sobre economia politica cidade,iii semana economia eppen unifesp osascosp falando sobre economia politica cidade,157,added_video,https://scontent-gru1-1.xx.fbcdn.net/v/t15.5256-10/21704818_1530818363665448_1532212012136792064_n.jpg?_nc_cat=110&_nc_sid=ad6a45&_nc_ohc=8sdKEyfzX8sAX8Yh3fY&_nc_ht=scontent-gru1-1.xx&oh=0cd93c8768dc4915a2bf352475cd43fa&oe=5EAED091,909,4,6,1,1,186,True
2017-09-07T11:22:49+0000,904277726319518_1527217567358861,integra replica artigo marcos lisboa piaui debate bem legal boa leitura,integra replica artigo marcos lisboa piaui debate bem legal boa leitura,185,shared_story,https://external-gru1-1.xx.fbcdn.net/safe_image.php?d=AQCTxM0Z3y3hHl8u&url=http%3A%2F%2Fpiaui.folha.uol.com.br%2Fwp-content%2Fuploads%2F2017%2F08%2F132_tribunalivredalutadeclasses.jpg&_nc_hash=AQC2nQkuwhePY0sw,920,0,4,0,0,59,True
2017-09-03T15:21:30+0000,904277726319518_1524133291000622,cidade ainda encobrir maior galeria grafite mundo av maio jardins verticais antes reservados continuar verdejando empenas cegas cinzenta poluida barulhenta regiao minhocao inibir instalacao novos parklets prefeitura agora quer volta outdoors,cidade ainda encobrir maior galeria grafite mundo av maio jardins verticais antes reservados continuar verdejando empenas cegas cinzenta poluida barulhenta regiao minhocao inibir instalacao novos parklets prefeitura agora quer volta outdoors,872,shared_story,https://external-gru1-1.xx.fbcdn.net/safe_image.php?d=AQAA-T_b5ipIxH2I&url=http%3A%2F%2Ff.i.uol.com.br%2Ffolha%2Fcotidiano%2Fimages%2F17245268.jpeg&_nc_hash=AQCWGHb4aPpFU4oy,1823,56,61,868,1774,9,True
2017-09-01T17:36:59+0000,904277726319518_1522529067827711,unicamp sisu criamos sisu tinhamos expectativa cedo tarde todas instituicoes adotariam modelo selecao unico mundo unicamp tremenda universidade vai melhorar ainda abrindose todo pais enquanto existir vestibular nao ha reforma ensino medio possivel,unicamp sisu criamos sisu tinhamos expectativa cedo tarde todas instituicoes adotariam modelo selecao unico mundo unicamp tremenda universidade vai melhorar ainda abrindose todo pais enquanto existir vestibular nao ha reforma ensino medio possivel,104,shared_story,None,988,2,13,0,0,142,True
2017-08-30T17:51:17+0000,904277726319518_1330458123701474,vale pena assistir minidoc noia abordou programa bracos abertos perspectiva beneficiarios video uns min aula,vale pena assistir minidoc noia abordou programa bracos abertos perspectiva beneficiarios video uns min aula,250,shared_story,https://external-gru1-1.xx.fbcdn.net/safe_image.php?d=AQBHDWSzTwY-J5aE&url=http%3A%2F%2Fs3-sa-east-1.amazonaws.com%2Fapublica-files-main%2Fwp-content%2Fuploads%2F2016%2F12%2F08173325%2Fnoia-frame.jpg&_nc_hash=AQCVAfh0eXeNnBas,1456,1,6,34,0,87,True
2017-08-30T12:05:08+0000,904277726319518_1520320211381930,fim bolsatrabalho cracolancia produziu enorme retrocesso trocamos programa dando certo bracos abertos segundo avaliacao externa programa totalmente ineficaz conforme avaliacao ministerio publico defensoria,fim bolsatrabalho cracolancia produziu enorme retrocesso trocamos programa dando certo bracos abertos segundo avaliacao externa programa totalmente ineficaz conforme avaliacao ministerio publico defensoria,528,shared_story,None,1985,4,6,524,185,7,True
2017-08-28T22:30:27+0000,904277726319518_1518926468187971,vivo debate renovacao politica brasileira participo neste momento debate promovido epoca insper sobre reforma politica renovacao politica brasileira presidente camara deputados rodrigo maia outro convidado mandem perguntas comentarios compartilhem redes,vivo debate renovacao politica brasileira participo neste momento debate promovido epoca insper sobre reforma politica renovacao politica brasileira presidente camara deputados rodrigo maia outro convidado mandem perguntas comentarios compartilhem redes,241,added_video,https://scontent-gru1-1.xx.fbcdn.net/v/t15.5256-10/p1080x2048/21201297_1519058864841398_7439584535852875776_n.jpg?_nc_cat=104&_nc_sid=ad6a45&_nc_ohc=Ic--tTR7PL8AX9jJOJC&_nc_ht=scontent-gru1-1.xx&_nc_tp=6&oh=8e2f173f79e19fdb6c541221e9ef9824&oe=5EAEE228,655,7,6,1,8,95,True
2017-08-28T14:10:47+0000,904277726319518_1518638588216759,bom dia compartilho voces entrevista dei el pais fazer todos gestos necessarios oferecer alternativa regeneradora aconteceu democracia brasileira esforco coletivo vai demandar tempo muita energia reflexao critica pais alternativa nao aventura colocada hoje recriar ambiente pessoas valorizem fazer politica colaborar pais,bom dia compartilho voces entrevista dei el pais fazer todos gestos necessarios oferecer alternativa regeneradora aconteceu democracia brasileira esforco coletivo vai demandar tempo muita energia reflexao critica pais alternativa nao aventura colocada hoje recriar ambiente pessoas valorizem fazer politica colaborar pais,323,shared_story,https://external-gru1-1.xx.fbcdn.net/safe_image.php?d=AQCShZBzsyaIoFif&url=https%3A%2F%2Fep00.epimg.net%2Fbrasil%2Fimagenes%2F2017%2F08%2F27%2Fpolitica%2F1503870830_528061_1503922749_rrss_normal.jpg&_nc_hash=AQCzBFob2GHzjlo5,2814,7,12,41,10,236,True
2017-08-27T13:38:50+0000,904277726319518_1517843151629636,premio internacional gestao sp parabenizo todos servidores educacao prefeitura sao paulo ajudaram gestao ganhar oitavo premio internacional agora area alimentacao escolar tempos restricao merenda gratificante reconhecimento trabalho world food programme maior agencia humanitaria mundo ligada nacoes unidas,premio internacional gestao sp parabenizo todos servidores educacao prefeitura sao paulo ajudaram gestao ganhar oitavo premio internacional agora area alimentacao escolar tempos restricao merenda gratificante reconhecimento trabalho world food programme maior agencia humanitaria mundo ligada nacoes unidas,86,mobile_status_update,https://scontent-gru1-1.xx.fbcdn.net/v/t31.0-8/s720x720/21122625_1364805923635179_5436571416760773736_o.png?_nc_cat=108&_nc_sid=8024bb&_nc_ohc=mHz7dDg-sgQAX-5UsFQ&_nc_ht=scontent-gru1-1.xx&oh=c3b29fa948d6ff0073308b989ba9e20c&oe=5EAC36BB,2099,3,29,1,0,384,True
2017-08-26T15:55:32+0000,904277726319518_1517092388371379,nessa entrevista dei diario noticias portugal comento sobre perspectivas brasil avanco extremismo intolerancia desmonte politicas sucesso sp necessidade construir agenda verdadeiramente republicana pais boa leitura,nessa entrevista dei diario noticias portugal comento sobre perspectivas brasil avanco extremismo intolerancia desmonte politicas sucesso sp necessidade construir agenda verdadeiramente republicana pais boa leitura,389,shared_story,https://external-gru1-1.xx.fbcdn.net/safe_image.php?d=AQBGoDCLkzM92jN5&url=http%3A%2F%2Fstatic.globalnoticias.pt%2Fdn%2Fimage.aspx%3Fbrand%3DDN%26type%3Dgenerate%26name%3Doriginal%26w%3D750%26h%3D500%26id%3D8728351%26t%3D20170826000600&_nc_hash=AQCbUM8JXxxuRbB_,4201,11,19,9,3,472,True
2017-08-25T15:09:13+0000,904277726319518_1516207348459883,caminho maranhao seminario governador flavio dino pcdobma prefeito sao luis edivaldo holanda junior pdtma prefeito macapa clecio luis redeap exprefeito belem deputado federal edmilson rodrigues psolpa acompanhem pagina partir h,caminho maranhao seminario governador flavio dino pcdobma prefeito sao luis edivaldo holanda junior pdtma prefeito macapa clecio luis redeap exprefeito belem deputado federal edmilson rodrigues psolpa acompanhem pagina partir h,18,added_photos,https://scontent-gru1-1.xx.fbcdn.net/v/t31.0-8/s720x720/21125376_1516207348459883_7861103175922218076_o.jpg?_nc_cat=101&_nc_sid=2d5d41&_nc_ohc=hqMOuyNXqgAAX-vtQ5X&_nc_ht=scontent-gru1-1.xx&_nc_tp=7&oh=8d7edef5c6570bc7770b42e62faba3f1&oe=5EAF5E41,365,1,4,0,0,34,True
2017-08-22T21:13:33+0000,904277726319518_1513989135348371,boa noite pouco entrevista dei bbc brasil,boa noite pouco entrevista dei bbc brasil,854,added_video,https://scontent-gru2-2.xx.fbcdn.net/v/t15.5256-10/21033986_1513990428681575_5122093450778378240_n.jpg?_nc_cat=100&_nc_sid=ad6a45&_nc_ohc=BbWZy2TKjCEAX8TdzvV&_nc_ht=scontent-gru2-2.xx&oh=90ff610b8959403a1349378ba6b612de&oe=5EAECDB7,4083,25,18,1,1,681,True
2017-08-21T18:16:26+0000,904277726319518_1513070298773588,nessa entrevista dei bbc afirmo polarizacao dificulta autocritica tudo transforma briga faccao pais nao avanca boa leitura,nessa entrevista dei bbc afirmo polarizacao dificulta autocritica tudo transforma briga faccao pais nao avanca boa leitura,503,shared_story,https://external-gru1-1.xx.fbcdn.net/safe_image.php?d=AQCEdUT_pBm8tkwJ&url=https%3A%2F%2Fichef.bbci.co.uk%2Fimages%2Fic%2F1024x576%2Fp05cxryz.jpg&_nc_hash=AQD2h8OhR5cschpX,4858,5,12,47,9,265,True
2017-08-20T13:22:09+0000,904277726319518_1512052458875372,bom dia compartilho entrevista dei correio braziliense tecido institucional pais esgarcado precisa ser recuperado ter alianca todo mundo compreensao estado democratico direito jogo,bom dia compartilho entrevista dei correio braziliense tecido institucional pais esgarcado precisa ser recuperado ter alianca todo mundo compreensao estado democratico direito jogo,279,shared_story,https://external-gru1-1.xx.fbcdn.net/safe_image.php?url=http%3A%2F%2Fimgsapp2.correiobraziliense.com.br%2Fapp%2Fnoticia_127983242361%2F2017%2F08%2F20%2F619113%2F20170819211020798377a.jpg&_nc_hash=AQC3ine40Nr5C5rG,2830,4,10,0,3,194,True
2017-08-18T19:42:33+0000,904277726319518_1510614149019203,compartilho voces entrevista concedi programa esfera publica radio guaiba porto alegre,compartilho voces entrevista concedi programa esfera publica radio guaiba porto alegre,69,added_video,https://scontent-gru1-1.xx.fbcdn.net/v/t15.5256-10/p1080x2048/20935963_1510647802349171_4059804320281919488_n.jpg?_nc_cat=103&_nc_sid=ad6a45&_nc_ohc=t2QwWe8hJfIAX_tvD-o&_nc_ht=scontent-gru1-1.xx&_nc_tp=6&oh=0399be28f2419040634a4b905d4abd63&oe=5EAD3CDD,595,1,2,0,0,91,True
2017-08-18T13:08:41+0000,904277726319518_1510319472382004,fim controladoria geral municipio controladoria geral municipio criada mim orgao combate corrupcao responsavel desbaratamento mafia iss mafia theatro municipal dentre outras acoes recuperou centenas milhoes reais orgao sendo desmontado primeiro movimento retiraram status secretaria diretamente ligada gabinete prefeito agora demitem quadro tecnico nomear aliado retirandolhe autonomia temer fez plano federal governo estado jamais controladoria autonoma status secretaria retrocedendo pena,fim controladoria geral municipio controladoria geral municipio criada mim orgao combate corrupcao responsavel desbaratamento mafia iss mafia theatro municipal dentre outras acoes recuperou centenas milhoes reais orgao sendo desmontado primeiro movimento retiraram status secretaria diretamente ligada gabinete prefeito agora demitem quadro tecnico nomear aliado retirandolhe autonomia temer fez plano federal governo estado jamais controladoria autonoma status secretaria retrocedendo pena,1733,shared_story,None,3270,12,51,901,997,6,True
2017-08-17T13:13:18+0000,904277726319518_1509447039135914,comissao desenvolvimento urbano camara deputados brasilia audiencia publica sobre mobilidade ativa,comissao desenvolvimento urbano camara deputados brasilia audiencia publica sobre mobilidade ativa,37,added_video,https://scontent-gru2-2.xx.fbcdn.net/v/t15.5256-10/p1080x2048/20955841_1509618439118774_8645131561773039616_n.jpg?_nc_cat=105&_nc_sid=ad6a45&_nc_ohc=1wsWOIoGsIkAX8SsUT-&_nc_ht=scontent-gru2-2.xx&_nc_tp=6&oh=aa65f54345785254e7445fbbdd5dc08d&oe=5EAC64A2,284,0,3,1,0,61,True
2017-08-16T17:03:50+0000,904277726319518_1508739439206674,agencias independentes factchecking agencia lupa agencia publica analisaram respectivamente questao financas publicas manutencao semaforos cidade sao paulo primeira atesta entreguei financas caixa bilhoes reais pagamentos curto prazo sao definicao previsiveis qualquer gestor publico experiente sabe ordem grandeza nao haveria surpresa portanto segunda deixa patente apagao semaforos nao nada ver gestao questao demorou meses ser resolvida gestao atual qualquer outra afirmacao contrario posverdade,agencias independentes factchecking agencia lupa agencia publica analisaram respectivamente questao financas publicas manutencao semaforos cidade sao paulo primeira atesta entreguei financas caixa bilhoes reais pagamentos curto prazo sao definicao previsiveis qualquer gestor publico experiente sabe ordem grandeza nao haveria surpresa portanto segunda deixa patente apagao semaforos nao nada ver gestao questao demorou meses ser resolvida gestao atual qualquer outra afirmacao contrario posverdade,392,mobile_status_update,None,2677,11,10,1,0,217,True
2017-08-15T13:16:08+0000,904277726319518_1507730052640946,agora roda viva semana xi agosto faculdade direito usp largo sao francisco,agora roda viva semana xi agosto faculdade direito usp largo sao francisco,774,added_video,https://scontent-gru1-1.xx.fbcdn.net/v/t15.5256-10/p640x640/20884317_1507847562629195_8047524490743119872_n.jpg?_nc_cat=108&_nc_sid=ad6a45&_nc_ohc=xCyh1BYIQHUAX8S6BV3&_nc_ht=scontent-gru1-1.xx&_nc_tp=6&oh=34932070999646ebe65caa4e24a9a8f3&oe=5EAE12CC,1717,6,9,4,0,471,True
2017-08-14T15:21:19+0000,904277726319518_1506911076056177,imprensa cobra lealdade doria governador criou nao cobra lealdade cidade prometeu governar quatro anos elegeu,imprensa cobra lealdade doria governador criou nao cobra lealdade cidade prometeu governar quatro anos elegeu,382,mobile_status_update,None,6275,27,15,297,47,227,True
2017-08-11T18:18:29+0000,904277726319518_1504196262994325,unicap falando sobre retomada democracia projeto nacao,unicap falando sobre retomada democracia projeto nacao,0,shared_story,https://scontent-gru2-1.xx.fbcdn.net/v/t15.5256-10/p843x403/20797661_1128112343956753_2408751881619767296_n.jpg?_nc_cat=107&_nc_sid=ad6a45&_nc_ohc=YOC0oGmI8ZYAX9uW73E&_nc_ht=scontent-gru2-1.xx&_nc_tp=6&oh=2582052977e6c377f3f9a397489c3ae2&oe=5EAFAFDF,984,1,5,0,0,123,True
2017-08-11T16:35:37+0000,904277726319518_1504132216334063,vivo programa resenha politica ne,vivo programa resenha politica ne,0,shared_story,https://scontent-gru2-1.xx.fbcdn.net/v/t15.5256-10/p1080x2048/20797483_1635349593193691_4543382230101131264_n.jpg?_nc_cat=109&_nc_sid=ad6a45&_nc_ohc=LP82AayRY-sAX-aLzBG&_nc_ht=scontent-gru2-1.xx&_nc_tp=6&oh=5f2591238aa3efb8df33a9ed9c08eb69&oe=5EACE602,520,0,2,0,0,51,True
2017-08-11T14:47:12+0000,904277726319518_1504059736341311,vivo falando sobre crise politica democracia associacao docentes ufpe recife,vivo falando sobre crise politica democracia associacao docentes ufpe recife,0,shared_story,https://scontent-gru1-1.xx.fbcdn.net/v/t15.5256-10/p640x640/20797566_1515143248544698_6418732949180514304_n.jpg?_nc_cat=104&_nc_sid=ad6a45&_nc_ohc=1nAEU_h81bIAX9iQuJr&_nc_ht=scontent-gru1-1.xx&_nc_tp=6&oh=b2aac436bb3df37dce8d2b8d799c10cc&oe=5EAD7DCA,650,0,4,0,0,69,True
2017-08-07T22:49:49+0000,904277726319518_1500670070013611,participo agora mesa abertura semana economia unicamp,participo agora mesa abertura semana economia unicamp,161,added_video,https://scontent-gru2-1.xx.fbcdn.net/v/t15.5256-10/p1080x2048/20710862_1500763473337604_4558956206718189568_n.jpg?_nc_cat=111&_nc_sid=ad6a45&_nc_ohc=n0kG1Bcc2bcAX86hEPq&_nc_ht=scontent-gru2-1.xx&_nc_tp=6&oh=4e51a05ef43f3f2739841b8df9abd1c2&oe=5EAEC688,1153,1,12,2,1,208,True
2017-08-07T17:29:17+0000,904277726319518_1500460280034590,hoje h participo mesa abertura semana economia unicamp voces podem acompanhar vivo pagina,hoje h participo mesa abertura semana economia unicamp voces podem acompanhar vivo pagina,51,added_photos,https://scontent-gru2-1.xx.fbcdn.net/v/t1.0-0/p180x540/20638396_1500460280034590_6324607007492304169_n.jpg?_nc_cat=107&_nc_sid=2d5d41&_nc_ohc=fa62Rbe9iRAAX8owr5i&_nc_ht=scontent-gru2-1.xx&_nc_tp=6&oh=03ca86b58d47fb6dced906e70f5e3850&oe=5EAF8841,877,0,7,0,0,80,True
2017-08-05T00:22:06+0000,904277726319518_1497518800328738,continuacao aula inaugural instituto dom jose gomes idjg chapeco sc curso posgraduacao esquerda seculo xxi,continuacao aula inaugural instituto dom jose gomes idjg chapeco sc curso posgraduacao esquerda seculo xxi,67,added_video,https://scontent-gru2-1.xx.fbcdn.net/v/t15.5256-10/p1080x2048/20642807_1497584086988876_5975115616946749440_n.jpg?_nc_cat=111&_nc_sid=ad6a45&_nc_ohc=Xr1GNuA4650AX_bGbu8&_nc_ht=scontent-gru2-1.xx&_nc_tp=6&oh=d5415bf95ed7dd3882bce3cf621b331b&oe=5EAECEB4,534,3,1,0,1,94,True
2017-08-04T23:28:13+0000,904277726319518_1497463580334260,chapeco sc instituto dom jose gomes idjg aula inaugural curso esquerda seculo xxi,chapeco sc instituto dom jose gomes idjg aula inaugural curso esquerda seculo xxi,208,added_video,https://scontent-gru2-2.xx.fbcdn.net/v/t15.5256-10/p1080x2048/20642816_1497522693661682_6947576348260958208_n.jpg?_nc_cat=106&_nc_sid=ad6a45&_nc_ohc=GxpL9igZfH4AX_oM8IM&_nc_ht=scontent-gru2-2.xx&_nc_tp=6&oh=e4fda9fee4b57bc7013b6c7b2a463f0e&oe=5EAD976A,1160,9,6,2,1,213,True
2017-08-01T20:39:00+0000,904277726319518_1494003407346944,reformulamos completamente enem acabar vestibular brasil nao imaginavamos pudesse acontecer universidades portuguesas oficializaram parceria inep usar nota enem metodo selecao estudantes brasil,reformulamos completamente enem acabar vestibular brasil nao imaginavamos pudesse acontecer universidades portuguesas oficializaram parceria inep usar nota enem metodo selecao estudantes brasil,1804,shared_story,https://external-gru1-1.xx.fbcdn.net/safe_image.php?d=AQB3r30nXLH_3o2O&url=https%3A%2F%2Fs2.glbimg.com%2FZaW49lJaZa5BEBcFrU9kMyhCrbw%3D%2F1200x%2Fsmart%2Ffilters%3Acover%28%29%3Astrip_icc%28%29%2Fi.s3.glbimg.com%2Fv1%2FAUTH_59edd422c0c84a879bd37670ae4f538a%2Finternal_photos%2Fbs%2F2017%2Fy%2FY%2FtvurEnR4Wp2RE8S2LIlg%2Fismai.jpg&_nc_hash=AQD2kMfYdEp3QK3y,8262,6,226,3,4,1155,True
2017-08-01T13:37:02+0000,904277726319518_1493772520703366,crime urbanisticoambiental desculpem textao assunto serio desenvolvimento urbano sao paulo seguiu logica desequilibrio republica republica paulista paulista faria lima la berrini chucri zaidan chamado vetor sudoeste traz duas desvantagens cidade afasta desenvolvimento zona leste onde mora maioria populacao induz ocupacao mananciais meritos plano diretor induzir volta centro vetor oesteleste chamado arco tiete reorganizando ocupacao antigas varzeas hoje subaproveitadas duas medidas tomadas viabilizacao definitiva mudanca ceagesp iniciativas importantes gestao envio lei arco tiete noticia hoje veiculada folha revela prefeitura retirou lei arco tiete camara municipal desrespeitando plano diretor vai encaminhar lei arco jurubatuba viabilizar venda interlagos vezes maior parque augusta especulacao imobiliaria velhos desequilibrios serao reforcados inves mitigados crime urbanisticoambiental infelizmente conta cumplicidade alguns arquitetos ate outro dia respeitava triste,crime urbanisticoambiental desculpem textao assunto serio desenvolvimento urbano sao paulo seguiu logica desequilibrio republica republica paulista paulista faria lima la berrini chucri zaidan chamado vetor sudoeste traz duas desvantagens cidade afasta desenvolvimento zona leste onde mora maioria populacao induz ocupacao mananciais meritos plano diretor induzir volta centro vetor oesteleste chamado arco tiete reorganizando ocupacao antigas varzeas hoje subaproveitadas duas medidas tomadas viabilizacao definitiva mudanca ceagesp iniciativas importantes gestao envio lei arco tiete noticia hoje veiculada folha revela prefeitura retirou lei arco tiete camara municipal desrespeitando plano diretor vai encaminhar lei arco jurubatuba viabilizar venda interlagos vezes maior parque augusta especulacao imobiliaria velhos desequilibrios serao reforcados inves mitigados crime urbanisticoambiental infelizmente conta cumplicidade alguns arquitetos ate outro dia respeitava triste,1203,shared_story,https://external-gru1-1.xx.fbcdn.net/safe_image.php?d=AQDkMNsdZm37Cbx4&url=http%3A%2F%2Ff.i.uol.com.br%2Ffolha%2Fcotidiano%2Fimages%2F17212245.jpeg&_nc_hash=AQCL_H58cbCffTHL,3682,6,47,1191,908,16,True
2017-08-01T01:00:37+0000,904277726319518_1493347450745873,plano diretor premiado onuhabitat visitado site urbanismo mundo archdaily fazendo historia,plano diretor premiado onuhabitat visitado site urbanismo mundo archdaily fazendo historia,457,shared_story,https://external-gru1-1.xx.fbcdn.net/safe_image.php?d=AQCyxzNhb5tWJ1P0&url=http%3A%2F%2Fimg.estadao.com.br%2Fresources%2Fjpg%2F4%2F8%2F1501465176784.jpg&_nc_hash=AQDW7SF7DtTkckrx,3971,0,26,2,0,558,True
2017-07-31T20:25:05+0000,904277726319518_1492884127458872,querem fechar unila artigo escrevi expresidente lula exchanceler celso amorim respeito proposta fechamento unila universidade criamos promover integracao latinoamericana caribenha fechar unila pretexto nao apenas crime contra jovem intelectualidade continente crime lesapatria,querem fechar unila artigo escrevi expresidente lula exchanceler celso amorim respeito proposta fechamento unila universidade criamos promover integracao latinoamericana caribenha fechar unila pretexto nao apenas crime contra jovem intelectualidade continente crime lesapatria,421,shared_story,https://external-gru1-1.xx.fbcdn.net/safe_image.php?d=AQCPu8fdmQO-pDkF&url=http%3A%2F%2Ff.i.uol.com.br%2Ffolha%2Fcotidiano%2Fimages%2F14205130.jpeg&_nc_hash=AQAZeZ9mCu9Lx66v,1577,3,10,262,196,9,True
2017-07-31T11:10:02+0000,904277726319518_1492760077471277,bom dia vivo programa contraponto radio trianon sp,bom dia vivo programa contraponto radio trianon sp,400,added_video,https://scontent-gru2-2.xx.fbcdn.net/v/t15.5256-10/p1080x2048/20569885_1492834980797120_8031506113859944448_n.jpg?_nc_cat=105&_nc_sid=ad6a45&_nc_ohc=PHo5jQqE6SwAX9NFSzW&_nc_ht=scontent-gru2-2.xx&_nc_tp=6&oh=d079cd34e6821456a944a801e9c707cc&oe=5EAEEEB5,1354,4,3,2,1,340,True
2017-07-30T21:10:08+0000,904277726319518_1492288277518457,morte ciclistas transito sp sobe semestre hoje paulista aberta conversei alguns ciclistas sobre pode estar tras desse numero assustador afinal ainda algumas ciclovias sido apagadas jamais explicaria fenomeno unanimes afirmar desde inicio ano comportamento motoristas maneira geral alterado substancialmente cidade todo talvez sendo emitidos sinais inapropriados civilizar transito cidade acelera pode nao ser melhor comando saudacao bem abandono plano mobilidade urbana premiado internacionalmente mortes totais transito sp vez subiram junho fenomeno pode nao estar restrito ciclistas pedestres ciclistas motociclistas cidade sao basicamente mesmos ano passado duvido mudanca comportamento partido sao elo fragil mobilidade urbana enfim vida perder comentario nao visa criticar quer colaborar debate alertar mudanca pode afetar bemestar todos,morte ciclistas transito sp sobe semestre hoje paulista aberta conversei alguns ciclistas sobre pode estar tras desse numero assustador afinal ainda algumas ciclovias sido apagadas jamais explicaria fenomeno unanimes afirmar desde inicio ano comportamento motoristas maneira geral alterado substancialmente cidade todo talvez sendo emitidos sinais inapropriados civilizar transito cidade acelera pode nao ser melhor comando saudacao bem abandono plano mobilidade urbana premiado internacionalmente mortes totais transito sp vez subiram junho fenomeno pode nao estar restrito ciclistas pedestres ciclistas motociclistas cidade sao basicamente mesmos ano passado duvido mudanca comportamento partido sao elo fragil mobilidade urbana enfim vida perder comentario nao visa criticar quer colaborar debate alertar mudanca pode afetar bemestar todos,1520,shared_story,https://external-gru1-1.xx.fbcdn.net/safe_image.php?d=AQB3vx6ycR75qxpT&url=https%3A%2F%2Fs2.glbimg.com%2FMyof7lRTxmk4LcHqDZJCpvrGOno%3D%2F1200x%2Fsmart%2Ffilters%3Acover%28%29%3Astrip_icc%28%29%2Fi.s3.glbimg.com%2Fv1%2FAUTH_59edd422c0c84a879bd37670ae4f538a%2Finternal_photos%2Fbs%2F2017%2FP%2FE%2FIEGGqKRqujBoUN2wYXQA%2Fciclista.jpg&_nc_hash=AQB8N97qD8BJcAAr,4503,2,54,1689,487,27,True
2017-07-30T16:13:44+0000,904277726319518_1492084624205489,thiago romaro kanduras,thiago romaro kanduras,80,added_video,https://scontent-gru2-1.xx.fbcdn.net/v/t15.5256-10/p526x296/20562516_1492090614204890_6439822862101512192_n.jpg?_nc_cat=107&_nc_sid=ad6a45&_nc_ohc=4N3ff6iocjUAX-6EAL3&_nc_ht=scontent-gru2-1.xx&_nc_tp=6&oh=d216aee9cb45b15baa844a491e131dc3&oe=5EAF07F7,792,1,4,1,0,226,True
2017-07-29T18:51:43+0000,904277726319518_1491327550947863,obrigado lula lembrar desse dia tao importante transformacao tanto tamo junto abracao,obrigado lula lembrar desse dia tao importante transformacao tanto tamo junto abracao,0,shared_story,https://scontent-gru2-1.xx.fbcdn.net/v/t31.0-0/p480x480/20369808_1388895844512745_3356959324281507576_o.jpg?_nc_cat=107&_nc_sid=8024bb&_nc_ohc=p6UqQBMwbI8AX-lUEiq&_nc_ht=scontent-gru2-1.xx&_nc_tp=6&oh=5de810b2bdbdd46cdc3cbede0add44c3&oe=5EAF3210,4557,9,10,2,2,914,True
2017-07-21T20:37:56+0000,904277726319518_1483544038392881,nao viu participacao integra programa dialogos mario sergio conti globonews,nao viu participacao integra programa dialogos mario sergio conti globonews,1347,added_video,https://scontent-gru1-1.xx.fbcdn.net/v/t15.5256-10/20415264_1488029867944298_1335813371122941952_n.jpg?_nc_cat=101&_nc_sid=ad6a45&_nc_ohc=IPuZEhySRW0AX9xBQah&_nc_ht=scontent-gru1-1.xx&oh=4ac41318ddb30dfc0bc18af324a04377&oe=5EACCB12,3927,5,21,0,4,573,True
2017-07-21T14:05:04+0000,904277726319518_1483237301756888,compartilho voces materia resume participacao programa dialogos ontem globonews,compartilho voces materia resume participacao programa dialogos ontem globonews,441,shared_story,https://external-gru1-1.xx.fbcdn.net/safe_image.php?d=AQBVbZXsThU729uH&url=fbstaging%3A%2F%2Fgraph.facebook.com%2Fstaging_resources%2FMDExNDgzMjM2NjIxNzU2OTU2Ojg5NDUzODUzMw%3D%3D&_nc_hash=AQCpFGig7H6_CSvR,3357,2,8,0,2,294,True
2017-07-19T16:56:02+0000,904277726319518_1481418545272097,ontem participei encontro nacional estudantes economia goiania conversamos sobre mudancas paradigma planejamento cidades brasileiras arte gerir cidade hoje implica quebrar determinados paradigmas estao arraigados sociedade forma tornar vida urbana prazerosa ocupar racionalmente espaco urbano nao coisa direita esquerda governantes diversos matizes ideologicos adotaram outras cidades mundo mesma agenda progressista foto midia ninja,ontem participei encontro nacional estudantes economia goiania conversamos sobre mudancas paradigma planejamento cidades brasileiras arte gerir cidade hoje implica quebrar determinados paradigmas estao arraigados sociedade forma tornar vida urbana prazerosa ocupar racionalmente espaco urbano nao coisa direita esquerda governantes diversos matizes ideologicos adotaram outras cidades mundo mesma agenda progressista foto midia ninja,53,added_photos,https://scontent-gru1-1.xx.fbcdn.net/v/t1.0-9/s720x720/20140074_1481418545272097_912782282827201072_n.png?_nc_cat=101&_nc_sid=2d5d41&_nc_ohc=BOhTgrcs-wcAX90hTB7&_nc_ht=scontent-gru1-1.xx&oh=b50e0574678708fa2e8b1d0c3e0f5767&oe=5EAC35DB,897,2,6,0,1,98,True
2017-07-17T11:53:19+0000,904277726319518_1479198438827441,entrevista dei folha sao paulo,entrevista dei folha sao paulo,941,shared_story,https://external-gru1-1.xx.fbcdn.net/safe_image.php?d=AQDLlnfDh6PweGp4&url=http%3A%2F%2Ff.i.uol.com.br%2Ffolha%2Fpoder%2Fimages%2F17197189.jpeg&_nc_hash=AQCdx-u5lsLlNuZX,8136,6,99,10,9,701,True
2017-07-09T23:48:25+0000,904277726319518_1471793972901221,apareceu margarida,apareceu margarida,101,added_video,https://scontent-gru2-1.xx.fbcdn.net/v/t15.5256-10/p640x640/19982918_1471795806234371_7874846138061291520_n.jpg?_nc_cat=111&_nc_sid=ad6a45&_nc_ohc=UeblkscdjB0AX-QgerQ&_nc_ht=scontent-gru2-1.xx&_nc_tp=6&oh=cb20ff44b38e7fe03b93be5899a67c65&oe=5EACFCD3,1322,1,6,1,2,264,True
2017-06-21T00:31:00+0000,904277726319518_1452188101528475,vivo sala ze,vivo sala ze,0,shared_story,https://scontent-gru2-2.xx.fbcdn.net/v/t15.5256-10/p1080x2048/19356356_817171498457780_6353621343757402112_n.jpg?_nc_cat=105&_nc_sid=ad6a45&_nc_ohc=ypsZtaLqKO4AX-xCtyu&_nc_ht=scontent-gru2-2.xx&_nc_tp=6&oh=70b8fee8d006df361261e9f28a079dfc&oe=5EAE15C5,1016,1,2,0,0,151,True
2017-06-20T14:33:50+0000,904277726319518_1451654518248500,hoje h vou estar sala ze batendo papo jornalista jose trajano so acompanhar pagina ultrajano ate la,hoje h vou estar sala ze batendo papo jornalista jose trajano so acompanhar pagina ultrajano ate la,0,shared_story,https://scontent-gru2-1.xx.fbcdn.net/v/t31.0-8/p720x720/19264637_816494065192190_4725048910420496079_o.jpg?_nc_cat=111&_nc_sid=2d5d41&_nc_ohc=q9Rwm7BCZ4YAX_wTBoG&_nc_ht=scontent-gru2-1.xx&_nc_tp=6&oh=0426786ae3c62cc6039700672098a4c1&oe=5EAF9F52,432,0,1,0,0,38,True
2017-06-10T17:31:52+0000,904277726319518_1441477619266190,constrange decisao tse menos resultado fato diferente presidencia republica ocupada eleito faz lembrar frase venda sobre olhos justica nao significa apenas nao deve interferir direito nao nasceu liberdade,constrange decisao tse menos resultado fato diferente presidencia republica ocupada eleito faz lembrar frase venda sobre olhos justica nao significa apenas nao deve interferir direito nao nasceu liberdade,612,mobile_status_update,None,6154,7,13,101,21,321,True
2017-06-05T23:39:37+0000,904277726319518_1435708526509766,pra ainda nao leu revista piaui liberou naoassinantes acesso ensaio edicao deste mes,pra ainda nao leu revista piaui liberou naoassinantes acesso ensaio edicao deste mes,586,shared_story,https://scontent-gru2-1.xx.fbcdn.net/v/t45.1600-4/19897312_6073240572096_6478690211596337152_n.png?_nc_ohc=5LImgGyTtHkAX98Lz9Z&_nc_ht=scontent-gru2-1.xx&oh=203564e2f0cdf662d0c123f3a34c5d04&oe=5EAE86F3,3198,6,21,0,2,452,True
2017-06-02T19:58:23+0000,904277726319518_1432376200176332,falsa republica revista piaui encomendou depoimento memorias prefeito sao paulo transformei ensaio refletisse sobre persistencias mudancas brasil posjunho partir experiencia pessoal administracao municipal versao online ainda disponivel so assinantes revista chega bancas proximos dias,falsa republica revista piaui encomendou depoimento memorias prefeito sao paulo transformei ensaio refletisse sobre persistencias mudancas brasil posjunho partir experiencia pessoal administracao municipal versao online ainda disponivel so assinantes revista chega bancas proximos dias,571,shared_story,https://scontent-gru2-1.xx.fbcdn.net/v/t45.1600-4/19897312_6073240572096_6478690211596337152_n.png?_nc_ohc=5LImgGyTtHkAX98Lz9Z&_nc_ht=scontent-gru2-1.xx&oh=203564e2f0cdf662d0c123f3a34c5d04&oe=5EAE86F3,4103,2,29,2,0,489,True
2017-05-08T14:52:26+0000,904277726319518_1407628722651080,convidado participar brazil forum ocorre nesta semana oxford london school of economics inglaterra vou estar painel discute politicas educacionais brasil excelente oportunidade debatermos rumos pais,convidado participar brazil forum ocorre nesta semana oxford london school of economics inglaterra vou estar painel discute politicas educacionais brasil excelente oportunidade debatermos rumos pais,130,added_photos,https://scontent-gru1-1.xx.fbcdn.net/v/t1.0-9/18341851_1407628722651080_6454087267274990908_n.jpg?_nc_cat=110&_nc_sid=2d5d41&_nc_ohc=1SSc4zaYiskAX-Iv7wD&_nc_ht=scontent-gru1-1.xx&oh=b28ebd2882f1621bd54086a252b705a9&oe=5EAD4F21,2428,2,32,0,0,269,True
2017-04-30T00:35:04+0000,904277726319518_1397943573619595, , ,136,added_video,https://scontent-gru2-2.xx.fbcdn.net/v/t15.5256-10/p640x640/18223041_1397948016952484_6234084926371659776_n.jpg?_nc_cat=106&_nc_sid=ad6a45&_nc_ohc=XbBosWSnjt4AX_bR7Fv&_nc_ht=scontent-gru2-2.xx&_nc_tp=6&oh=6c7517791d6ff5b480a26c510041f670&oe=5EAE7DD6,1886,5,11,0,1,628,False
2017-04-22T14:09:40+0000,904277726319518_1391031660977453,mobilidade moradia inova mobilidade pessoas passam considerar deslocamentos outra maneira confirma presidente sindicato reune empresas estacionamentos sao paulo marcelo gait metade queda faturamento estacionamentos ver crise ja outra metade relacionada maior uso aplicativos [ uber ] melhoria mobilidade urbana forma geral aumento uso onibus causa faixas maior uso bicicleta outro lado dessa historia dificil perceber liberacao terra bem localizada producao moradia maioria estacionamentos gravada plano diretor zonas especiais interesse social zeis destinadas programas habitacionais iptu progressivo tempo funcao social dessa terra tera ser observada dia menos dia conexao tanto plano municipal mobilidade urbana quanto plano diretor sao paulo premiados internacionalmente pena momento historico nao favoreca debates aprofundados,mobilidade moradia inova mobilidade pessoas passam considerar deslocamentos outra maneira confirma presidente sindicato reune empresas estacionamentos sao paulo marcelo gait metade queda faturamento estacionamentos ver crise ja outra metade relacionada maior uso aplicativos [ uber ] melhoria mobilidade urbana forma geral aumento uso onibus causa faixas maior uso bicicleta outro lado dessa historia dificil perceber liberacao terra bem localizada producao moradia maioria estacionamentos gravada plano diretor zonas especiais interesse social zeis destinadas programas habitacionais iptu progressivo tempo funcao social dessa terra tera ser observada dia menos dia conexao tanto plano municipal mobilidade urbana quanto plano diretor sao paulo premiados internacionalmente pena momento historico nao favoreca debates aprofundados,174,shared_story,https://external-gru1-1.xx.fbcdn.net/safe_image.php?d=AQA8ggRDCp2-clBq&url=http%3A%2F%2Ff.i.uol.com.br%2Ffolha%2Fesporte%2Fimages%2F141781173.jpeg&_nc_hash=AQA1Jx5JLtOgFS-v,2224,2,5,41,1,120,True
2017-04-21T15:05:59+0000,904277726319518_1390136971066922,nesta semana pucsp participando programa aula publica parceria opera mundi tvt batemos papo sobre cidades podem ser democraticas inclusivas programa vai ar proximas semanas assim sair compartilho voces,nesta semana pucsp participando programa aula publica parceria opera mundi tvt batemos papo sobre cidades podem ser democraticas inclusivas programa vai ar proximas semanas assim sair compartilho voces,90,added_photos,https://scontent-gru2-1.xx.fbcdn.net/v/t1.0-9/s720x720/18033074_1390136921066927_2509603068978479756_n.jpg?_nc_cat=107&_nc_sid=110474&_nc_ohc=-TeJN2GukSEAX-AfHse&_nc_ht=scontent-gru2-1.xx&_nc_tp=7&oh=9eb289d304731f2f1e5d455bb21ed4ef&oe=5EAC6684,1882,3,10,0,1,227,True
2017-04-19T18:55:00+0000,904277726319518_1388251487922137,ontem cerimonia colacao grau alunos fundacao getulio vargas alegria ser escolhido patrono turma administracao publica agradeco formandos convite bom participar voces desse momento sucesso,ontem cerimonia colacao grau alunos fundacao getulio vargas alegria ser escolhido patrono turma administracao publica agradeco formandos convite bom participar voces desse momento sucesso,99,added_photos,https://scontent-gru2-2.xx.fbcdn.net/v/t31.0-0/p180x540/17991353_1388251487922137_2344261398651156099_o.jpg?_nc_cat=105&_nc_sid=2d5d41&_nc_ohc=0_gT_JhJMlgAX8NGDh1&_nc_ht=scontent-gru2-2.xx&_nc_tp=6&oh=b7b893004c12232a5d148497332f9a00&oe=5EAF0546,2221,6,14,0,0,271,True
2017-04-16T13:38:09+0000,904277726319518_1385134351567184,x comedia ontem ana estela teatro frei caneca assistir peca x comedia lucio mauro filho bruno mazzeo debora lamm thalita carauta fabiula nascimento textos interpretacoes adoraveis casa cheia valeu pena,x comedia ontem ana estela teatro frei caneca assistir peca x comedia lucio mauro filho bruno mazzeo debora lamm thalita carauta fabiula nascimento textos interpretacoes adoraveis casa cheia valeu pena,47,added_photos,https://scontent-gru1-1.xx.fbcdn.net/v/t31.0-0/p180x540/17973603_1385134351567184_5908893973856918414_o.jpg?_nc_cat=101&_nc_sid=2d5d41&_nc_ohc=RqPFzQQpXeAAX-lqNHf&_nc_ht=scontent-gru1-1.xx&_nc_tp=6&oh=c13c7dd5212ffc79a8c775b8eae63f1b&oe=5EADF0DC,2779,3,7,0,0,200,True
2017-04-13T14:28:20+0000,904277726319518_1382240351856584,entrevista dei estadao hoje,entrevista dei estadao hoje,146,added_photos,https://scontent-gru1-1.xx.fbcdn.net/v/t31.0-8/s720x720/17834227_1382240351856584_3826741878107901505_o.jpg?_nc_cat=108&_nc_sid=2d5d41&_nc_ohc=qOpeqlqASv8AX8DcTeN&_nc_ht=scontent-gru1-1.xx&_nc_tp=7&oh=dba4712d017f0915b5550ee2405fec63&oe=5EAD4F6B,1615,2,10,0,0,122,True
2017-04-10T20:41:18+0000,904277726319518_1379456415468311,participacao evento harvard dei palestra convite universidade columbia nova iorque sobre desafios inovar megacidade sao paulo,participacao evento harvard dei palestra convite universidade columbia nova iorque sobre desafios inovar megacidade sao paulo,117,added_photos,https://scontent-gru1-1.xx.fbcdn.net/v/t1.0-9/s720x720/17862808_1379456415468311_5453711515360959949_n.jpg?_nc_cat=103&_nc_sid=2d5d41&_nc_ohc=eiVubaF8AMUAX-o0nu-&_nc_ht=scontent-gru1-1.xx&_nc_tp=7&oh=0fbe7134585cb608a70f5f703ac6eb76&oe=5EAF5F36,2809,2,34,0,1,324,True
2017-04-08T22:53:55+0000,904277726319518_1377499478997338,pessoal hoje participei mesa brazil conference harvard eua importante ocasiao discutirmos rumos pais acredito brasil historicamente conjuga meritocracia manca sistema castas bastante proeminente permitese mobilidade individual existe estratificacao tao rigida impede castas aproximarem distancia segmentos sociais permanece constante pais embora individuo outro possa mudar segmento ascender nao podemos fazer dessas excecoes individuais alivio consciencia historica fazer reformas profundas brasil logica perversa perpetua desigualdades precisamos romper nao foco voltado nao enfrentaremos desafios historicos importantes pro futuro pais,pessoal hoje participei mesa brazil conference harvard eua importante ocasiao discutirmos rumos pais acredito brasil historicamente conjuga meritocracia manca sistema castas bastante proeminente permitese mobilidade individual existe estratificacao tao rigida impede castas aproximarem distancia segmentos sociais permanece constante pais embora individuo outro possa mudar segmento ascender nao podemos fazer dessas excecoes individuais alivio consciencia historica fazer reformas profundas brasil logica perversa perpetua desigualdades precisamos romper nao foco voltado nao enfrentaremos desafios historicos importantes pro futuro pais,292,added_photos,https://scontent-gru2-2.xx.fbcdn.net/v/t31.0-0/p180x540/17855161_1377499478997338_1524440655217537393_o.jpg?_nc_cat=106&_nc_sid=2d5d41&_nc_ohc=Gjx0T64VTI0AX-kYADs&_nc_ht=scontent-gru2-2.xx&_nc_tp=6&oh=2d36c4a7da38cc8ba3e0e6e47c198dfe&oe=5EAEB476,3619,2,26,1,1,347,True
2017-04-08T01:56:15+0000,904277726319518_1376623269084959,gilberto gil yamandu costa encontro mit harvard,gilberto gil yamandu costa encontro mit harvard,289,added_video,https://scontent-gru2-1.xx.fbcdn.net/v/t15.5256-10/s1080x2048/17837935_1376645905749362_3925503214081802240_n.jpg?_nc_cat=109&_nc_sid=ad6a45&_nc_ohc=1PvAg5_e1k4AX8qfjeL&_nc_ht=scontent-gru2-1.xx&_nc_tp=7&oh=c0645fcbc79d7f3de6bf482674ab18a7&oe=5EAC84ED,2287,8,54,0,2,715,True
2017-04-04T10:13:08+0000,904277726319518_1372727602807859,verdade filha tempo organizacao mundial saude recomendou todos prefeitos planeta reduzissem velocidade maxima vias urbanas porque ciencia demonstrou significava menos congestionamentos menos acidentes menos poluicao portanto saude fisica mental nao menor pretensao argumentos racionais facam diferenca optaram obscurantismo acredito instituicoes servem hoje politicagem ajam favor verdade bom saber ciencia menos resto mundo avanca fronteiras,verdade filha tempo organizacao mundial saude recomendou todos prefeitos planeta reduzissem velocidade maxima vias urbanas porque ciencia demonstrou significava menos congestionamentos menos acidentes menos poluicao portanto saude fisica mental nao menor pretensao argumentos racionais facam diferenca optaram obscurantismo acredito instituicoes servem hoje politicagem ajam favor verdade bom saber ciencia menos resto mundo avanca fronteiras,12794,shared_story,https://external-gru1-1.xx.fbcdn.net/safe_image.php?d=AQDBOAVQpzWx83XQ&url=https%3A%2F%2Fwww.facebook.com%2Fads%2Fimage%2F%3Fd%3DAQKyMGZN9hL2iFLXwLF27D_JM6CEx1lj9xUoYgQ1_Uuq1Thx2o8IRD_BHusg5C3IyagRn_1gYYq3VDGu9fqgQHaGvH_oNX4zJ3YNTGvGRe9terK1lrWFrm2pxx8XRjQAAG1PZeqiZd4zYx1OKRPCWnKG&_nc_hash=AQAypmSnHoCWM45O,29844,123,116,3140,307,1325,True
2017-04-01T15:19:20+0000,904277726319518_1367426143338005,materia bacana sobre atrativos naturais regiao parelheiros extremo sul sao paulo ali criamos polo ecoturismo incluindo lei incentivos ficais garantimos demarcacao terras indigenas definimos regiao area rural voltada agricultura alimentos organicos incluidos merenda escolar fomentamos desenvolvimento sustentavel partir projeto agricultura urbana premiado bloomberg philanthropies ano passado claro entregamos obra hospital parelheiros aguardado ha anos vale pena visita,materia bacana sobre atrativos naturais regiao parelheiros extremo sul sao paulo ali criamos polo ecoturismo incluindo lei incentivos ficais garantimos demarcacao terras indigenas definimos regiao area rural voltada agricultura alimentos organicos incluidos merenda escolar fomentamos desenvolvimento sustentavel partir projeto agricultura urbana premiado bloomberg philanthropies ano passado claro entregamos obra hospital parelheiros aguardado ha anos vale pena visita,850,shared_story,https://external-gru1-1.xx.fbcdn.net/safe_image.php?d=AQDBVe89UuwZbtfy&url=https%3A%2F%2Fwww.facebook.com%2Fads%2Fimage%2F%3Fd%3DAQLnPYG5bVcgXCcyRBPJtt_MDuublbbm5-TfgHcCP7Co3IWT42SbND_UAenB4fO6sidajePBPxVV5_LpfQRJDhnEOc_G3f90AC_HRQQ89FaJsXOyhIs_jQU1AVA8FAfOFXRsV0IhNr_O9yQ5dbqyNies&_nc_hash=AQB1l4zLZ5XAtSqV,5082,5,100,1,0,541,True
2017-03-28T14:22:16+0000,904277726319518_1366309763449643,belo horizonte dei aula magna alunos escola arquitetura ufmg conversamos sobre legado deixamos sao paulo ponto vista urbanistico comecar aprovacao planodiretor agradeco mineiros recepcao otimo estar voces,belo horizonte dei aula magna alunos escola arquitetura ufmg conversamos sobre legado deixamos sao paulo ponto vista urbanistico comecar aprovacao planodiretor agradeco mineiros recepcao otimo estar voces,65,added_photos,https://scontent-gru2-1.xx.fbcdn.net/v/t1.0-0/p180x540/17523250_1366309763449643_812604100211036415_n.jpg?_nc_cat=109&_nc_sid=2d5d41&_nc_ohc=KQ1JIrbU96QAX_P5QlT&_nc_ht=scontent-gru2-1.xx&_nc_tp=6&oh=b09c8d8b482891957ba78855d015d5e3&oe=5EACDFF6,2658,2,32,1,0,291,True
2017-03-27T11:04:21+0000,904277726319518_1365216116892341,gilberto dimenstein procurou incluir regiao beco batman programa ruas abertas adesao projeto imediata partir dai equipes cet ilume sub etc mobilizadas pouco dias projeto lancado importante alem paulista outras ruas abertas domingos mudar relacao pessoas cidade reeducar olhar convivio interacao poucos resistencias vao sendo vencidas negocios cultura florescem cidade humaniza boa semana,gilberto dimenstein procurou incluir regiao beco batman programa ruas abertas adesao projeto imediata partir dai equipes cet ilume sub etc mobilizadas pouco dias projeto lancado importante alem paulista outras ruas abertas domingos mudar relacao pessoas cidade reeducar olhar convivio interacao poucos resistencias vao sendo vencidas negocios cultura florescem cidade humaniza boa semana,288,shared_story,https://scontent-gru1-1.xx.fbcdn.net/v/t45.1600-4/17860396_6067116702347_8889760284634251264_n.png?_nc_ohc=ALjTBSu9GYUAX_ZGfhL&_nc_ht=scontent-gru1-1.xx&oh=e51e6e24e76cf00e1285f5a18d7b46a6&oe=5EAF7D51,5010,2,15,1,1,639,True
2017-03-26T12:53:25+0000,904277726319518_1364298840317402,ainda mes mulher compartilho ultima entrevista ana estela primeiradama recem publicada privilegio acompanhala tao perto,ainda mes mulher compartilho ultima entrevista ana estela primeiradama recem publicada privilegio acompanhala tao perto,140,shared_story,https://scontent-gru2-2.xx.fbcdn.net/v/t45.1600-4/17860964_6067116702547_8885257359316746240_n.png?_nc_ohc=3IjTcYbewlAAX9Kl1M_&_nc_ht=scontent-gru2-2.xx&oh=9093ae2db73928e217569d2c8296b536&oe=5EACF7BD,2840,2,9,0,1,346,True
2017-03-24T10:32:47+0000,904277726319518_1362249813855638,financas cidade importante saber diante mentiras estao sendo veiculadas redes sociais sobre financas cidade recebi tecnicos prefeitura quadro comparativo situacao estado comparacao choca divida cidade correspondia receita anual divida estado enquanto divida cidade caiu estado subiu superavit financeiro cidade sobre despesa media mensal estado superavit cidade passou estado cai final comprometimento receita estado folha salario chegava enquanto prefeitura atingia apenas todos reajustes dados durante gestao fim final tanto estado prefeitura dispunham mes despesa caixa caso prefeitura equivale r bilhoes verdade mundo posverdade ate dados balanco auditados respectivos tribunais contas podem sofrer tortura,financas cidade importante saber diante mentiras estao sendo veiculadas redes sociais sobre financas cidade recebi tecnicos prefeitura quadro comparativo situacao estado comparacao choca divida cidade correspondia receita anual divida estado enquanto divida cidade caiu estado subiu superavit financeiro cidade sobre despesa media mensal estado superavit cidade passou estado cai final comprometimento receita estado folha salario chegava enquanto prefeitura atingia apenas todos reajustes dados durante gestao fim final tanto estado prefeitura dispunham mes despesa caixa caso prefeitura equivale r bilhoes verdade mundo posverdade ate dados balanco auditados respectivos tribunais contas podem sofrer tortura,714,mobile_status_update,None,4040,5,8,59,10,174,True
2017-03-23T21:16:38+0000,904277726319518_1361701150577171,decidimos abrir avenida paulista pedestres muita gente turma contra chiou consolidamos politica meio programa ruas abertas hoje mil pessoas ocupam espaco todo domingo cidade afinal encontro convivio democratico parabens sao paulo,decidimos abrir avenida paulista pedestres muita gente turma contra chiou consolidamos politica meio programa ruas abertas hoje mil pessoas ocupam espaco todo domingo cidade afinal encontro convivio democratico parabens sao paulo,498,shared_story,https://external-gru1-1.xx.fbcdn.net/safe_image.php?d=AQBwHQK0_Fz1Bgxs&url=http%3A%2F%2Fabrilvejasp.files.wordpress.com%2F2017%2F03%2Fdu8a7015.jpg%3Fquality%3D70%26strip%3Dall%26w%3D1000&_nc_hash=AQA-IP59PIKhkExK,10375,33,11,1,3,1624,True
2017-03-22T19:40:31+0000,904277726319518_1360418557372097,ontem feausp dando aula magna alunos economia administracao contabilidade falamos sobre educacao politicas acesso ensino superior debatemos formas tornar universidade representativa sociedade,ontem feausp dando aula magna alunos economia administracao contabilidade falamos sobre educacao politicas acesso ensino superior debatemos formas tornar universidade representativa sociedade,59,added_photos,https://scontent-gru2-1.xx.fbcdn.net/v/t31.0-0/p180x540/17390818_1360423210704965_3428027195471160706_o.jpg?_nc_cat=107&_nc_sid=8024bb&_nc_ohc=NGt2xS-d-bYAX9_kSmm&_nc_ht=scontent-gru2-1.xx&_nc_tp=6&oh=e0306e5106a85ddf6463daac5136e049&oe=5EAC62AF,2738,2,17,1,1,351,True
2017-03-21T14:23:40+0000,904277726319518_1358376160909670,transposicao rio sao francisco monteiro paraiba neste domingo conhecer trecho obra transposicao sao francisco obra imaginada ha seculo iniciada determinacao presidente lula entregue povo cariri muita emocao lembranca ainda forte passagem ministerio educacao carinho pessoas dia inesquecivel video fpa,transposicao rio sao francisco monteiro paraiba neste domingo conhecer trecho obra transposicao sao francisco obra imaginada ha seculo iniciada determinacao presidente lula entregue povo cariri muita emocao lembranca ainda forte passagem ministerio educacao carinho pessoas dia inesquecivel video fpa,1187,added_video,https://scontent-gru1-1.xx.fbcdn.net/v/t15.5256-10/17446844_1358378777576075_8560084655192145920_n.jpg?_nc_cat=104&_nc_sid=ad6a45&_nc_ohc=Xp8c9eQVqH8AX85dzqh&_nc_ht=scontent-gru1-1.xx&oh=6eeb95ad0568b582a38fbee3b5fd50bc&oe=5EADD36C,5374,8,27,1,4,995,True
2017-03-18T18:35:58+0000,904277726319518_1356172351130051,ranking mundial congestionamento governo sao paulo ocupava posicao ranking cidades congestionadas mundo passou ocupar posicao terco melhora devese entrada ranking outras cidades passaram ter transito monitorado maior empresa gps mundo holandesa tomtom dois tercos devemse politicas publicas adotadas linha organizacao mundial saude omsonu notadamente reducao velocidade maxima km avenidas consequente queda numero acidentes atenuacao efeito ondulatorio transito nao creio mudanca apenas km marginais cerca vai alterar substancialmente conquista civilizatoria dentre cidades monitoradas milhoes habitantes sao paulo so perde chicago boa sampa,ranking mundial congestionamento governo sao paulo ocupava posicao ranking cidades congestionadas mundo passou ocupar posicao terco melhora devese entrada ranking outras cidades passaram ter transito monitorado maior empresa gps mundo holandesa tomtom dois tercos devemse politicas publicas adotadas linha organizacao mundial saude omsonu notadamente reducao velocidade maxima km avenidas consequente queda numero acidentes atenuacao efeito ondulatorio transito nao creio mudanca apenas km marginais cerca vai alterar substancialmente conquista civilizatoria dentre cidades monitoradas milhoes habitantes sao paulo so perde chicago boa sampa,135,shared_story,None,2269,1,3,16,5,158,True
2017-03-17T10:24:54+0000,904277726319518_1354229617990991,dei aula magna fundacao getulio vargas fgv semana otima conversa falamos diferencas administracao privada administracao publica funcionamento instituicoes ambiente inovacao prazer estar voces,dei aula magna fundacao getulio vargas fgv semana otima conversa falamos diferencas administracao privada administracao publica funcionamento instituicoes ambiente inovacao prazer estar voces,98,added_photos,https://scontent-gru2-2.xx.fbcdn.net/v/t1.0-9/p720x720/17352384_1354229617990991_1918659067729576794_n.jpg?_nc_cat=100&_nc_sid=2d5d41&_nc_ohc=bDjjzOfckuIAX94Z2x0&_nc_ht=scontent-gru2-2.xx&_nc_tp=6&oh=dbb68c705ff8bcc8dda514b09a1b85e2&oe=5EAC6307,3710,4,15,2,1,367,True
2017-03-14T16:15:37+0000,904277726319518_1352253181521968,legal iniciativa moradores brasilandia criar propria empresa transporte individual regiao mal atendida servico sao paulo desde ano passado melhor regulacao transporte individual mundo segundo especialistas internacionais deu seguranca juridica outros aplicativos operassem cidade cabify easy etc agora perifa reage criando proprio modelo agora galera vamos fazer coisa dentro legalidade boa sorte,legal iniciativa moradores brasilandia criar propria empresa transporte individual regiao mal atendida servico sao paulo desde ano passado melhor regulacao transporte individual mundo segundo especialistas internacionais deu seguranca juridica outros aplicativos operassem cidade cabify easy etc agora perifa reage criando proprio modelo agora galera vamos fazer coisa dentro legalidade boa sorte,573,shared_story,https://external-gru1-1.xx.fbcdn.net/safe_image.php?d=AQCEU5XGSGRmC9mf&url=http%3A%2F%2Fichef-1.bbci.co.uk%2Fnews%2F1024%2Fbranded_portuguese%2FCF2A%2Fproduction%2F_95143035_brasilandia.jpg&_nc_hash=AQC37Qmipt2SLF7O,5094,25,21,0,2,454,True
2017-03-11T13:55:28+0000,904277726319518_1347944451952841,prazer dar aula magna calouros calouras faculdade economia administracao contabilidade ribeirao preto usp bom estar voces debater livremente temas gestao publica inovacao universidade afinal espaco construcao democratica pensamento excelencia agradeco estudantes convite recepcao,prazer dar aula magna calouros calouras faculdade economia administracao contabilidade ribeirao preto usp bom estar voces debater livremente temas gestao publica inovacao universidade afinal espaco construcao democratica pensamento excelencia agradeco estudantes convite recepcao,126,added_photos,https://scontent-gru2-2.xx.fbcdn.net/v/t31.0-0/p480x480/17218366_1347918068622146_5022950017963395917_o.jpg?_nc_cat=100&_nc_sid=8024bb&_nc_ohc=px7m25NX71kAX-Y1dKe&_nc_ht=scontent-gru2-2.xx&_nc_tp=6&oh=aad7d18694c91c3207136cef8b838e6d&oe=5EAFC899,2724,2,15,0,0,311,True
2017-03-10T11:04:13+0000,904277726319518_1347113622035924,intransparencia enem decisao mec nao divulgar resultados enem escola vai contramao politicas publicas acesso informacao alem desrespeitar determinacao plano nacional educacao pne incorporar exame nacional ensino medio assegurada universalizacao tornando exame obrigatorio concluintes sistema avaliacao educacao basica lei item assim pne elaborado cinco conferencias nacionais educacao debatido quatro anos congresso nacional vai dia apos dia tornando letra morta,intransparencia enem decisao mec nao divulgar resultados enem escola vai contramao politicas publicas acesso informacao alem desrespeitar determinacao plano nacional educacao pne incorporar exame nacional ensino medio assegurada universalizacao tornando exame obrigatorio concluintes sistema avaliacao educacao basica lei item assim pne elaborado cinco conferencias nacionais educacao debatido quatro anos congresso nacional vai dia apos dia tornando letra morta,539,mobile_status_update,None,3209,1,8,476,347,8,True
2017-03-02T10:33:33+0000,904277726319518_1337434249670528,secretario fazenda doria desmente folha spaulo simplesmente falsa afirmacao prefeitura nao dispoe recursos terminar hospitais parelheiros brasilandia veiculada folha parelheiros pronto verba conclusao federal mediante reembolso municipio adianta verba recebe alguns meses brasilandia inicio obra funcao atraso linha metro nao so prefeitura dinheiro autorizacao alienar parte caninde concluila segundo demonstrativo assinado secretaria fazenda desta gestao deixados r milhoes acima minimo previsto lei responsabilidade fiscal basta ler diario oficial municipio janeiro pagina enviado folha afirma secretario doria caio megale pessoa audiencia camara tambem conhecimento reporter folha execucao fiscal completamente dentro metas dentro determina lei responsabilidade fiscal disse secretario sobre divida cidade sao paulo secretario destacou caiu significativamente causa renegociacao governo federal divida caiu algo perto r bilhoes queda importante divida governo federal girava torno r bilhoes caiu perto r bilhoes disse,secretario fazenda doria desmente folha spaulo simplesmente falsa afirmacao prefeitura nao dispoe recursos terminar hospitais parelheiros brasilandia veiculada folha parelheiros pronto verba conclusao federal mediante reembolso municipio adianta verba recebe alguns meses brasilandia inicio obra funcao atraso linha metro nao so prefeitura dinheiro autorizacao alienar parte caninde concluila segundo demonstrativo assinado secretaria fazenda desta gestao deixados r milhoes acima minimo previsto lei responsabilidade fiscal basta ler diario oficial municipio janeiro pagina enviado folha afirma secretario doria caio megale pessoa audiencia camara tambem conhecimento reporter folha execucao fiscal completamente dentro metas dentro determina lei responsabilidade fiscal disse secretario sobre divida cidade sao paulo secretario destacou caiu significativamente causa renegociacao governo federal divida caiu algo perto r bilhoes queda importante divida governo federal girava torno r bilhoes caiu perto r bilhoes disse,696,shared_story,https://external-gru1-1.xx.fbcdn.net/safe_image.php?d=AQCiLsPL8nSOnZfs&url=http%3A%2F%2Fcamara.sp.gov.br%2Fwp-content%2Fthemes%2Fportal-cmsp%2Flibrary%2Fimages%2Fog-image.jpg&_nc_hash=AQAGLrBwP0azrv0q,2618,1,16,4,63,86,True
2017-03-01T12:07:07+0000,904277726319518_1336516093095677,exministro cultura juca ferreira anunciamos transformariamos sao paulo polo turistico carnaval campanha contra impiedosa pois bem sao paulo apenas quatro anos ja principais destinos turisticos carnaval promovendo interacao pessoas cultura gerando oportunidades ativacao servicos comercio cidade parabens sampa nao deixa samba morrer,exministro cultura juca ferreira anunciamos transformariamos sao paulo polo turistico carnaval campanha contra impiedosa pois bem sao paulo apenas quatro anos ja principais destinos turisticos carnaval promovendo interacao pessoas cultura gerando oportunidades ativacao servicos comercio cidade parabens sampa nao deixa samba morrer,2097,shared_story,https://external-gru1-1.xx.fbcdn.net/safe_image.php?d=AQACSwIVByRvrfCE&url=http%3A%2F%2Ff.i.uol.com.br%2Ffotografia%2F2017%2F02%2F25%2F670778-970x600-1.jpeg&_nc_hash=AQAbvsx2ylqH12D-,18221,27,68,1,7,2965,True
2017-02-25T13:07:00+0000,904277726319518_1330904206990199,comecou carnaval compartilho voces artigo exministro exsecretario cultura juca ferreira lembra processo resgate carnaval rua sao paulo durante gestao la pra ca cidade ganhou melhores carnavais rua brasil,comecou carnaval compartilho voces artigo exministro exsecretario cultura juca ferreira lembra processo resgate carnaval rua sao paulo durante gestao la pra ca cidade ganhou melhores carnavais rua brasil,366,shared_story,https://external-gru1-1.xx.fbcdn.net/safe_image.php?d=AQCry6qyqebP8ocF&url=http%3A%2F%2Fwww.revistaforum.com.br%2Fwp-content%2Fuploads%2F2017%2F02%2Fpost-carnajuca.jpg&_nc_hash=AQAcP8pl-sB0OG0b,4264,26,6,2,1,469,True
2017-02-24T12:36:24+0000,904277726319518_1330881746992445,comunidade pucsp muita honra passo integrar conselho universitario desta prestigiosa instituicao condicao representante sociedade civil nomeado cardeal dom odilo scherer agradeco confianca colocome disposicao comunidade professores estudantes funcionarios reitora maria amalia sempre bom estar junto voces,comunidade pucsp muita honra passo integrar conselho universitario desta prestigiosa instituicao condicao representante sociedade civil nomeado cardeal dom odilo scherer agradeco confianca colocome disposicao comunidade professores estudantes funcionarios reitora maria amalia sempre bom estar junto voces,1390,added_photos,https://scontent-gru2-1.xx.fbcdn.net/v/t31.0-8/s720x720/16904840_1330881746992445_8766479199464401144_o.jpg?_nc_cat=109&_nc_sid=2d5d41&_nc_ohc=nPKlZbUFv48AX-opOcq&_nc_ht=scontent-gru2-1.xx&_nc_tp=7&oh=8200c407b9f10a6c9e94790d06262d0f&oe=5EAC1C64,8419,11,160,7,28,2444,True
2017-02-23T16:47:34+0000,904277726319518_1330019307078689,ana estela haddad tarso genro criamos prouni diziam queriamos rebaixar qualidade ensino superior pois e prounistas elevam nota media instituicoes aderiram programa pessoal contra confundia renda riqueza merito nada ver so faltava estudantes escola publica oportunidade parabens galera prouni,ana estela fh tarso genro criamos prouni diziam queriamos rebaixar qualidade ensino superior pois e prounistas elevam nota media instituicoes aderiram programa pessoal contra confundia renda riqueza merito nada ver so faltava estudantes escola publica oportunidade parabens galera prouni,9388,shared_story,https://external-gru1-1.xx.fbcdn.net/safe_image.php?d=AQB5KpBkAvRjoMTa&url=http%3A%2F%2Fs2.glbimg.com%2FibjsTG0WkPnJr-iDgSV-1GvzAZA%3D%2Fsmart%2Ffilters%3Astrip_icc%28%29%2Fs.glbimg.com%2Fjo%2Fg1%2Ff%2Foriginal%2F2016%2F07%2F19%2Fprouni.jpg&_nc_hash=AQByNwZPYl1X4bxd,22571,33,162,0,3,4942,True
2017-02-22T17:53:43+0000,904277726319518_1311993112214642,recebi carta gentil prefeito amsterda eberhard van der laan agradece relacionamento frutifero cidades ultimos anos veio missao sao paulo ano passado visitou alguns programas criamos paulista aberta bracos abertos faz mencao especial nesta carta,recebi carta gentil prefeito amsterda eberhard van der laan agradece relacionamento frutifero cidades ultimos anos veio missao sao paulo ano passado visitou alguns programas criamos paulista aberta bracos abertos faz mencao especial nesta carta,576,added_photos,https://scontent-gru2-1.xx.fbcdn.net/v/t1.0-9/s720x720/16473358_1311993112214642_1661411489453942515_n.jpg?_nc_cat=109&_nc_sid=2d5d41&_nc_ohc=_8z6SChVTY8AX-46gDX&_nc_ht=scontent-gru2-1.xx&_nc_tp=7&oh=2e420860bfc52e6a7d02027bf0c5c3b1&oe=5EAE11BD,8215,13,102,2,0,1990,True
2017-02-19T22:31:48+0000,904277726319518_1325524410861512,baixo augusta,baixo augusta,213,added_video,https://scontent-gru2-1.xx.fbcdn.net/v/t15.5256-10/s526x395/16827873_1325528317527788_4090827182593540096_n.jpg?_nc_cat=107&_nc_sid=ad6a45&_nc_ohc=68Uy6zoeKeQAX-UUceA&_nc_ht=scontent-gru2-1.xx&_nc_tp=7&oh=cd67a7e6efe69320cb9ddf26bc893947&oe=5EAD2125,3957,83,15,1,4,1791,True
2017-02-19T22:05:20+0000,904277726319518_1323883684358918,tambem neste final semana prazer ser patrono turma formandos relacoes internacionais fecap onde quer desejo representem pais altivez frente desafios colocados cenario internacional sucesso voces,tambem neste final semana prazer ser patrono turma formandos relacoes internacionais fecap onde quer desejo representem pais altivez frente desafios colocados cenario internacional sucesso voces,293,added_photos,https://scontent-gru1-1.xx.fbcdn.net/v/t1.0-0/p180x540/16807220_1323883654358921_5258863634272936431_n.jpg?_nc_cat=104&_nc_sid=8024bb&_nc_ohc=KRdvdi_aCyQAX-ROMKp&_nc_ht=scontent-gru1-1.xx&_nc_tp=6&oh=05728e7d2df7aeb00f76da1622b2f8f7&oe=5EAE3F2B,6392,102,26,0,2,1235,True
2017-02-18T17:41:50+0000,904277726319518_1323948981019055,feliz ser escolhido patrono turma formandos arquitetura urbanismo escola cidade fiquei sabendo primeiro naoarquiteto ser escolhido homenagem deixa ainda honrado recebi bonita mensagem ontem colacao grau deixou emocionados compartilho aqui voces satisfacao podemos destacar senhor figurachave durante toda trajetoria graduacao naquilo compreendemos ampliacao corajoso tensionamento caros valores debates acerca desenvolvimento urbano livre apropriacao antes parecia preso plano ideias jovens arquitetos urbanistas gratos prefeitoprofessor ensinamento contundente perene possivel,feliz ser escolhido patrono turma formandos arquitetura urbanismo escola cidade fiquei sabendo primeiro naoarquiteto ser escolhido homenagem deixa ainda honrado recebi bonita mensagem ontem colacao grau deixou emocionados compartilho aqui voces satisfacao podemos destacar senhor figurachave durante toda trajetoria graduacao naquilo compreendemos ampliacao corajoso tensionamento caros valores debates acerca desenvolvimento urbano livre apropriacao antes parecia preso plano ideias jovens arquitetos urbanistas gratos prefeitoprofessor ensinamento contundente perene possivel,589,added_photos,https://scontent-gru1-1.xx.fbcdn.net/v/t1.0-9/s720x720/16830616_1323948981019055_2825993599431632840_n.jpg?_nc_cat=101&_nc_sid=2d5d41&_nc_ohc=UTBSsvm-zIUAX_5EzHj&_nc_ht=scontent-gru1-1.xx&_nc_tp=7&oh=5a0bdb5cb9bbc9e0a317136290610d90&oe=5EAFD239,7373,2,44,1,0,1460,True
2017-02-17T14:45:57+0000,904277726319518_1322361614511125,ontem cerimonia premiacao cidadao sao paulo prazer entregar premio categoria direitos humanos maos querida djamila ribeiro junto equipe desempenhou trabalho maestria governo,ontem cerimonia premiacao cidadao sao paulo prazer entregar premio categoria direitos humanos maos querida djamila ribeiro junto equipe desempenhou trabalho maestria governo,199,added_photos,https://scontent-gru1-1.xx.fbcdn.net/v/t1.0-9/p720x720/16830690_1322361614511125_4612654692485163699_n.jpg?_nc_cat=103&_nc_sid=2d5d41&_nc_ohc=jnP5SlSp8nUAX-JjInu&_nc_ht=scontent-gru1-1.xx&_nc_tp=6&oh=53a561d08320b584f63116baf3b343aa&oe=5EAE10B2,4599,5,16,0,2,893,True
2017-02-16T01:28:49+0000,904277726319518_1320279011386052,chico tom brasil,chico tom brasil,414,added_video,https://scontent-gru2-1.xx.fbcdn.net/v/t15.5256-10/p640x640/16777233_1320289464718340_2653187064664686592_n.jpg?_nc_cat=107&_nc_sid=ad6a45&_nc_ohc=y5FGMqzRV3YAX9hGVcZ&_nc_ht=scontent-gru2-1.xx&_nc_tp=6&oh=48b9c3ee38ef3cd852ad7950752ec032&oe=5EADD2E6,3011,11,35,3,1,1311,True
2017-02-07T21:24:55+0000,904277726319518_1312258088854811,neste final semana prazer dar aula inaugural posgraduacao fundacao perseu abramo conversamos alunos sobre praticas inovacao gestao publica discutindo conhecimento cientifico pode dar suporte decisoes politicas,neste final semana prazer dar aula inaugural posgraduacao fundacao perseu abramo conversamos alunos sobre praticas inovacao gestao publica discutindo conhecimento cientifico pode dar suporte decisoes politicas,129,added_photos,https://scontent-gru2-2.xx.fbcdn.net/v/t31.0-0/p480x480/16601624_1312253992188554_2013907100074057119_o.jpg?_nc_cat=106&_nc_sid=8024bb&_nc_ohc=qRnSu1d7lKUAX87BIZ5&_nc_ht=scontent-gru2-2.xx&_nc_tp=6&oh=db83cb2faca4f5bf48f0632b19357741&oe=5EAEE0B0,4233,4,16,0,2,500,True
2017-02-06T11:58:10+0000,904277726319518_1310233479057272,semana passada fortaleza batepapo alunos secundaristas ubes discutimos rumos ensino medio pais otimo sentir energia participacao juventude politica sempre importante hoje crucial,semana passada fortaleza batepapo alunos secundaristas ubes discutimos rumos ensino medio pais otimo sentir energia participacao juventude politica sempre importante hoje crucial,85,added_photos,https://scontent-gru1-1.xx.fbcdn.net/v/t31.0-0/p480x480/16487439_1310232352390718_1781239459135494661_o.jpg?_nc_cat=110&_nc_sid=8024bb&_nc_ohc=pD8iuTT7YrIAX_cFJGE&_nc_ht=scontent-gru1-1.xx&_nc_tp=6&oh=f45cfe4d108f562545fce6fc645b5f9c&oe=5EAC38BC,2854,0,9,0,1,331,True
2017-02-02T18:52:45+0000,904277726319518_1306857386061548,profundamente triste noticia falecimento dona marisa transmito presidente lula familiares sentimentos solidariedade desejo forca neste momento dificil deus conforte,profundamente triste noticia falecimento dona marisa transmito presidente lula familiares sentimentos solidariedade desejo forca neste momento dificil deus conforte,79,mobile_status_update,None,12548,3,3,2796,12,422,True
2017-01-31T21:37:03+0000,904277726319518_1304794086267878,convidado bienal uniao nacional estudantes acontecendo cidade fortaleza ceara pude bater papo bom sobre reinvencao fronteiras nova ordem mundial acredito gente colocar energia servico projeto emancipacao combate fome miseria respeito diversidade meio ambiente certamente forjaremos mundo melhor,convidado bienal uniao nacional estudantes acontecendo cidade fortaleza ceara pude bater papo bom sobre reinvencao fronteiras nova ordem mundial acredito gente colocar energia servico projeto emancipacao combate fome miseria respeito diversidade meio ambiente certamente forjaremos mundo melhor,154,added_photos,https://scontent-gru1-1.xx.fbcdn.net/v/t1.0-0/p480x480/16425777_1304794066267880_3806801955744693581_n.jpg?_nc_cat=104&_nc_sid=110474&_nc_ohc=TTIYWUlg9bMAX9ywTaV&_nc_ht=scontent-gru1-1.xx&_nc_tp=6&oh=772a56b5dc9628766a1a62c79126dd53&oe=5EAEFCE4,3562,3,17,1,1,486,True
2017-01-12T11:23:39+0000,904277726319518_1285091498238137,texto legal cineasta tata amaral respeito legado governo deixa cidade sao paulo,texto legal cineasta tata amaral respeito legado governo deixa cidade sao paulo,617,shared_story,https://external-gru1-1.xx.fbcdn.net/safe_image.php?d=AQAGzRSGiryBX-Kx&url=fbstaging%3A%2F%2Fgraph.facebook.com%2Fstaging_resources%2FMDExMjg1MDkwMDAxNTcxNjIwOjE5Mjk3MDQ4NjQ%3D&_nc_hash=AQAeosbS42ORXhdN,6298,51,3,0,10,894,True
2017-01-08T15:29:22+0000,904277726319518_1281972351883385,picanha chernobyl paulista,picanha chernobyl paulista,306,added_video,https://scontent-gru1-1.xx.fbcdn.net/v/t15.5256-10/p526x296/15936196_1281981745215779_133243285819883520_n.jpg?_nc_cat=110&_nc_sid=ad6a45&_nc_ohc=pvnXD72yXbkAX91u3N7&_nc_ht=scontent-gru1-1.xx&_nc_tp=6&oh=7c85600739e32a8b5f1be30ce811d421&oe=5EAECE6F,4201,35,28,2,4,857,True
2017-01-07T11:20:11+0000,904277726319518_1281031791977441,plano diretor sp agora premiado onu onuhabitat acaba divulgar vencedores dentre candidaturas titulo melhores praticas inovadoras nova agenda urbana plano diretor sp vitorioso acontece novo desenho urbano sp aprovado gestao ter sido premiado prestigiado site urbanismo mundo archdaily considerarmos obtencao grau investimento obtido cidade sao paulo concedido agencia risco fitch meio maior crise economica historia pais tratase duas conquistas estruturais maior relevancia ja sao sete premios internacionais obtidos gestao pena midia tradicional local nao ter pautado temas dessa envergadura efetivamente moldam futuro cidade,plano diretor sp agora premiado onu onuhabitat acaba divulgar vencedores dentre candidaturas titulo melhores praticas inovadoras nova agenda urbana plano diretor sp vitorioso acontece novo desenho urbano sp aprovado gestao ter sido premiado prestigiado site urbanismo mundo archdaily considerarmos obtencao grau investimento obtido cidade sao paulo concedido agencia risco fitch meio maior crise economica historia pais tratase duas conquistas estruturais maior relevancia ja sao sete premios internacionais obtidos gestao pena midia tradicional local nao ter pautado temas dessa envergadura efetivamente moldam futuro cidade,3629,shared_story,https://external-gru1-1.xx.fbcdn.net/safe_image.php?d=AQAuKDeriHu7WPOo&url=http%3A%2F%2Fes.unhabitat.org%2Fwp-content%2Fuploads%2Fsites%2F11%2F2016%2F11%2Fconvocatoriapublica-300x336.png&_nc_hash=AQCx-8GywsDEQsHN,11320,9,184,4,2,1841,True
2017-01-05T12:24:07+0000,904277726319518_1277789385635015,entrevista dei rede brasil atual,entrevista dei rede brasil atual,670,shared_story,https://external-gru1-1.xx.fbcdn.net/safe_image.php?d=AQBWuVIxAPQxV1wa&url=http%3A%2F%2Fwww.redebrasilatual.com.br%2Fpolitica%2F2017%2F01%2Fsao-paulo-teve-ganhos-civilizatorios-e-a-casa-esta-em-ordem-5808.html%2Ffernando-haddad%2F%40%40images%2F99aa64e6-06ef-489f-9335-137c61aeab1c.jpeg&_nc_hash=AQDucQk2QWMgCOaZ,7522,42,11,2,6,825,True
2017-01-02T18:00:04+0000,904277726319518_1277203279026959,discurso cerimonia posse prefeito joao doria interesse publico deve vir sempre primeiro lugar fizemos grande transicao respeito democracia respeito povo trabalhador dessa cidade povo merece tudo,discurso cerimonia posse prefeito joao doria interesse publico deve vir sempre primeiro lugar fizemos grande transicao respeito democracia respeito povo trabalhador dessa cidade povo merece tudo,17703,added_video,https://scontent-gru2-2.xx.fbcdn.net/v/t15.5256-10/15748643_1277204199026867_5419608459597316096_n.jpg?_nc_cat=105&_nc_sid=ad6a45&_nc_ohc=v3Lc288VY6AAX-5kY0n&_nc_ht=scontent-gru2-2.xx&oh=7aeb698dd3959de0f62e21f19e0e3cc4&oe=5EAE9F4F,26787,40,122,1149,30,4905,True
2016-12-30T19:14:22+0000,904277726319518_1274690439278243,privilegio governar voces nunca disputado eleicao sequer havia sido ministro educacao sete anos grande experiencia administracao publica trabalho reconhecido amplamente avancos area honra ser eleito comandar maior cidade pais partir programa solido plataforma ousada transformacao cidade sao paulo longo mandato atravessamos momentos dificeis crise economica politica institucional brasil assim batemos recorde investimentos combatemos corrupcao mao firme deixamos casa arrumada ponto vista financeiro reordenamos espaco publico resgatamos cidadania marginalizados colocamos vida primeiro lugar quisemos todo momento construir sao paulo amigavel pessoas cidade vibrante integrada inovadora trabalho serio responsavel capazes conduzir sao paulo outra margem tempos atribulacao evidente nao deu pra fazer tudo gostariamos muitas realizacoes quatro cantos cidade sobretudo periferia fizemos precisava ser feito calculo eleitoral demagogia pirotecnia nunca acreditei saidas faceis resolver problema modo jamais tomei decisao jogando torcida sempre acreditei dialogo boa politica enquanto ferramentas imprescindiveis construcao cidade mundo melhor conviccoes colocamos marcha projeto moderno humano visando mudancas estruturais sao paulo precisava hoje ultimo dia cadeira prefeito todo trabalho aprendi cada dia realmente orgulho trajetoria trilhamos prefeitura sao paulo agradeco imensamente oportunidade paulistanos deram governar cidade acredito semeamos esperanca fizemos crer possivel romper velhos habitos criar novos valores fugir lugares comuns honra governar cidade saio sensacao dever cumprido certo deixamos legado importante geracoes futuras fim acredito fizemos transicao alto nivel colaborativa republicana novo prefeito joao doria mantivemos relacao cordial produtiva transparente desejo toda sinceridade sucesso conducao cidade tao complexa desafiadora sao paulo desejo todo brasil otimo ano jornada luta pais democratico justica social continua,privilegio governar voces nunca disputado eleicao sequer havia sido ministro educacao sete anos grande experiencia administracao publica trabalho reconhecido amplamente avancos area honra ser eleito comandar maior cidade pais partir programa solido plataforma ousada transformacao cidade sao paulo longo mandato atravessamos momentos dificeis crise economica politica institucional brasil assim batemos recorde investimentos combatemos corrupcao mao firme deixamos casa arrumada ponto vista financeiro reordenamos espaco publico resgatamos cidadania marginalizados colocamos vida primeiro lugar quisemos todo momento construir sao paulo amigavel pessoas cidade vibrante integrada inovadora trabalho serio responsavel capazes conduzir sao paulo outra margem tempos atribulacao evidente nao deu pra fazer tudo gostariamos muitas realizacoes quatro cantos cidade sobretudo periferia fizemos precisava ser feito calculo eleitoral demagogia pirotecnia nunca acreditei saidas faceis resolver problema modo jamais tomei decisao jogando torcida sempre acreditei dialogo boa politica enquanto ferramentas imprescindiveis construcao cidade mundo melhor conviccoes colocamos marcha projeto moderno humano visando mudancas estruturais sao paulo precisava hoje ultimo dia cadeira prefeito todo trabalho aprendi cada dia realmente orgulho trajetoria trilhamos prefeitura sao paulo agradeco imensamente oportunidade paulistanos deram governar cidade acredito semeamos esperanca fizemos crer possivel romper velhos habitos criar novos valores fugir lugares comuns honra governar cidade saio sensacao dever cumprido certo deixamos legado importante geracoes futuras fim acredito fizemos transicao alto nivel colaborativa republicana novo prefeito joao doria mantivemos relacao cordial produtiva transparente desejo toda sinceridade sucesso conducao cidade tao complexa desafiadora sao paulo desejo todo brasil otimo ano jornada luta pais democratico justica social continua,5216,mobile_status_update,None,27473,71,29,1528,39,9140,True
2016-12-29T14:10:23+0000,904277726319518_1273752256038728,entrevista dei nexo jornal desponta referencia qualidade imparcialidade nivel el pais,entrevista dei nexo jornal desponta referencia qualidade imparcialidade nivel el pais,1578,shared_story,https://external-gru1-1.xx.fbcdn.net/safe_image.php?d=AQDrIevarg_HdOoj&url=https%3A%2F%2Fwww.nexojornal.com.br%2Fincoming%2Fimagens%2FTEASER_HADDAD_FINAL.jpg%2FALTERNATES%2FBASE_LANDSCAPE%2FTEASER_HADDAD_FINAL.jpg&_nc_hash=AQCzMAaF7dl31Ntj,11145,15,51,2,4,962,True
2016-12-28T16:57:29+0000,904277726319518_1273038542776766,sumare maiores obras contra enchentes hoje entregamos maiores obras macrodrenagem cidade aumenta capacidade vazao ramais drenam aguas corregos agua preta sumare imediacoes arena palmeiras allianz parque shopping bourbon somadas obras corrego ponte baixa m boi mirim cupece cidade ademar obras equivalem cerca dez piscinoes deixamos outros piscinoes licitados licenciados conveniados junto pac oito bacias tremembe paciencia ipiranga freitas aricanduva zavuvus paraguayeguas perus parabens moradores agua branca vitoria decadas espera,sumare maiores obras contra enchentes hoje entregamos maiores obras macrodrenagem cidade aumenta capacidade vazao ramais drenam aguas corregos agua preta sumare imediacoes arena palmeiras allianz parque shopping bourbon somadas obras corrego ponte baixa m boi mirim cupece cidade ademar obras equivalem cerca dez piscinoes deixamos outros piscinoes licitados licenciados conveniados junto pac oito bacias tremembe paciencia ipiranga freitas aricanduva zavuvus paraguayeguas perus parabens moradores agua branca vitoria decadas espera,694,shared_story,https://external-gru1-1.xx.fbcdn.net/safe_image.php?d=AQC0_aE1-wHLXpzX&url=http%3A%2F%2Fs2.glbimg.com%2FK54JvDNilBCqbL_b7K1XqOFqZbQ%3D%2Fsmart%2Ffilters%3Astrip_icc%28%29%2Fi.s3.glbimg.com%2Fv1%2FAUTH_59edd422c0c84a879bd37670ae4f538a%2Finternal_photos%2Fbs%2F2016%2Fy%2F2%2FYlVYZvTzOKypFp8yQdAw%2Faguapreta1.jpg&_nc_hash=AQBFuU0tINBGHCIX,5880,7,43,2,1,687,True
2016-12-22T22:05:50+0000,904277726319518_1265296626884291,entrevista dei citiscope especializado politicas urbanas,entrevista dei citiscope especializado politicas urbanas,169,shared_story,https://external-gru1-1.xx.fbcdn.net/safe_image.php?d=AQDrE8qmXDhMZtiF&url=http%3A%2F%2Fcitiscope.org%2Fsites%2Fdefault%2Ffiles%2Fstyles%2Fstory_large%2Fpublic%2Fshutterstock_470955545.jpg%3Fitok%3DJTZM5DqQ&_nc_hash=AQDBaHeP1GvoiX5c,2114,2,12,3,1,252,True
2016-12-19T17:08:46+0000,904277726319518_1259875570759730,sp rainbow city sao paulo reconhecida selo internacional rainbow city acoes favor populacao lgbt somente cidades todo mundo contam reconhecimento ambiente amigavel lgbt sao paulo primeira cidade america sul ganhar selo longo governo criamos politicas publicas combate homofobia promocao direitos comunidade lgbt transcidadania criacao centros referencia lgbt fixos moveis alegria termos contribuido cultivo tolerancia estimulado convivio diversidade cidade,sp rainbow city sao paulo reconhecida selo internacional rainbow city acoes favor populacao lgbt somente cidades todo mundo contam reconhecimento ambiente amigavel lgbt sao paulo primeira cidade america sul ganhar selo longo governo criamos politicas publicas combate homofobia promocao direitos comunidade lgbt transcidadania criacao centros referencia lgbt fixos moveis alegria termos contribuido cultivo tolerancia estimulado convivio diversidade cidade,1112,shared_story,https://external-gru1-1.xx.fbcdn.net/safe_image.php?d=AQAiCATDhLLRtUCs&url=http%3A%2F%2Fguiagaysaopaulo.com.br%2Fpublic%2Fuploads%2Fimagens%2Foriginais%2Fnoticia-foto%2Fhaddad_LGBT_transcidadania_rainbow_cities.jpg%3Fwidth%3D600%26height%3D315%26tr%3Dc1%26quality%3D100&_nc_hash=AQBBFmMOhGQW9aT3,7785,7,55,2,3,1949,True
2016-12-16T13:21:34+0000,904277726319518_1255711827842771,ontem recebi relatorio comissao memoria verdade fiz publicar pedido oficial desculpas nome prefeitura sao paulo vitimas violacoes direitos humanos cometidas agentes durante ditadura militar,ontem recebi relatorio comissao memoria verdade fiz publicar pedido oficial desculpas nome prefeitura sao paulo vitimas violacoes direitos humanos cometidas agentes durante ditadura militar,822,added_photos,https://scontent-gru2-1.xx.fbcdn.net/v/t1.0-9/s720x720/15439727_1255711827842771_2082523976272368827_n.jpg?_nc_cat=107&_nc_sid=2d5d41&_nc_ohc=T4N9czdtlPwAX-UA7Wi&_nc_ht=scontent-gru2-1.xx&_nc_tp=7&oh=891a7627831297afe9712557d354b36f&oe=5EAFDF21,3830,0,49,5,3,947,True
2016-12-14T20:23:06+0000,904277726319518_1253823661364921,tempos crise aguda brasil mundo futuro avizinha nebuloso incerto sao paulo perde maiores liderancas espirituais nesse momento pesar quero reverenciar aqui memoria dom paulo evaristo arns sempre cardealarcebispo,tempos crise aguda brasil mundo futuro avizinha nebuloso incerto sao paulo perde maiores liderancas espirituais nesse momento pesar quero reverenciar aqui memoria dom paulo evaristo arns sempre cardealarcebispo,128,added_photos,https://scontent-gru2-1.xx.fbcdn.net/v/t31.0-8/s720x720/15392875_1253823661364921_6877796696516618789_o.jpg?_nc_cat=109&_nc_sid=2d5d41&_nc_ohc=fRbO8E4dE84AX8d3nlQ&_nc_ht=scontent-gru2-1.xx&_nc_tp=7&oh=a4b0e455190f5c794e7d16bca74201c1&oe=5EAF64B2,3654,1,2,431,1,232,True
2016-12-12T12:43:06+0000,904277726319518_1251159871631300,compartilho voces entrevista dei el pais,compartilho voces entrevista dei el pais,1183,shared_story,https://external-gru1-1.xx.fbcdn.net/safe_image.php?d=AQDvoGPwgGeDBcuK&url=http%3A%2F%2Fep00.epimg.net%2Fbrasil%2Fimagenes%2F2016%2F12%2F06%2Fpolitica%2F1481045001_795407_1481077552_rrss_normal.jpg&_nc_hash=AQAp61v5sHZCMNrk,10599,24,23,208,1,1180,True
2016-12-11T19:49:09+0000,904277726319518_1250477728366181,ensaio bloco baixo augusta carnaval rua,ensaio bloco baixo augusta carnaval rua,229,added_video,https://scontent-gru2-1.xx.fbcdn.net/v/t15.5256-10/p640x640/15389144_1250486938365260_8066021549087391744_n.jpg?_nc_cat=109&_nc_sid=ad6a45&_nc_ohc=zDDAnCZtVecAX9nKHaM&_nc_ht=scontent-gru2-1.xx&_nc_tp=6&oh=434bb924b63c3f25ecbbb41d99dee21d&oe=5EAE3C72,4489,14,25,0,2,1431,True
2016-12-11T14:26:38+0000,904277726319518_1250187041728583,novo skate park,novo skate park,581,added_video,https://scontent-gru2-2.xx.fbcdn.net/v/t15.5256-10/p640x640/15452761_1250194435061177_4687973214654038016_n.jpg?_nc_cat=100&_nc_sid=ad6a45&_nc_ohc=EoDF-xTzsv8AX_AAoMu&_nc_ht=scontent-gru2-2.xx&_nc_tp=6&oh=47f3a30e4046ab79210ea77310ee8c32&oe=5EAF0DCD,2842,15,45,3,3,883,True
2016-12-09T18:54:06+0000,904277726319518_1247988028615151,qualidade vida idosos ontem inauguramos jacana centrodia idosos primeiro construido propria prefeitura alto padrao infraestrutura complexo mil metros quadrados centrosdia sao iniciativa inedita governo fruto mobilizacao idosos programa metas sao espacos convivencia oferecem atividades cuidados populacao idosos garantindo alimentacao oficinas atividades fisicas populacao sao paulo envelhecendo significa acolher pessoas locais adequados possam garantir qualidade vida digna,qualidade vida idosos ontem inauguramos jacana centrodia idosos primeiro construido propria prefeitura alto padrao infraestrutura complexo mil metros quadrados centrosdia sao iniciativa inedita governo fruto mobilizacao idosos programa metas sao espacos convivencia oferecem atividades cuidados populacao idosos garantindo alimentacao oficinas atividades fisicas populacao sao paulo envelhecendo significa acolher pessoas locais adequados possam garantir qualidade vida digna,368,added_photos,https://scontent-gru2-2.xx.fbcdn.net/v/t31.0-0/p480x480/15419594_1247975748616379_869074587152444018_o.jpg?_nc_cat=100&_nc_sid=8024bb&_nc_ohc=_c_dl8iqIuQAX8ug3hm&_nc_ht=scontent-gru2-2.xx&_nc_tp=6&oh=93c62233bf5df60386c4ed5e238cc84f&oe=5EAE7B42,2239,0,18,1,0,376,True
2016-12-06T12:34:37+0000,904277726319518_1243226345757986,nova avenida sapopemba,nova avenida sapopemba,530,added_video,https://scontent-gru2-1.xx.fbcdn.net/v/t15.5256-10/p640x640/15318946_1243233565757264_4005650194338152448_n.jpg?_nc_cat=111&_nc_sid=ad6a45&_nc_ohc=CjSN8P1ouI4AX-UlDPE&_nc_ht=scontent-gru2-1.xx&_nc_tp=6&oh=57a9e2e30d147aa4a6df7b4368c199ff&oe=5EAEC488,2398,10,34,2,10,554,True
2016-12-03T21:59:38+0000,904277726319518_1239757296104891,chegando brasil fiquei sabendo recebemos premio agora associacao paulista criticos arte programa ruas abertas avenida paulista fico contente noticia porque fato ruas abertas proporcionaram paulistano novo modo interagir cidade apreciar arte cultura dancar ouvir boa musica fazer exercicios fisicos descansar conviver harmoniosamente aqui parelheiros paulista viva sao paulo,chegando brasil fiquei sabendo recebemos premio agora associacao paulista criticos arte programa ruas abertas avenida paulista fico contente noticia porque fato ruas abertas proporcionaram paulistano novo modo interagir cidade apreciar arte cultura dancar ouvir boa musica fazer exercicios fisicos descansar conviver harmoniosamente aqui parelheiros paulista viva sao paulo,1210,shared_story,https://external-gru1-1.xx.fbcdn.net/safe_image.php?d=AQBJfekopURDmCQ4&url=fbstaging%3A%2F%2Fgraph.facebook.com%2Fstaging_resources%2FMDExMjM5NzU3MjAyNzcxNTY3Ojc3MjcxOTM5NQ%3D%3D&_nc_hash=AQCf2-kvPS1BZMMG,7715,7,50,1,0,1124,True
2016-12-01T21:33:48+0000,904277726319518_1236765659737388,ontem ganhamos desafio prefeitos organizado exprefeito nova iorque michael bloomberg premia melhores praticas urbanas mundo cidades inscreveram sao paulo ficou primeiro lugar recebemos milhoes dolares investir projeto agricultura familiar parelheiros vejam momento anuncio orgulhoso dessa conquista cidade saibam aqui,ontem ganhamos desafio prefeitos organizado exprefeito nova iorque michael bloomberg premia melhores praticas urbanas mundo cidades inscreveram sao paulo ficou primeiro lugar recebemos milhoes dolares investir projeto agricultura familiar parelheiros vejam momento anuncio orgulhoso dessa conquista cidade saibam aqui,46735,added_video,https://scontent-gru1-1.xx.fbcdn.net/v/t15.5256-10/15260487_1236768696403751_648226288565223424_n.jpg?_nc_cat=108&_nc_sid=ad6a45&_nc_ohc=Iki6cb6Rs3IAX-N2wG5&_nc_ht=scontent-gru1-1.xx&oh=6359ff0c46cb022224fa245d320fd86b&oe=5EADC9A8,45464,79,1458,20,13,11525,True
2016-11-28T20:15:15+0000,904277726319518_1233165766764044,ainda espirito dia consciencia negra vale pena ver video,ainda espirito dia consciencia negra vale pena ver video,619,added_video,https://scontent-gru1-1.xx.fbcdn.net/v/t15.5256-10/15261831_1233166653430622_4342277782399614976_n.jpg?_nc_cat=110&_nc_sid=ad6a45&_nc_ohc=7WPR0_j50zYAX8Jct9U&_nc_ht=scontent-gru1-1.xx&oh=0b160a3a3270cfcc5c3b5b18e41b425c&oe=5EAEB4BF,1935,8,11,8,3,251,True
2016-11-28T13:11:49+0000,904277726319518_1232798590134095,futuros professores nota vermelha enem antes deixar ministerio educacao encaminhei projeto aprovado preve seguinte ministerio educacao podera estabelecer nota minima exame nacional aplicado concluintes ensino medio prerequisito ingresso cursos graduacao formacao docentes ouvido conselho nacional educacao cne acho passou hora regulamentacao,futuros professores nota vermelha enem antes deixar ministerio educacao encaminhei projeto aprovado preve seguinte ministerio educacao podera estabelecer nota minima exame nacional aplicado concluintes ensino medio prerequisito ingresso cursos graduacao formacao docentes ouvido conselho nacional educacao cne acho passou hora regulamentacao,198,shared_story,None,1282,0,32,159,8,26,True
2016-11-26T01:41:13+0000,904277726319518_1230020390411915,ecla bexiga,ecla bexiga,115,added_video,https://scontent-gru1-1.xx.fbcdn.net/v/t15.5256-10/p640x640/15198742_1230024747078146_1984048142248574976_n.jpg?_nc_cat=108&_nc_sid=ad6a45&_nc_ohc=OuFJftVzRHsAX9qVBe3&_nc_ht=scontent-gru1-1.xx&_nc_tp=6&oh=0c43ee7b3d2b76635a2052c328eff26e&oe=5EAEE8E8,1197,11,16,1,3,306,True
2016-11-24T18:46:58+0000,904277726319518_1228547277225893,pra ainda nao conhece potencial fab lab olha so cara fez amante handpan instrumento ficou conhecido stradivarius percussao descobriu fab lab prefeitura galeria olido comecou fabricar exemplares hoje ganha dinheiro venda,pra ainda nao conhece potencial fab lab olha so cara fez amante handpan instrumento ficou conhecido stradivarius percussao descobriu fab lab prefeitura galeria olido comecou fabricar exemplares hoje ganha dinheiro venda,0,shared_story,https://scontent-gru1-1.xx.fbcdn.net/v/t15.5256-10/15132350_1781557105451271_5028502462676336640_n.jpg?_nc_cat=108&_nc_sid=ad6a45&_nc_ohc=3aVZrFYZDbEAX9yXDRE&_nc_ht=scontent-gru1-1.xx&oh=083b3503390f7470772d716d1bbaa023&oe=5EACF77C,934,0,37,0,0,103,True
2016-11-23T13:31:05+0000,904277726319518_1225745614172726,novo clube nautico sabado passado inauguramos clube esportivo nautico guarapiranga nova area lazer atender moradores fundao zona sul pra ter ideia novo clube mil m conta tres piscinas churrasqueiras campo futebol varias quadras poliesportivas palco shows salao jogos etc entrega representa transformar bairro cidade levar lazer populacao pessoas regiao nao vao precisar deslocar tanto ter lazer pra nao regiao recomendo fazer visita so vista represa guarapiranga ja vale pena veja aqui,novo clube nautico sabado passado inauguramos clube esportivo nautico guarapiranga nova area lazer atender moradores fundao zona sul pra ter ideia novo clube mil m2 conta tres piscinas churrasqueiras campo futebol varias quadras poliesportivas palco shows salao jogos etc entrega representa transformar bairro cidade levar lazer populacao pessoas regiao nao vao precisar deslocar tanto ter lazer pra nao regiao recomendo fazer visita so vista represa guarapiranga ja vale pena veja aqui,829,added_photos,https://scontent-gru1-1.xx.fbcdn.net/v/t31.0-0/p480x480/15156869_1225745614172726_1364103082465158147_o.jpg?_nc_cat=110&_nc_sid=2d5d41&_nc_ohc=aB3FRzS8incAX-9VREd&_nc_ht=scontent-gru1-1.xx&_nc_tp=6&oh=2e455830c13ac717ad603b0b4ce8ebad&oe=5EAF54D1,5466,3,162,1,0,758,True
2016-11-21T18:28:49+0000,904277726319518_1225660234181264,entrevista dei folha sao paulo sobre cenario internacional reflexos politica local,entrevista dei folha sao paulo sobre cenario internacional reflexos politica local,342,shared_story,https://external-gru1-1.xx.fbcdn.net/safe_image.php?d=AQAX9wxo8xHtnnou&url=http%3A%2F%2Ff.i.uol.com.br%2Ffolha%2Fpoder%2Fimages%2F16265498.jpeg&_nc_hash=AQDcAkhtIcHLtn1K,3473,6,7,288,9,148,True
2016-11-20T13:58:31+0000,904277726319518_1224597500954204,cinema gratuito periferia circuito spcine dezoito salas publicas cinema inauguradas gestao leva mil pessoas salas cinema sao paulo ano ate final ano duas salas serao entregues totalizando vinte salas previsao atingir milhao espectadores ano,cinema gratuito periferia circuito spcine dezoito salas publicas cinema inauguradas gestao leva mil pessoas salas cinema sao paulo ano ate final ano duas salas serao entregues totalizando vinte salas previsao atingir milhao espectadores ano,217,shared_story,https://scontent-gru1-1.xx.fbcdn.net/v/t1.0-1/p200x200/39067693_1890872174326730_929144109233340416_o.jpg?_nc_ohc=AVBfKWUotnMAX8G4T3U&_nc_ht=scontent-gru1-1.xx&oh=38cb70017b1f9d352a423262f33caf0b&oe=5EAD7D0B,1855,0,10,0,0,234,True
2016-11-18T20:15:26+0000,904277726319518_1223072687773352,ja bom vai ser ainda melhor venho dizendo sao paulo ainda vai ter maior carnaval pais,ja bom vai ser ainda melhor venho dizendo sao paulo ainda vai ter maior carnaval pais,776,shared_story,https://external-gru1-1.xx.fbcdn.net/safe_image.php?url=http%3A%2F%2Fs2.glbimg.com%2F4uA4Nm-23wQR6LCPUkOWCqJ1F4g%3D%2F1200x630%2Ffilters%3Amax_age%283600%29%2Fs02.video.glbimg.com%2Fdeo%2Fvi%2F93%2F20%2F5442093&_nc_hash=AQB7EKCtdx6IBAaJ,8778,24,108,4,10,1432,True
2016-11-12T15:39:37+0000,904277726319518_1216440295103258,compartilho entrevista dei uol onde comento sobre retrocesso baratear pedagogicamente enem cujo modelo atual criado,compartilho entrevista dei uol onde comento sobre retrocesso baratear pedagogicamente enem cujo modelo atual criado,1109,shared_story,https://external-gru1-1.xx.fbcdn.net/safe_image.php?d=AQDyYvRn5z5Gzsew&url=http%3A%2F%2Fimguol.com%2Fc%2Fnoticias%2F27%2F2016%2F11%2F09%2F20out2016---fernando-haddad-em-evento-de-educacao-1478712559451_956x500.jpg&_nc_hash=AQBB4I7nENZlebkt,6021,2,17,185,26,239,True
2016-11-08T14:03:27+0000,904277726319518_1213285175418770,entregaremos financas sp posso assegurar financas sao paulo estao melhor momento ultimos anos vejam dados publicados materia valor economico nivel endividamento apos renegociacao divida uniao reduzimos nivel divida consolidada receita corrente liquida contra final despesa pessoal sp capital menor comprometimento receita corrente liquida folha cerca inferior limite fixado lei responsabilidade fiscal autonomia financeira sp capital maior autonomia receitas oriundas arrecadacao propria sendo media demais capitais apenas liquidez financeira sp indice liquidez quase duas vezes superior media demais capitais mes despesas caixa contra mes,entregaremos financas sp posso assegurar financas sao paulo estao melhor momento ultimos anos vejam dados publicados materia valor economico nivel endividamento apos renegociacao divida uniao reduzimos nivel divida consolidada receita corrente liquida contra final despesa pessoal sp capital menor comprometimento receita corrente liquida folha cerca inferior limite fixado lei responsabilidade fiscal autonomia financeira sp capital maior autonomia receitas oriundas arrecadacao propria sendo media demais capitais apenas liquidez financeira sp indice liquidez quase duas vezes superior media demais capitais mes despesas caixa contra mes,1057,added_photos,https://scontent-gru2-2.xx.fbcdn.net/v/t31.0-8/s720x720/15025554_1213285175418770_3284700373289172414_o.jpg?_nc_cat=102&_nc_sid=2d5d41&_nc_ohc=WC4vzrkDktYAX-GMlsN&_nc_ht=scontent-gru2-2.xx&_nc_tp=7&oh=20141dc61795b70fc2f65e6391abbb7b&oe=5EACFBEE,5427,5,22,51,2,547,True
2016-11-07T12:51:35+0000,904277726319518_1212376328842988,ano passado criamos spcine empresa cinema audiovisual sao paulo varias frentes trabalho sao paulo film commission ver desburocratizacao pedidos autorizacao filmagens espacos publicos resultado ai,ano passado criamos spcine empresa cinema audiovisual sao paulo varias frentes trabalho sao paulo film commission ver desburocratizacao pedidos autorizacao filmagens espacos publicos resultado ai,278,shared_story,https://external-gru1-1.xx.fbcdn.net/safe_image.php?d=AQAtsxAE6WghueUf&url=http%3A%2F%2Fsao-paulo.estadao.com.br%2Fblogs%2Fedison-veiga%2Fwp-content%2Fuploads%2Fsites%2F145%2F2016%2F11%2F14936923_10211387584828082_2131398361_n-e1478472178432.jpg&_nc_hash=AQBXe8ai9Y4SQdJD,3903,3,29,0,0,381,True
2016-11-05T14:00:36+0000,904277726319518_1210463772367577,tendo reestruturado todas carreiras prefeitura garantindo poder compra servidores comprometimento receita liquida municipio sao paulo folha pagamento funcionalismo menor dentre todas capitais mostra boletim tesouro nacional outro lado sao paulo aparece ainda boletim endividada capitais dados final boletim nao considerou negociacao divida prefeitura uniao fevereiro sao paulo conseguiu reduzir saldo devedor r bilhoes r bilhoes infelizmente estadao escolheu manchete noticia defasada ruim nao boa nova contas prefeitura estao melhor momento anos obtivemos grau investimento agencia risco fitch noticia alias estadao nunca deu,tendo reestruturado todas carreiras prefeitura garantindo poder compra servidores comprometimento receita liquida municipio sao paulo folha pagamento funcionalismo menor dentre todas capitais mostra boletim tesouro nacional outro lado sao paulo aparece ainda boletim endividada capitais dados final boletim nao considerou negociacao divida prefeitura uniao fevereiro sao paulo conseguiu reduzir saldo devedor r bilhoes r bilhoes infelizmente estadao escolheu manchete noticia defasada ruim nao boa nova contas prefeitura estao melhor momento anos obtivemos grau investimento agencia risco fitch noticia alias estadao nunca deu,874,shared_story,https://external-gru1-1.xx.fbcdn.net/safe_image.php?d=AQDZOkcVqyiG1N43&url=http%3A%2F%2Fimg.estadao.com.br%2Fresources%2Fjpg%2F7%2F6%2F1478267339367.jpg&_nc_hash=AQDXrnz37OV-ux7Z,5726,11,26,46,297,301,True
2016-11-02T01:18:58+0000,904277726319518_1207539685993319,choro,choro,218,added_video,https://scontent-gru1-1.xx.fbcdn.net/v/t15.5256-10/14900031_1207549992658955_4657603423594610688_n.jpg?_nc_cat=103&_nc_sid=1055be&_nc_ohc=sSALZI2WAXoAX_EbOZ8&_nc_ht=scontent-gru1-1.xx&oh=3e64b571a187fcbebbb268bcd13158bf&oe=5EAD3C8B,1874,17,9,2,2,643,True
2016-11-02T00:06:17+0000,904277726319518_1207490279331593,choro nassif,choro nassif,358,added_video,https://scontent-gru2-2.xx.fbcdn.net/v/t15.5256-10/14900178_1207499889330632_7707153593870057472_n.jpg?_nc_cat=102&_nc_sid=1055be&_nc_ohc=kYOYOBwWQ34AX-CyV1E&_nc_ht=scontent-gru2-2.xx&oh=97220281b4b3ae849b1a56c46599b9d1&oe=5EAD9D8E,2651,13,37,1,5,854,True
2016-10-29T12:51:41+0000,904277726319518_1204245326322755,alem salvar vidas melhorar fluidez transito reducao velocidade tambem gera impacto positivo rede saude economia gastos hospitalares levantamento recente aponta queda internacao vitimas acidentes transito pra ca permitiu liberados leitos dia equivale hospital pequeno porte,alem salvar vidas melhorar fluidez transito reducao velocidade tambem gera impacto positivo rede saude economia gastos hospitalares levantamento recente aponta queda internacao vitimas acidentes transito pra ca permitiu liberados leitos dia equivale hospital pequeno porte,1599,shared_story,https://external-gru1-1.xx.fbcdn.net/safe_image.php?d=AQDA0L1lSdaM0W63&url=http%3A%2F%2Ff.i.uol.com.br%2Ffolha%2Fcotidiano%2Fimages%2F16250296.jpeg&_nc_hash=AQCkP8yyA0gCdLqK,8625,6,88,2,5,876,True
2016-10-28T20:17:14+0000,904277726319518_1203280286419259,nesta semana prazer almocar grande filosofo italiano antonio negri,nesta semana prazer almocar grande filosofo italiano antonio negri,62,added_photos,https://scontent-gru1-1.xx.fbcdn.net/v/t31.0-8/s720x720/14859741_1203280286419259_1505618721235708779_o.jpg?_nc_cat=104&_nc_sid=2d5d41&_nc_ohc=2WYvlr86rDsAX9B3hqq&_nc_ht=scontent-gru1-1.xx&_nc_tp=7&oh=06eaceb888ad2967457e6738923e59c5&oe=5EACBA9A,3835,4,55,0,3,283,True
2016-10-27T20:36:09+0000,904277726319518_1202720559808565,ha exatamente ano lancava pagina facebook intuito criar canal comunicacao contribuisse debate franco democratico sobre cidade sao paulo hoje ja sao mil pessoas curtem pagina agradeco todos interacao mensagens carinhosas criticas construtivas sempre posso acompanho atentamente comentarios bom estar contato ainda virtual cada voces grande abraco,ha exatamente ano lancava pagina facebook intuito criar canal comunicacao contribuisse debate franco democratico sobre cidade sao paulo hoje ja sao mil pessoas curtem pagina agradeco todos interacao mensagens carinhosas criticas construtivas sempre posso acompanho atentamente comentarios bom estar contato ainda virtual cada voces grande abraco,75,mobile_status_update,None,14182,8,49,2,3,1866,True
2016-10-20T18:01:23+0000,904277726319518_1195954583818496,solucao salomonica bom trabalho prefeitura exigir reposicao estoque terra destinado habitacao interesse social area ocupada irregularmente templo salomao,solucao salomonica bom trabalho prefeitura exigir reposicao estoque terra destinado habitacao interesse social area ocupada irregularmente templo salomao,769,shared_story,https://external-gru1-1.xx.fbcdn.net/safe_image.php?d=AQBVrjgfU0vJrn1x&url=http%3A%2F%2Ff.i.uol.com.br%2Ffolha%2Fcotidiano%2Fimages%2F16293346.jpeg&_nc_hash=AQC4Rmesc8azS97o,5580,30,144,11,46,388,True
2016-10-20T11:22:34+0000,904277726319518_1195709170509704,sempre defendi tese maior efetividade programas apoio usuarios crack situacao rua bracos abertos dependia combate trafico dependia combate corrupcao policial eis prova,sempre defendi tese maior efetividade programas apoio usuarios crack situacao rua bracos abertos dependia combate trafico dependia combate corrupcao policial eis prova,1006,shared_story,https://external-gru1-1.xx.fbcdn.net/safe_image.php?d=AQBrKVGZ2hPJRvAw&url=http%3A%2F%2Fs2.glbimg.com%2FheKXkPrHrWVuwIdob0uXdOf_dy0%3D%2F1200x630%2Ffilters%3Amax_age%283600%29%2Fs03.video.glbimg.com%2Fdeo%2Fvi%2F18%2F76%2F5387618&_nc_hash=AQBcom3FOu3Nc13e,6175,14,51,72,219,109,True
2016-10-18T13:38:07+0000,904277726319518_1193956854018269,pessoal passando aqui pra pedir ajudar voces mudanca lei campanhas eleitorais fez tempo recursos campanhas ficassem menores luta acontecesse finalmente conseguimos excluir financiamento empresas vida eleitoral voce pode contribuir qualquer valor contudo excluir tipo financiamento conseguir dinheiro campanhas tornou ardua batalha preciso voce honrar compromissos trabalhou duro campanha ajuda importante vamos seguir frente continuar debatendo cidade pais queremos construir,pessoal passando aqui pra pedir ajudar voces mudanca lei campanhas eleitorais fez tempo recursos campanhas ficassem menores luta acontecesse finalmente conseguimos excluir financiamento empresas vida eleitoral voce pode contribuir qualquer valor contudo excluir tipo financiamento conseguir dinheiro campanhas tornou ardua batalha preciso voce honrar compromissos trabalhou duro campanha ajuda importante vamos seguir frente continuar debatendo cidade pais queremos construir,4335,added_video,https://scontent-gru2-2.xx.fbcdn.net/v/t15.5256-10/14646132_1193958200684801_8665338188899811328_n.jpg?_nc_cat=106&_nc_sid=ad6a45&_nc_ohc=czkHEFOSdXkAX-TMa_Q&_nc_ht=scontent-gru2-2.xx&oh=c471c24b8ff59c6c179a5c465561ca53&oe=5EAC2671,6775,1049,30,11,247,597,True
2016-10-16T16:13:22+0000,904277726319518_1192150880865533,cooperifa jd sao luis,cooperifa jd sao luis,227,added_video,https://scontent-gru2-2.xx.fbcdn.net/v/t15.5256-10/14646075_1192156437531644_6699047554576809984_n.jpg?_nc_cat=105&_nc_sid=1055be&_nc_ohc=bIR-Tsv4YrwAX-9t8bb&_nc_ht=scontent-gru2-2.xx&oh=f88397d1f929550d2851435856b33d45&oe=5EAD9C51,2711,16,12,3,3,871,True
2016-10-16T16:04:45+0000,904277726319518_1192146920865929,contribuicao debate sobre reforma ensino medio brasil apoio milhares estudantes estao mobilizados luta educacao qualidade pais,contribuicao debate sobre reforma ensino medio brasil apoio milhares estudantes estao mobilizados luta educacao qualidade pais,538,shared_story,https://external-gru1-1.xx.fbcdn.net/safe_image.php?d=AQDwcMBgIFkU3VNj&url=http%3A%2F%2Ff.i.uol.com.br%2Ffolha%2Ffurniture%2F5.2%2Fimages%2Flgo-folha_facebook_share.jpg&_nc_hash=AQCCcMqcnBAPMRlw,5126,2,8,61,2,271,True
2016-10-13T15:09:29+0000,904277726319518_1189120051168616,especialistas entidades ligadas politicas drogas lancaram carta defesa programa bracos abertos,especialistas entidades ligadas politicas drogas lancaram carta defesa programa bracos abertos,0,shared_story,https://scontent-gru2-1.xx.fbcdn.net/v/t1.0-9/14642213_574923586036862_2036146626857569228_n.jpg?_nc_cat=109&_nc_sid=2d5d41&_nc_ohc=-m8dQdbM9zoAX8jtRVT&_nc_ht=scontent-gru2-1.xx&oh=ac0a482f7c775ebab6c031518c4ddfc1&oe=5EAE1A1F,2014,2,3,286,17,90,True
2016-10-11T20:59:18+0000,904277726319518_1187494167997871,tico santa cruz sampa,tico santa cruz sampa,672,added_video,https://scontent-gru2-2.xx.fbcdn.net/v/t15.5256-10/14694021_1187496551330966_8143765885983653888_n.jpg?_nc_cat=100&_nc_sid=1055be&_nc_ohc=jspAXfrnBLcAX9oW2rB&_nc_ht=scontent-gru2-2.xx&oh=297622860cf00050df9da171c58dd79e&oe=5EAC776D,4419,53,27,4,44,2058,True
2016-10-09T20:20:53+0000,904277726319518_1185647398182548,obrigado sao paulo foto midia ninja,obrigado sao paulo foto midia ninja,1458,added_photos,https://scontent-gru1-1.xx.fbcdn.net/v/t1.0-0/p480x480/14567961_1185647234849231_5059117231801476542_n.jpg?_nc_cat=108&_nc_sid=dd9801&_nc_ohc=XBJRogm3EE4AX_Vvu1o&_nc_ht=scontent-gru1-1.xx&_nc_tp=6&oh=7eee9557355a9c039164d83715633d55&oe=5EAE207A,23812,35,116,25,15,7597,True
2016-10-09T19:36:00+0000,904277726319518_1185603661520255,beat box rhino mirante julho,beat box rhino mirante julho,169,added_video,https://scontent-gru2-1.xx.fbcdn.net/v/t15.5256-10/14510588_1185607791519842_3919615638552707072_n.jpg?_nc_cat=111&_nc_sid=1055be&_nc_ohc=U-2meRRLtQUAX9VXHNE&_nc_ht=scontent-gru2-1.xx&oh=5a1462a59284dec239792f396dad795d&oe=5EAC4767,3526,12,30,1,6,1162,True
2016-10-09T18:46:30+0000,904277726319518_1185549461525675,obrigado sao paulo foto midia ninja,obrigado sao paulo foto midia ninja,6176,added_photos,https://scontent-gru2-2.xx.fbcdn.net/v/t1.0-0/p480x480/14611121_1185549461525675_4145393121704595259_n.jpg?_nc_cat=102&_nc_sid=2d5d41&_nc_ohc=r224jExayA8AX-aStWV&_nc_ht=scontent-gru2-2.xx&_nc_tp=6&oh=3531bb68c18515325ab8e9c3b7d6e35f&oe=5EAE9EB4,38414,74,203,61,29,12226,True
2016-10-06T21:05:03+0000,904277726319518_1183109338436354,mexendo facebook vi existe evento chamado valeu haddad voce pode ver nesse link aqui terceira mensagem vi ja decidi domingo estarei la encontro av paulista meiodia,mexendo facebook vi existe evento chamado valeu fh voce pode ver nesse link aqui terceira mensagem vi ja decidi domingo estarei la encontro av paulista meiodia,7051,added_video,https://scontent-gru2-1.xx.fbcdn.net/v/t15.5256-10/14511139_1183110135102941_3749305238780116992_n.jpg?_nc_cat=111&_nc_sid=ad6a45&_nc_ohc=2DfI8c2XYUoAX9ZbKa3&_nc_ht=scontent-gru2-1.xx&oh=3697a3ab3f38bb0393784de3926bbbb5&oe=5EAFE12F,37306,142,307,19,78,14556,True
2016-10-06T18:34:45+0000,904277726319518_1182888655125089,hoje bom dia brasil oab havia entrado acao contra reducao velocidade maxima marginais diante evidencias manifestou favoravel medida vale assistir video,hoje bom dia brasil oab havia entrado acao contra reducao velocidade maxima marginais diante evidencias manifestou favoravel medida vale assistir video,3848,shared_story,https://external-gru1-1.xx.fbcdn.net/safe_image.php?d=AQAEmRUYPzAf4grA&url=http%3A%2F%2Fs2.glbimg.com%2FAEAknHvVwjcR2iIgJCYymXI0gio%3D%2F1200x630%2Ffilters%3Amax_age%283600%29%2Fs01.video.glbimg.com%2Fdeo%2Fvi%2F84%2F67%2F5356784&_nc_hash=AQBEIyNFveMpY-ip,20150,279,63,28,31,1733,True
2016-10-05T17:05:30+0000,904277726319518_1182091818538106,hoje seminario puc galera animada valeu,hoje seminario puc galera animada valeu,295,added_photos,https://scontent-gru2-1.xx.fbcdn.net/v/t31.0-0/p480x480/14500189_1182091385204816_51417835744153467_o.jpg?_nc_cat=111&_nc_sid=05277f&_nc_ohc=DtWr_0Hl-XYAX_Z4nBG&_nc_ht=scontent-gru2-1.xx&_nc_tp=6&oh=55f932f7847464870fafe9bb879a62b6&oe=5EACBC7C,15887,11,47,3,3,2261,True
2016-10-05T15:25:18+0000,904277726319518_1181999298547358, , ,764,added_photos,https://scontent-gru1-1.xx.fbcdn.net/v/t1.0-9/p720x720/14600990_1181999185214036_5359721461696620629_n.jpg?_nc_cat=104&_nc_sid=7aed08&_nc_ohc=Udpi9dIPWZIAX-tcG7J&_nc_ht=scontent-gru1-1.xx&_nc_tp=6&oh=54dc65aa99c59527823dbcc2a225731a&oe=5EAEBFFA,29442,41,406,29,22,6042,False
2016-10-04T19:43:54+0000,904277726319518_1181204251960196,materia estadao hoje faixas exclusivas aumentaram velocidade transporte publico diminuiram emissoes poluentes,materia estadao hoje faixas exclusivas aumentaram velocidade transporte publico diminuiram emissoes poluentes,1101,shared_story,https://external-gru1-1.xx.fbcdn.net/safe_image.php?d=AQA6VShRgrepALaB&url=http%3A%2F%2Fsustentabilidade.estadao.com.br%2Fblogs%2Fambiente-se%2Fwp-content%2Fuploads%2Fsites%2F92%2F2016%2F09%2FFAX-S%C3%83O-PAULO-2-e1475276523759.jpg&_nc_hash=AQAzWQz4rb0PM-2S,8992,7,27,34,68,932,True
2016-10-04T11:56:51+0000,904277726319518_1180886978658590,hoje estadao mortes transito caem vezes capital paulista considerando janeiro agosto queda capital ante interior especialistas apontam reducao velocidade,hoje estadao mortes transito caem vezes capital paulista considerando janeiro agosto queda capital ante interior especialistas apontam reducao velocidade,3330,added_photos,https://scontent-gru1-1.xx.fbcdn.net/v/t31.0-0/p180x540/14525226_1180886978658590_6571958326065918779_o.jpg?_nc_cat=104&_nc_sid=2d5d41&_nc_ohc=vpviWUn4eWYAX-wv_g0&_nc_ht=scontent-gru1-1.xx&_nc_tp=6&oh=ecd8440505c39ff1dbc32ffffab66b5b&oe=5EAF2D36,13971,19,26,524,20,973,True
2016-10-03T17:21:13+0000,904277726319518_1180022845411670,valeu sao paulo agradeco imensamente paulistanos votaram projeto dia ontem muitissimo obrigado milhares militantes estudantes intelectuais artistas movimentos populares etc apoio dado candidatura longo dessa campanha honra governar sao paulo saio sensacao dever cumprido certeza deixando importante legado futuro cidade parabenizo prefeito eleito joao doria jr resultado conforme falamos telefone coloco equipe comecar mim inteira disposicao fazermos transicao tranquila pais onde gente ve instituicoes republicanas fragilizadas penso dar exemplo fortalecelas instituicoes prezo sao transicoes governo porque revela espirito publico respeito democracia respeito resultado urnas vontade popular luta sao paulo humana justa moderna nao acaba aqui juntos,valeu sao paulo agradeco imensamente paulistanos votaram projeto dia ontem muitissimo obrigado milhares militantes estudantes intelectuais artistas movimentos populares etc apoio dado candidatura longo dessa campanha honra governar sao paulo saio sensacao dever cumprido certeza deixando importante legado futuro cidade parabenizo prefeito eleito joao doria jr resultado conforme falamos telefone coloco equipe comecar mim inteira disposicao fazermos transicao tranquila pais onde gente ve instituicoes republicanas fragilizadas penso dar exemplo fortalecelas instituicoes prezo sao transicoes governo porque revela espirito publico respeito democracia respeito resultado urnas vontade popular luta sao paulo humana justa moderna nao acaba aqui juntos,4660,mobile_status_update,None,51305,135,61,4811,23,10940,True
2016-10-02T02:50:00+0000,904277726319518_1178306748916613,ultimos minutos pedir voto deixo recado voces boa noite bom domingo,ultimos minutos pedir voto deixo recado voces boa noite bom domingo,893,added_video,https://scontent-gru1-1.xx.fbcdn.net/v/t15.5256-10/14510665_1178313212249300_1622226649690931200_n.jpg?_nc_cat=104&_nc_sid=ad6a45&_nc_ohc=x3JOe54Msl0AX-sC_rB&_nc_ht=scontent-gru1-1.xx&oh=1199b495067e95cfaf90b2d102b3617f&oe=5EAE9708,4935,131,9,43,19,1031,True
2016-10-02T02:30:00+0000,904277726319518_1178580758889212,cidade sonho felicidade nao sera interrompido cidade continuara sendo sendo sendo todas todos,cidade sonho felicidade nao sera interrompido cidade continuara sendo sendo sendo todas todos,748,added_video,https://scontent-gru2-2.xx.fbcdn.net/v/t15.5256-10/14511002_1178590918888196_8132902470583058432_n.jpg?_nc_cat=102&_nc_sid=ad6a45&_nc_ohc=UFBc3lUYZS0AX-vIs1v&_nc_ht=scontent-gru2-2.xx&oh=a874d48fdc14047a74b79903618ef097&oe=5EAF02FF,2936,25,9,9,0,406,True
2016-10-02T02:00:00+0000,904277726319518_1178559405558014,tamo junto,tamo junto,966,added_photos,https://scontent-gru2-1.xx.fbcdn.net/v/t1.0-9/14568161_1178559405558014_313026054702746547_n.png?_nc_cat=109&_nc_sid=2d5d41&_nc_ohc=czkQzytJjQIAX-sOUey&_nc_ht=scontent-gru2-1.xx&oh=89225b44ccc2520fd1ce9372a47053d7&oe=5EADD283,12571,570,9,10,18,1573,True
2016-10-02T01:30:00+0000,904277726319518_1177165425697412,odair jose apoio musica incriveis obrigado,odair jose apoio musica incriveis obrigado,784,added_video,https://scontent-gru1-1.xx.fbcdn.net/v/t15.5256-10/14411785_1177166232363998_9052619538918539264_n.jpg?_nc_cat=101&_nc_sid=ad6a45&_nc_ohc=9g8EB_jC_IkAX8ubTZd&_nc_ht=scontent-gru1-1.xx&oh=b4ddf22727ba7915782041a67d84f4c1&oe=5EACF92C,3152,12,5,1,2,286,True
2016-10-02T01:15:00+0000,904277726319518_1178370055576949,legal foto recebi criamos centro municipal adocao caes gatos janeiro deste ano la animais situacao maustratos recebem tratamento medico vacinas sao colocados adocao vale pena conhecer,legal foto recebi criamos centro municipal adocao caes gatos janeiro deste ano la animais situacao maustratos recebem tratamento medico vacinas sao colocados adocao vale pena conhecer,35910,added_photos,https://scontent-gru2-1.xx.fbcdn.net/v/t31.0-8/s720x720/14468681_1178370055576949_3459744251534322239_o.jpg?_nc_cat=109&_nc_sid=2d5d41&_nc_ohc=9kpmkrb_a-UAX9VH0lP&_nc_ht=scontent-gru2-1.xx&_nc_tp=7&oh=6383508627645c4fd1a97d94e899ef7a&oe=5EAC9360,33644,965,89,10,31,20614,True
2016-10-02T00:45:01+0000,904277726319518_1178561752224446,melhores homenagens ja recebi voces sao incriveis rumo turno,melhores homenagens ja recebi voces sao incriveis rumo turno,9308,shared_story,https://external-gru1-1.xx.fbcdn.net/safe_image.php?d=AQDHTetmu_fcy9Eu&url=https%3A%2F%2Fs14.postimg.org%2Fwlushd1y9%2FGif_Haddad.gif&_nc_hash=AQBsaKumfBC4Git2,18280,103,49,14,17,4312,True
2016-10-02T00:25:00+0000,904277726319518_1178568325557122,tudo altera rotina transformador quebramos mesmice sao paulo mudamos cidade melhor voce tambem pensa diferente quer inovar encontrar solucoes aproximem pessoas voce alinha sonho cidade vem gente tamo junto,tudo altera rotina transformador quebramos mesmice sao paulo mudamos cidade melhor voce tambem pensa diferente quer inovar encontrar solucoes aproximem pessoas voce alinha sonho cidade vem gente tamo junto,415,added_video,https://scontent-gru2-2.xx.fbcdn.net/v/t15.5256-10/14511016_1178575605556394_62290838406823936_n.jpg?_nc_cat=105&_nc_sid=ad6a45&_nc_ohc=yeserJNU4WEAX-YTk6m&_nc_ht=scontent-gru2-2.xx&oh=2bcf29e3659bab0473b78b6971c3f73e&oe=5EADB91A,2256,3,4,1,0,237,True
2016-10-02T00:00:00+0000,904277726319518_1178563752224246,ta junto nao esconde equipehaddad,ta junto nao esconde equipefh,1618,added_photos,https://scontent-gru2-2.xx.fbcdn.net/v/t1.0-9/14494718_1178563752224246_5720929212681148747_n.png?_nc_cat=100&_nc_sid=2d5d41&_nc_ohc=1vpcT_Pe5PYAX9sne1Y&_nc_ht=scontent-gru2-2.xx&oh=18ed6b1df0997494d5cd57cb7f8957a8&oe=5EAC4A00,8000,21,7,3,10,710,True
2016-10-01T23:20:00+0000,904277726319518_1178379775575977,hoje vontade povo grita haddadfica equipehaddad,hoje vontade povo grita fhfica equipefh,379,added_video,https://scontent-gru1-1.xx.fbcdn.net/v/t15.5256-10/14411546_1178383795575575_1855141716835696640_n.jpg?_nc_cat=101&_nc_sid=ad6a45&_nc_ohc=2xyOb8PYrc4AX_rIddO&_nc_ht=scontent-gru1-1.xx&oh=23b0868759ac6c8f963be895de63b5e6&oe=5EAC9F3D,1400,4,7,1,1,191,True
2016-10-01T22:50:12+0000,904277726319518_1178543115559643,baixo augusta juventude pensa diferente quer continuar transformando sao paulo,baixo augusta juventude pensa diferente quer continuar transformando sao paulo,1772,added_video,https://scontent-gru1-1.xx.fbcdn.net/v/t15.5256-10/14510724_1178551835558771_4923308216697225216_n.jpg?_nc_cat=110&_nc_sid=1055be&_nc_ohc=GoKXzVeO6KkAX-Wu9zP&_nc_ht=scontent-gru1-1.xx&oh=b2aa7f53ff7823230ea90a978ad922ab&oe=5EAF2472,7788,91,37,7,32,2946,True
2016-10-01T22:24:49+0000,904277726319518_1178524072228214,voces gente consegue virar jogo rumo turno vamos ganhar eleicoes,voces gente consegue virar jogo rumo turno vamos ganhar eleicoes,660,added_photos,https://scontent-gru2-2.xx.fbcdn.net/v/t1.0-9/14517379_1178524072228214_3321383695740738570_n.png?_nc_cat=105&_nc_sid=2d5d41&_nc_ohc=k0qvVa5jXRgAX9tY_kd&_nc_ht=scontent-gru2-2.xx&oh=58cfa62bb3db2fc402fb5e2e21587737&oe=5EAC1B32,5948,27,9,4,4,659,True
2016-10-01T21:37:38+0000,904277726319518_1178346812245940,assumi prefeitura saude sao paulo situacao ruim avancamos bastante ultimos anos ainda ha ser feito caminho rede hora certa vamos ampliar investir nesse programa pessoas maria irandir consigam receber tratamento adequado,assumi prefeitura saude sao paulo situacao ruim avancamos bastante ultimos anos ainda ha ser feito caminho rede hora certa vamos ampliar investir nesse programa pessoas maria irandir consigam receber tratamento adequado,87,added_video,https://scontent-gru2-1.xx.fbcdn.net/v/t15.5256-10/14510913_1178354568911831_1330197714268323840_n.jpg?_nc_cat=111&_nc_sid=ad6a45&_nc_ohc=RA4NdX6rZqoAX_NpFeZ&_nc_ht=scontent-gru2-1.xx&oh=f2226268617d39320595c594cc7933b6&oe=5EAD66D4,929,0,4,0,0,56,True
2016-10-01T21:00:00+0000,904277726319518_1178327705581184,hoje ana estela haddad camiseta criada apoiadores diz voto haddad pergunte elencamos motivos ficou bem legal vamos espalhar ideia,hoje ana estela fh camiseta criada apoiadores diz voto fh pergunte elencamos motivos ficou bem legal vamos espalhar ideia,1994,shared_story,https://external-gru1-1.xx.fbcdn.net/safe_image.php?d=AQBBHt1IDnMuLkRe&url=https%3A%2F%2Fs4.postimg.org%2Fw89qmkwq5%2Feu_voto_hadda_D_pergunte_pq.gif&_nc_hash=AQAc1JAeEKEAc2aR,5233,12,4,1,1,627,True
2016-10-01T20:17:13+0000,904277726319518_1178320625581892,carinho muita felicidade respeito leonardo boff obrigado apoio amigo depender projeto sao paulo continuara crescendo tornando cada vez humana,carinho muita felicidade respeito leonardo boff obrigado apoio amigo depender projeto sao paulo continuara crescendo tornando cada vez humana,780,added_video,https://scontent-gru2-1.xx.fbcdn.net/v/t15.5256-10/14467400_1178324188914869_3766251332894195712_n.jpg?_nc_cat=111&_nc_sid=ad6a45&_nc_ohc=joMgzCoG2KYAX_ZiVlz&_nc_ht=scontent-gru2-1.xx&oh=3f279f8edc38e624954f39810a2c429a&oe=5EAF1254,2928,2,11,1,1,246,True
2016-10-01T19:30:56+0000,904277726319518_1178311548916133,hoje dia caminhada capao redondo agradeco imensamente carinho regiao energia incrivel durante todo percurso onda formada vamos virar jogo,hoje dia caminhada capao redondo agradeco imensamente carinho regiao energia incrivel durante todo percurso onda formada vamos virar jogo,143,added_photos,https://scontent-gru1-1.xx.fbcdn.net/v/t31.0-8/s720x720/14468493_1178311548916133_7567247884921224269_o.jpg?_nc_cat=104&_nc_sid=2d5d41&_nc_ohc=I18SUssUiAsAX_4OC0N&_nc_ht=scontent-gru1-1.xx&_nc_tp=7&oh=f977d0f35869345117f6385009c3beb5&oe=5EAFD355,3505,4,5,1,2,341,True
2016-10-01T18:45:00+0000,904277726319518_1177162229031065,bom adversarios propoem ja fazemos eficiencia consistencia volume ja propoem novo nao bom sao paulo voltar velocidade vias trazer controlar cidade levar pobres madrugada hospital sao paulo nao amadores,bom adversarios propoem ja fazemos eficiencia consistencia volume ja propoem novo nao bom sao paulo voltar velocidade vias trazer controlar cidade levar pobres madrugada hospital sao paulo nao amadores,112,added_video,https://scontent-gru2-1.xx.fbcdn.net/v/t15.5256-10/14467397_1177163162364305_8891461040143859712_n.jpg?_nc_cat=107&_nc_sid=ad6a45&_nc_ohc=ib9ZkOHP6iIAX9TNDSe&_nc_ht=scontent-gru2-1.xx&oh=e68159baa5d34988fff73aed7e199f10&oe=5EACDFBD,987,0,4,0,2,46,True
2016-10-01T18:02:36+0000,904277726319518_1178246252255996,faz parte virada nao esconde equipehaddad,faz parte virada nao esconde equipefh,541,shared_story,https://external-gru1-1.xx.fbcdn.net/safe_image.php?d=AQC40vcoQosXfE4m&url=https%3A%2F%2Fs15.postimg.org%2Fsvcwy996j%2FGif_Vote_Haddad.gif&_nc_hash=AQBdna9dWBKW3aRP,2563,18,3,1,1,294,True
2016-10-01T17:00:15+0000,904277726319518_1177500768997211,chico buarque daniela mercury edgard scandurra gregorio duvivier leticia sabatella zelia duncan ze miguel wisnik leoni oficial alessandra negrini marina person laerte coutinho anna muylaert otto andre abujamra cristina pereira tantos outros estao candidatura agradeco cada apoio reconhecimento vamos juntos continuar transformacao sao paulo,chico buarque daniela mercury edgard scandurra gregorio duvivier leticia sabatella zelia duncan ze miguel wisnik leoni oficial alessandra negrini marina person laerte coutinho anna muylaert otto andre abujamra cristina pereira tantos outros estao candidatura agradeco cada apoio reconhecimento vamos juntos continuar transformacao sao paulo,2436,added_video,https://scontent-gru2-1.xx.fbcdn.net/v/t15.5256-10/14411801_1177503735663581_7788625541472452608_n.jpg?_nc_cat=107&_nc_sid=ad6a45&_nc_ohc=bGxhLJCDwi8AX89lsiM&_nc_ht=scontent-gru2-1.xx&oh=cdb5ca4d2354793043603f898f7b1430&oe=5EAC22BF,5197,20,9,0,8,654,True
2016-10-01T16:25:10+0000,904277726319518_1178154435598511,datafolha errou vespera eleicao institutos indicavam nao iria segundo turno todo respeito institutos pesquisa nao acertam todas hora h viramos jogo ganhamos eleicoes desta vez nao vai ser diferente,datafolha errou vespera eleicao institutos indicavam nao iria segundo turno todo respeito institutos pesquisa nao acertam todas hora h viramos jogo ganhamos eleicoes desta vez nao vai ser diferente,534,added_video,https://scontent-gru2-1.xx.fbcdn.net/v/t15.5256-10/14411618_1178157695598185_4138939049761046528_n.jpg?_nc_cat=109&_nc_sid=ad6a45&_nc_ohc=wAHrbaLSa8MAX-cfk82&_nc_ht=scontent-gru2-1.xx&oh=b6c2f0dbd86991e4c28dac7f7f0c88ea&oe=5EAF8E43,2545,5,11,2,3,198,True
2016-10-01T16:00:02+0000,904277726319518_1176247799122508,sao horas horah virada chegando vamos mobilizar converse pessoas fale gestao preciso voce chegar turno mano mano ganharemos eleicoes,sao horas horah virada chegando vamos mobilizar converse pessoas fale gestao preciso voce chegar turno mano mano ganharemos eleicoes,230,added_photos,https://scontent-gru1-1.xx.fbcdn.net/v/t31.0-8/s720x720/14481899_1176247799122508_7282562994106737457_o.jpg?_nc_cat=110&_nc_sid=2d5d41&_nc_ohc=8braOiNkQokAX8NUli5&_nc_ht=scontent-gru1-1.xx&_nc_tp=7&oh=035a5eb5b645faa04074bcbfd865a248&oe=5EAE4D46,2320,2,4,0,1,200,True
2016-10-01T15:30:00+0000,904277726319518_1178094218937866,maeve jinkings deu letra tamo junto,maeve jinkings deu letra tamo junto,377,added_video,https://scontent-gru2-1.xx.fbcdn.net/v/t15.5256-10/14510815_1178096608937627_6636013119892094976_n.jpg?_nc_cat=111&_nc_sid=ad6a45&_nc_ohc=zx00NQCtAkoAX8l52zX&_nc_ht=scontent-gru2-1.xx&oh=feb30c2f667a67a8e4f91a2d9582ca74&oe=5EAE83CD,3279,26,4,0,1,325,True
2016-10-01T15:02:29+0000,904277726319518_1178082852272336,sempre trabalhamos todos sobretudo precisam faculdade cinema led pracas wifi corredores faixas exclusivas onibus descentralizacao cultura creches hospitais rede hora certa olha escuta faz marca presenca vamos devolver sao paulo todas pessoas nao meia duzia tamo junto,sempre trabalhamos todos sobretudo precisam faculdade cinema led pracas wifi corredores faixas exclusivas onibus descentralizacao cultura creches hospitais rede hora certa olha escuta faz marca presenca vamos devolver sao paulo todas pessoas nao meia duzia tamo junto,234,added_photos,https://scontent-gru1-1.xx.fbcdn.net/v/t31.0-8/p720x720/14525065_1178082852272336_4520846825838326924_o.jpg?_nc_cat=110&_nc_sid=2d5d41&_nc_ohc=rkoFnFQUADYAX9xJOf6&_nc_ht=scontent-gru1-1.xx&_nc_tp=6&oh=6e216cf84c200451828e11e1510b7c6e&oe=5EAEFEDB,1559,3,3,0,0,120,True
2016-10-01T14:35:09+0000,904277726319518_1178043962276225,corredores onibus faixas exclusivas permitiram pessoas ganhassem horas semana tempo aproveitar vida vida pessoas vida cidade nao vamos permitir cidade morra conto voce amanha tamo junto,corredores onibus faixas exclusivas permitiram pessoas ganhassem horas semana tempo aproveitar vida vida pessoas vida cidade nao vamos permitir cidade morra conto voce amanha tamo junto,276,added_video,https://scontent-gru1-1.xx.fbcdn.net/v/t15.5256-10/14510586_1178061982274423_4444551867229274112_n.jpg?_nc_cat=108&_nc_sid=ad6a45&_nc_ohc=mjYE7Ksq_N8AX8IFVNn&_nc_ht=scontent-gru1-1.xx&oh=2b70faff4ee616adeab37a32522e9bc1&oe=5EAF3BB7,1765,2,6,0,2,124,True
2016-10-01T14:00:00+0000,904277726319518_1178031368944151,motivos votar haddad motivos convencer alguem motivos quais sao paulo ficou melhor motivos resistir cidade equipehaddad,motivos votar fh motivos convencer alguem motivos quais sao paulo ficou melhor motivos resistir cidade equipefh,1489,shared_story,https://external-gru1-1.xx.fbcdn.net/safe_image.php?d=AQDj0-r1MXutgzh1&url=http%3A%2F%2Fhaddadsp.com.br%2Fwp-content%2Fuploads%2F2016%2F09%2F%C3%94nibus.jpg&_nc_hash=AQAVkYFyOCDZQH7W,6655,32,10,0,11,705,True
2016-10-01T13:18:47+0000,904277726319518_1178010152279606,direcao capao redondo caminhada tamo junto,direcao capao redondo caminhada tamo junto,1593,added_video,https://scontent-gru1-1.xx.fbcdn.net/v/t15.5256-10/14467346_1178020038945284_6126361816533565440_n.jpg?_nc_cat=101&_nc_sid=1055be&_nc_ohc=POu4cMiLK94AX-1b98Y&_nc_ht=scontent-gru1-1.xx&oh=4c1d19e0a60995b33d55b98fd4959179&oe=5EAF96AB,6010,64,25,12,105,2399,True
2016-10-01T13:03:35+0000,904277726319518_1177994068947881,maria casadevall tambem junto continuidade projeto cidade obrigado maria turno,maria casadevall tambem junto continuidade projeto cidade obrigado maria turno,1072,added_video,https://scontent-gru1-1.xx.fbcdn.net/v/t15.5256-10/14510793_1177997078947580_4338057620549009408_n.jpg?_nc_cat=103&_nc_sid=ad6a45&_nc_ohc=Su1ssI4WCLYAX9MNGLt&_nc_ht=scontent-gru1-1.xx&oh=4cf312de8194fd88c506b7cf2bd02ac0&oe=5EAEA0FE,8155,16,9,3,7,906,True
2016-10-01T12:02:26+0000,904277726319518_1177937925620162,falta pouco cidade ser apoio transformacao comecamos sao paulo vai continuar personalize foto perfil apoio candidatura acesse,falta pouco cidade ser apoio transformacao comecamos sao paulo vai continuar personalize foto perfil apoio candidatura acesse,178,added_photos,https://scontent-gru2-2.xx.fbcdn.net/v/t1.0-9/14563315_1177937855620169_8603572043652752729_n.png?_nc_cat=105&_nc_sid=7aed08&_nc_ohc=RFK5IP15VWgAX9QDudP&_nc_ht=scontent-gru2-2.xx&oh=e6019dc7189654eccd607b6e41bdf729&oe=5EAFB5D8,2906,4,10,1,5,346,True
2016-10-01T11:43:52+0000,904277726319518_1177927348954553, , ,110,added_photos,https://scontent-gru2-2.xx.fbcdn.net/v/t1.0-9/s720x720/14519720_1177927248954563_4073398981778767720_n.png?_nc_cat=106&_nc_sid=05277f&_nc_ohc=W7PCSMJKLuAAX_b10I0&_nc_ht=scontent-gru2-2.xx&oh=0fbebeb67b857e6baae11e3a168378b6&oe=5EAF5877,1678,5,3,0,0,191,False
2016-10-01T04:30:01+0000,904277726319518_1177430642337557,demos alternativas voce ocupar cidade onibus h dessas formas desde voce ja conta linhas implementamos toda cidade boa noite,demos alternativas voce ocupar cidade onibus h dessas formas desde voce ja conta linhas implementamos toda cidade boa noite,156,shared_story,https://external-gru1-1.xx.fbcdn.net/safe_image.php?d=AQDzs-emGZyiwMZd&url=https%3A%2F%2Fs15.postimg.org%2Fodfupmg23%2Fmeme_busao.gif&_nc_hash=AQCHqYANQPAVhfzS,1223,0,2,0,0,117,True
2016-10-01T01:00:00+0000,904277726319518_1177117925702162,mel lisboa queremos outras pessoas tambem possam ver viver cidade nesse sentido gestao caminha obrigado apoio,mel lisboa queremos outras pessoas tambem possam ver viver cidade nesse sentido gestao caminha obrigado apoio,1564,added_video,https://scontent-gru1-1.xx.fbcdn.net/v/t15.5256-10/14411395_1177120392368582_4239073265919721472_n.jpg?_nc_cat=101&_nc_sid=ad6a45&_nc_ohc=FtZpxk4DQfcAX9VS8d9&_nc_ht=scontent-gru1-1.xx&oh=f8261c701074926facbf1ba016c2ea4b&oe=5EAE88A3,6533,5,13,0,3,552,True
2016-10-01T00:01:05+0000,904277726319518_1177503418996946,hoje pessoas ocupam lugar central projeto cidade humana menos caotica caminhada quatro anos sao paulo assumiu nova qualidade ter logica invertida cidade diferente mudanca perceptivel ruas escolas pracas bairros onibus parques sao paulo agora respira vive,hoje pessoas ocupam lugar central projeto cidade humana menos caotica caminhada quatro anos sao paulo assumiu nova qualidade ter logica invertida cidade diferente mudanca perceptivel ruas escolas pracas bairros onibus parques sao paulo agora respira vive,902,shared_story,https://external-gru1-1.xx.fbcdn.net/safe_image.php?d=AQClhV4F5u7Ms9eq&url=http%3A%2F%2Fhaddadsp.com.br%2Fwp-content%2Fuploads%2F2016%2F09%2FAT_ciclovia_paulista20150628_0033.jpg&_nc_hash=AQBhg288JyhEhuIQ,5986,7,5,1,8,548,True
2016-09-30T22:45:00+0000,904277726319518_1177347382345883,caminhada vitoria hoje onda saiu ruas busca vitoria hoje certeza vez juntos conseguimos continuar projeto transformar cidade vamos colocar pratica vamos conversar pessoas falar inumeros avancos nao vamos desistir cidade,caminhada vitoria hoje onda saiu ruas busca vitoria hoje certeza vez juntos conseguimos continuar projeto transformar cidade vamos colocar pratica vamos conversar pessoas falar inumeros avancos nao vamos desistir cidade,845,added_video,https://scontent-gru2-1.xx.fbcdn.net/v/t15.5256-10/14411223_1177349829012305_4467938909048799232_n.jpg?_nc_cat=107&_nc_sid=ad6a45&_nc_ohc=qoQd0KVyrkoAX9e1QfL&_nc_ht=scontent-gru2-1.xx&oh=6fff3ed9efa43acff38fae80346a75ff&oe=5EADAAC8,2557,4,11,1,4,255,True
2016-09-30T21:26:59+0000,904277726319518_1177313989015889,feliz apoio ziraldo amigo obrigado reconhecimento juntos melhorar ainda sao paulo honra saber tanta gente boa apoiando projeto cidade,feliz apoio ziraldo amigo obrigado reconhecimento juntos melhorar ainda sao paulo honra saber tanta gente boa apoiando projeto cidade,1888,added_video,https://scontent-gru1-1.xx.fbcdn.net/v/t15.5256-10/14411363_1177314622349159_8218920692607877120_n.jpg?_nc_cat=104&_nc_sid=ad6a45&_nc_ohc=PwAOI8VkMwcAX-VvPH0&_nc_ht=scontent-gru1-1.xx&oh=0af327cc550a64c735e99542ed28e2e0&oe=5EAE74A0,5040,4,20,0,1,484,True
2016-09-30T21:00:00+0000,904277726319518_1172834736130481,todo avanco gestao gracas movimentos mulheres assim fizemos vamos cumprir integralmente programa voces entregaram juntos gente vai avancar empoderamento igualdade combate violencia contra mulheres,todo avanco gestao gracas movimentos mulheres assim fizemos vamos cumprir integralmente programa voces entregaram juntos gente vai avancar empoderamento igualdade combate violencia contra mulheres,220,added_video,https://scontent-gru2-2.xx.fbcdn.net/v/t15.5256-10/14411556_1172845402796081_6828171764896366592_n.jpg?_nc_cat=106&_nc_sid=ad6a45&_nc_ohc=xHorTDfSBBkAX9pFdIC&_nc_ht=scontent-gru2-2.xx&oh=6ecf7275778f0f505106776d3e24ac05&oe=5EADAE11,1188,3,5,0,0,104,True
2016-09-30T20:00:02+0000,904277726319518_1177292009018087,tamo junto,tamo junto,3103,shared_story,https://external-gru1-1.xx.fbcdn.net/safe_image.php?d=AQBtvDXKU1uLO_kp&url=https%3A%2F%2Fwww.facebook.com%2Fads%2Fimage%2F%3Fd%3DAQLDNhB3BUYXsXNHFu_UpULO0Qy1T6EMxWAhd9bqLhnN-ZzGdmllSIp-KQn_iS2SF-YhmLaQWk_KACM5-i5aOKkj6GmdS4Nl51hQQYANsZV9PYvJNbOU1urVzK2royGM7hQiZwleiinObyw0awM8Q7_p&_nc_hash=AQCUaM4Lg8AhoPLj,10200,29,7,0,5,1219,True
2016-09-30T19:00:30+0000,904277726319518_1177087045705250,gente quer mudar vida pessoas sobretudo nao oportunidades imagine pessoa expulsa casa escola mercado trabalho causa sexualidade identidade genero inaceitavel infelizmente ainda realidade enxergamos pessoas criamos transcidadania outras tantas politicas populacao lgbt depender gente sao paulo sera cada dia humana,gente quer mudar vida pessoas sobretudo nao oportunidades imagine pessoa expulsa casa escola mercado trabalho causa sexualidade identidade genero inaceitavel infelizmente ainda realidade enxergamos pessoas criamos transcidadania outras tantas politicas populacao lgbt depender gente sao paulo sera cada dia humana,3747,added_video,https://scontent-gru2-1.xx.fbcdn.net/v/t15.5256-10/14411553_1177095062371115_3873450340758061056_n.jpg?_nc_cat=107&_nc_sid=ad6a45&_nc_ohc=NSrOtbD7HvQAX8nDhZ9&_nc_ht=scontent-gru2-1.xx&oh=a2d70db2bf0010e48b917747433eb885&oe=5EAE3260,4982,3,23,1,4,1359,True
2016-09-30T17:53:57+0000,904277726319518_1177260195687935,obrigado passar energia incrivel jose celso martinez correa resistir existir sao paulo sempre,obrigado passar energia incrivel jose celso martinez correa resistir existir sao paulo sempre,735,added_video,https://scontent-gru1-1.xx.fbcdn.net/v/t15.5256-10/14411291_1177262545687700_8278802105901252608_n.jpg?_nc_cat=110&_nc_sid=ad6a45&_nc_ohc=prti2xKJalYAX8FYJPz&_nc_ht=scontent-gru1-1.xx&oh=a27fcafce837dae88f77ed5f3aabea13&oe=5EAFF0D9,2441,6,4,0,0,210,True
2016-09-30T17:00:00+0000,904277726319518_1177173875696567,engajamento voces formou onda tomando conta ruas pracas internet engajamento vai virar jogo vamos segundo turno ganhar eleicoes continuar transformando sao paulo,engajamento voces formou onda tomando conta ruas pracas internet engajamento vai virar jogo vamos segundo turno ganhar eleicoes continuar transformando sao paulo,767,added_photos,https://scontent-gru1-1.xx.fbcdn.net/v/t31.0-8/s720x720/14542356_1177173875696567_4050230165759868513_o.jpg?_nc_cat=110&_nc_sid=2d5d41&_nc_ohc=Gl24_ziv3uAAX-3sixu&_nc_ht=scontent-gru1-1.xx&_nc_tp=7&oh=1e9d9cfa39dfca210bb5fab114657235&oe=5EAECF8B,6296,20,16,0,1,925,True
2016-09-30T15:38:25+0000,904277726319518_1177160712364550,caminhada virada,caminhada virada,0,shared_story,https://scontent-gru2-2.xx.fbcdn.net/v/t15.5256-10/14411347_1091602350908764_7774823406368718848_n.jpg?_nc_cat=105&_nc_sid=1055be&_nc_ohc=wwA16Z17PKwAX9FUZRy&_nc_ht=scontent-gru2-2.xx&oh=f5b98e98bd465d7e74795f9783920880&oe=5EAEF6B2,1294,5,6,0,2,150,True
2016-09-30T15:08:12+0000,904277726319518_1177121052368516,vielada projeto incrivel quebra logica cultura apenas centro gestao descentralizacao cultura incentivo periferias prioridade pessoa nao sempre atravessar ponte busca diversao lazer enriquecimento cultural,vielada projeto incrivel quebra logica cultura apenas centro gestao descentralizacao cultura incentivo periferias prioridade pessoa nao sempre atravessar ponte busca diversao lazer enriquecimento cultural,246,added_video,https://scontent-gru2-1.xx.fbcdn.net/v/t15.5256-10/14510815_1177129575700997_6741889544116764672_n.jpg?_nc_cat=111&_nc_sid=ad6a45&_nc_ohc=pW5B1ha5uysAX9wKXHm&_nc_ht=scontent-gru2-1.xx&oh=7849c367f8cfbcc7cf11f04fed34008e&oe=5EAC9B48,797,0,4,0,0,69,True
2016-09-30T14:08:20+0000,904277726319518_1175307932549828,projeto serio moderno inovador estar gente construir ambiente pessoas saiam residencias ainda sintam casa andando cidade horah chegando vamos resistir existir nessa cidade,projeto serio moderno inovador estar gente construir ambiente pessoas saiam residencias ainda sintam casa andando cidade horah chegando vamos resistir existir nessa cidade,1001,added_photos,https://scontent-gru1-1.xx.fbcdn.net/v/t1.0-9/p720x720/14516524_1175307932549828_8925236084501584267_n.jpg?_nc_cat=108&_nc_sid=2d5d41&_nc_ohc=Lxw_ouxpbscAX8h-4bG&_nc_ht=scontent-gru1-1.xx&_nc_tp=6&oh=281f79906d1f6f4a884c6e81d9eb6e81&oe=5EAE6496,3833,4,9,0,0,354,True
2016-09-30T13:00:00+0000,904277726319518_1176275055786449,bom dia adriano paiva nesta caminhada conosco agradeco apoio dedicacao ja deu letra rumo segundo turno tamo junto,bom dia adriano paiva nesta caminhada conosco agradeco apoio dedicacao ja deu letra rumo segundo turno tamo junto,277,added_video,https://scontent-gru1-1.xx.fbcdn.net/v/t15.5256-10/14411526_1176276342452987_8803252170049716224_n.jpg?_nc_cat=108&_nc_sid=ad6a45&_nc_ohc=iaXUDy6Nc4YAX96y1nW&_nc_ht=scontent-gru1-1.xx&oh=31c2a5c52efb502dfce4c2a2dc9f52ea&oe=5EAD37E1,1408,5,1,0,2,137,True
2016-09-30T11:00:00+0000,904277726319518_1176509855762969,tamo junto hoje h patio colegio centro,tamo junto hoje h patio colegio centro,167,added_photos,https://scontent-gru1-1.xx.fbcdn.net/v/t1.0-9/p720x720/14519832_1176509855762969_4453842229559737564_n.jpg?_nc_cat=110&_nc_sid=2d5d41&_nc_ohc=U8bY2XNKhCcAX_HvwJe&_nc_ht=scontent-gru1-1.xx&_nc_tp=6&oh=5dc8551b71d3f72e893290dc025a1ed1&oe=5EB008EE,1782,11,2,1,8,169,True
2016-09-30T03:50:36+0000,904277726319518_1176715472409074,voce sabe numero leva beneficio periferia numero,voce sabe numero leva beneficio periferia numero,2089,added_video,https://scontent-gru1-1.xx.fbcdn.net/v/t15.5256-10/14411767_1176717655742189_3048805568975208448_n.jpg?_nc_cat=110&_nc_sid=ad6a45&_nc_ohc=mAEU6RuppaQAX8fjU6p&_nc_ht=scontent-gru1-1.xx&oh=aadce5e07d9cac332df301e8d0414d90&oe=5EAFB927,6644,22,12,2,7,831,True
2016-09-29T23:40:00+0000,904277726319518_1176522069095081,quero deixar mensagem voces,quero deixar mensagem voces,10521,added_video,https://scontent-gru2-2.xx.fbcdn.net/v/t15.5256-10/14467191_1176522795761675_7744218972655976448_n.jpg?_nc_cat=102&_nc_sid=ad6a45&_nc_ohc=VpfvaAn_4nYAX-vNvej&_nc_ht=scontent-gru2-2.xx&oh=7451845dcc2c670841d777c617aace09&oe=5EAC6FEC,10375,18,47,4,18,2261,True
2016-09-29T23:00:00+0000,904277726319518_1176244785789476,zeca baleiro encontramos muitas resistencias transformar cidade nao recuamos voce disse cidade humana contudo precisamos avancar agradeco apoio tamo junto,zeca baleiro encontramos muitas resistencias transformar cidade nao recuamos voce disse cidade humana contudo precisamos avancar agradeco apoio tamo junto,2222,added_video,https://scontent-gru1-1.xx.fbcdn.net/v/t15.5256-10/14411392_1176247805789174_7726448597008384000_n.jpg?_nc_cat=108&_nc_sid=ad6a45&_nc_ohc=oxxb5eKtsTcAX_fgeDA&_nc_ht=scontent-gru1-1.xx&oh=8915ceba57f07628e82b3d964f182d1c&oe=5EAF7CA8,4798,2,20,0,0,463,True
2016-09-29T22:07:43+0000,904277726319518_1176503499096938,periferia haddad saiu rap candidatura ficou bom agradeco todos participaram ouca compartilhe,periferia fh saiu rap candidatura ficou bom agradeco todos participaram ouca compartilhe,1147,added_video,https://scontent-gru1-1.xx.fbcdn.net/v/t15.5256-10/14467433_1176512639096024_7761391922647662592_n.jpg?_nc_cat=104&_nc_sid=ad6a45&_nc_ohc=VxnuTQS_mHYAX-rgCrR&_nc_ht=scontent-gru1-1.xx&oh=52af51509d8b74d96e9e8504fe43a92b&oe=5EAE94B3,1946,2,16,0,0,195,True
2016-09-29T20:30:00+0000,904277726319518_1176352052445416,valorizacao iniciativas cultuais programa apoio cultura periferias gente entende existem varios talentos nao podem ser perdidos uniceus cinemas descentralizacao cultura programas gente cria garantir todos oportunidades,valorizacao iniciativas cultuais programa apoio cultura periferias gente entende existem varios talentos nao podem ser perdidos uniceus cinemas descentralizacao cultura programas gente cria garantir todos oportunidades,233,added_video,https://scontent-gru1-1.xx.fbcdn.net/v/t15.5256-10/14411376_1176353049111983_8924263762672746496_n.jpg?_nc_cat=108&_nc_sid=ad6a45&_nc_ohc=08J_sZWAiUYAX_i-0Ve&_nc_ht=scontent-gru1-1.xx&oh=f5f0c54ab10387fac62bffa41ebb0ab8&oe=5EAFB3A4,676,0,3,0,1,50,True
2016-09-29T19:29:15+0000,904277726319518_1176417809105507,honra receber apoio luiz carlos bresserpereira proximo domingo certeza vou renovar compromisso cidade sao paulo justamente causa confianca todos voces obrigado,honra receber apoio luiz carlos bresserpereira proximo domingo certeza vou renovar compromisso cidade sao paulo justamente causa confianca todos voces obrigado,0,shared_story,None,1649,2,5,0,0,121,True
2016-09-29T18:30:00+0000,904277726319518_1176233309123957,vamos virar jogo juntos voces acredito capazes grande virada nao so eleicoes tambem proximos anos sao paulo voce concorda modelo cidade gente quer colabore ideias voluntariado financeiramente,vamos virar jogo juntos voces acredito capazes grande virada nao so eleicoes tambem proximos anos sao paulo voce concorda modelo cidade gente quer colabore ideias voluntariado financeiramente,150,added_video,https://scontent-gru2-2.xx.fbcdn.net/v/t15.5256-10/14467339_1176236105790344_513880493230391296_n.jpg?_nc_cat=100&_nc_sid=ad6a45&_nc_ohc=vmMEMdme5kMAX_yVNYA&_nc_ht=scontent-gru2-2.xx&oh=b7543fb781be51102b2fb74abce66cfc&oe=5EAE1F25,1105,2,1,0,1,73,True
2016-09-29T17:20:00+0000,904277726319518_1176231942457427,p p oh,p p oh,552,added_photos,https://scontent-gru2-1.xx.fbcdn.net/v/t31.0-8/s720x720/14468746_1176231942457427_6538317741106850758_o.jpg?_nc_cat=107&_nc_sid=2d5d41&_nc_ohc=yniHNJE-LuEAX8ReiF4&_nc_ht=scontent-gru2-1.xx&_nc_tp=7&oh=30ba703f627dde111ba78cd2527a2da6&oe=5EAFF64B,4626,52,15,0,2,507,True
2016-09-29T16:55:07+0000,904277726319518_1176318129115475,fabrica samba galpoes prontos,fabrica samba galpoes prontos,104,added_video,https://scontent-gru2-1.xx.fbcdn.net/v/t15.5256-10/14467392_1176319719115316_7980665026904064000_n.jpg?_nc_cat=109&_nc_sid=1055be&_nc_ohc=JQEWZKFPdLsAX_WzZJ6&_nc_ht=scontent-gru2-1.xx&oh=fb582635b9877b66c1a1ab7552af6f46&oe=5EAF2604,798,2,4,1,2,82,True
2016-09-29T16:15:00+0000,904277726319518_1176210262459595,numeros nao contam historias pessoas sim valeria oliveira mostra uniceu fies passe livre fazem parte historia oportunidade transformar vida valeria exemplo muitos paulistanos fizeram diferente valeria tamo junto,numeros nao contam historias pessoas sim valeria oliveira mostra uniceu fies passe livre fazem parte historia oportunidade transformar vida valeria exemplo muitos paulistanos fizeram diferente valeria tamo junto,294,added_video,https://scontent-gru2-1.xx.fbcdn.net/v/t15.5256-10/14411600_1176215645792390_3342426863522807808_n.jpg?_nc_cat=107&_nc_sid=ad6a45&_nc_ohc=d9n8IqfhUqAAX-pyOHM&_nc_ht=scontent-gru2-1.xx&oh=aa723d20d3233c0cb5c209d35b43ab44&oe=5EAFD984,831,1,4,0,0,59,True
2016-09-29T15:00:00+0000,904277726319518_1175769649170323,debate globo hoje estarei debate globo mostrar propostas sao longe adequadas sao paulo vamos consolidar virada desse jogo viradahaddad tamo junto,debate globo hoje estarei debate globo mostrar propostas sao longe adequadas sao paulo vamos consolidar virada desse jogo viradafh tamo junto,997,added_photos,https://scontent-gru2-1.xx.fbcdn.net/v/t1.0-9/p720x720/14520569_1175769649170323_2810346665961988887_n.jpg?_nc_cat=107&_nc_sid=2d5d41&_nc_ohc=79wucSXeXr8AX9cDuxG&_nc_ht=scontent-gru2-1.xx&_nc_tp=6&oh=2ba344d15b63b97179eb2d0a746c126a&oe=5EAEDC17,3734,10,14,0,0,324,True
2016-09-29T14:00:00+0000,904277726319518_1175774739169814,bom dia alessandra negrini tambem apoia devolucao cidade pessoas obrigado apoio alessandra tamo junto virada ta chegando,bom dia alessandra negrini tambem apoia devolucao cidade pessoas obrigado apoio alessandra tamo junto virada ta chegando,4512,added_video,https://scontent-gru1-1.xx.fbcdn.net/v/t15.5256-10/14411598_1175776182503003_5848424028859006976_n.jpg?_nc_cat=101&_nc_sid=ad6a45&_nc_ohc=LSJNsIL-7jAAX-kVydl&_nc_ht=scontent-gru1-1.xx&oh=582aac07e3270b81f626393e21a12097&oe=5EAD0723,12123,64,19,6,48,1418,True
2016-09-29T13:33:39+0000,904277726319518_1176154905798464,importante voces conhecerem trabalho casa rodante parceiro bracos abertos braco essencial construcao relacao pessoas meio arte agricultura urbana poesia cinema vizinhanca beneficiarios bracos abertos conseguem ter tratamento reinsercao cidade trabalho incrivel pessoas estao juntas transformacao sao paulo,importante voces conhecerem trabalho casa rodante parceiro bracos abertos braco essencial construcao relacao pessoas meio arte agricultura urbana poesia cinema vizinhanca beneficiarios bracos abertos conseguem ter tratamento reinsercao cidade trabalho incrivel pessoas estao juntas transformacao sao paulo,615,added_video,https://scontent-gru1-1.xx.fbcdn.net/v/t15.5256-10/14411727_1176168479130440_4637762689026752512_n.jpg?_nc_cat=103&_nc_sid=ad6a45&_nc_ohc=dPqEI-Za1kQAX-t2IrZ&_nc_ht=scontent-gru1-1.xx&oh=c27a18eabc0a7356cbff4d23043a518d&oe=5EAE5D6D,900,2,4,0,0,98,True
2016-09-29T13:00:00+0000,904277726319518_1175770369170251,megalopole diversidade nenhuma outra gestao tanto cuidado populacao lgbt entendo acoes criamos nesses anos ponta pe inicial igualdade oportunidades proximos anos queremos deixar cidade colorida valorizacao cultura eventos lgbt segura populacao,megalopole diversidade nenhuma outra gestao tanto cuidado populacao lgbt entendo acoes criamos nesses anos ponta pe inicial igualdade oportunidades proximos anos queremos deixar cidade colorida valorizacao cultura eventos lgbt segura populacao,446,added_photos,https://scontent-gru2-2.xx.fbcdn.net/v/t31.0-8/s720x720/14434809_1175770369170251_3146055460275814773_o.jpg?_nc_cat=106&_nc_sid=2d5d41&_nc_ohc=XLzRUu8letQAX8EBJVN&_nc_ht=scontent-gru2-2.xx&_nc_tp=7&oh=2567ce39e2b9539907303ac22552005c&oe=5EADFA60,2303,2,6,0,0,424,True
2016-09-29T12:00:00+0000,904277726319518_1175727362507885,gente sabia iria encontrar resistencia botar pratica projeto cidade nao intimidou gente quer morar cidade sao paulo nao viver trancado casas apartamentos shoppings queremos cidade gente queremos vibrar interagir pessoas jogo romper paradigma atrasado imperou cidade andar tras vamos sempre frente virar jogo tornar sao paulo cada vez humana,gente sabia iria encontrar resistencia botar pratica projeto cidade nao intimidou gente quer morar cidade sao paulo nao viver trancado casas apartamentos shoppings queremos cidade gente queremos vibrar interagir pessoas jogo romper paradigma atrasado imperou cidade andar tras vamos sempre frente virar jogo tornar sao paulo cada vez humana,425,added_video,https://scontent-gru1-1.xx.fbcdn.net/v/t15.5256-10/14356693_1175732265840728_1971107191037362176_n.jpg?_nc_cat=110&_nc_sid=ad6a45&_nc_ohc=ynuUlzgqdGkAX8biHPv&_nc_ht=scontent-gru1-1.xx&oh=1a1dbbba5d54f36ab64b88d53dc13784&oe=5EAFA1AF,1863,4,2,0,0,193,True
2016-09-29T01:00:00+0000,904277726319518_1175539442526677,facil contribuir sonho cidade continue site wwwdoacoeshaddadspcombr preencha dados assinale valor pretende doar,facil contribuir sonho cidade continue site wwwdoacoesfhspcombr preencha dados assinale valor pretende doar,37,added_photos,https://scontent-gru2-2.xx.fbcdn.net/v/t1.0-9/14448858_1175539442526677_6127211458156324323_n.png?_nc_cat=105&_nc_sid=2d5d41&_nc_ohc=_6uOyd2mwcoAX8S7h4P&_nc_ht=scontent-gru2-2.xx&oh=83543df02975dfca278f3d7ab11b14af&oe=5EAFD850,620,6,2,0,1,37,True
2016-09-28T23:45:00+0000,904277726319518_1175642255849729,projeto cidade humana nao pode parar hospitais brasilandia parelheiros serao entregues rede hora certa toda cidade cursos profissionalizantes ceus zerar fila vagas creches passe livre desempregado luz led toda cidade cameras seguranca nao vamos desistir sao paulo,projeto cidade humana nao pode parar hospitais brasilandia parelheiros serao entregues rede hora certa toda cidade cursos profissionalizantes ceus zerar fila vagas creches passe livre desempregado luz led toda cidade cameras seguranca nao vamos desistir sao paulo,764,added_video,https://scontent-gru1-1.xx.fbcdn.net/v/t15.5256-10/14510586_1175695085844446_367970532810817536_n.jpg?_nc_cat=101&_nc_sid=ad6a45&_nc_ohc=e1A30JSOXokAX-eZoCK&_nc_ht=scontent-gru1-1.xx&oh=af03666e2a8e826d9e8b390533d54f8e&oe=5EAFE813,2055,4,1,0,0,161,True
2016-09-28T22:30:00+0000,904277726319518_1175563679190920,precisamos ajuda grande vitoria mudanca eleicoes doacoes empresariais deram lugar doacoes pessoas fisicas agora precisamos nunca participacao voce identifica proposta cidade humana colabore conosco,precisamos ajuda grande vitoria mudanca eleicoes doacoes empresariais deram lugar doacoes pessoas fisicas agora precisamos nunca participacao voce identifica proposta cidade humana colabore conosco,403,added_video,https://scontent-gru2-1.xx.fbcdn.net/v/t15.5256-10/14411465_1175572769190011_2300364031103336448_n.jpg?_nc_cat=111&_nc_sid=ad6a45&_nc_ohc=inVvZP8pWNgAX_sy3S6&_nc_ht=scontent-gru2-1.xx&oh=3ff95e37856e31af71049755d110867a&oe=5EAFFBDB,2003,2,4,0,0,160,True
2016-09-28T21:42:41+0000,904277726319518_1175654149181873,leticia sabatella recado voce equipehaddad,leticia sabatella recado voce equipefh,1983,added_video,https://scontent-gru2-2.xx.fbcdn.net/v/t15.5256-10/14467281_1175654275848527_7988663355520843776_n.jpg?_nc_cat=102&_nc_sid=ad6a45&_nc_ohc=ILrQidq_VeMAX-PyNlt&_nc_ht=scontent-gru2-2.xx&oh=63f7080da96854322930b9cd1d626609&oe=5EAEBAF7,5628,71,12,0,16,889,True
2016-09-28T19:30:01+0000,904277726319518_1175527659194522,continuar transformando cidade gente precisa ajuda colaboracao contribua sonho nao interrompido,continuar transformando cidade gente precisa ajuda colaboracao contribua sonho nao interrompido,43,added_photos,https://scontent-gru1-1.xx.fbcdn.net/v/t1.0-9/14440981_1175527659194522_4744162946294261485_n.png?_nc_cat=104&_nc_sid=2d5d41&_nc_ohc=TBeEtZSp8SsAX_D2cL6&_nc_ht=scontent-gru1-1.xx&oh=97c86cbd85e975749c961e1870b42dc1&oe=5EAC8F9C,438,4,3,0,0,25,True
2016-09-28T18:30:00+0000,904277726319518_1172937242786897,carnaval rua gente deu abertura quase blocos expressaram diversas regioes recebemos mil turistas alem muitos paulistanos ficaram cidade devolveu festa cidade trouxe investimento ocupou espaco publico agora bloco rua daqui ate domingo vamos virar jogo,carnaval rua gente deu abertura quase blocos expressaram diversas regioes recebemos mil turistas alem muitos paulistanos ficaram cidade devolveu festa cidade trouxe investimento ocupou espaco publico agora bloco rua daqui ate domingo vamos virar jogo,777,added_video,https://scontent-gru2-1.xx.fbcdn.net/v/t15.5256-10/14411797_1172938619453426_1218909699970170880_n.jpg?_nc_cat=109&_nc_sid=ad6a45&_nc_ohc=H_e_fWwGzMAAX8MXm2a&_nc_ht=scontent-gru2-1.xx&oh=b678c91ae14fc8dbed211613209a974c&oe=5EAF4601,2203,3,4,0,0,259,True
2016-09-28T17:08:43+0000,904277726319518_1171407749606513,eduardo suplicy grande amigo obrigado honra dividir tantos momentos luta voce nesta campanha certeza vamos continuar transformando sao paulo dando oportunidades pessoas precisam,eduardo suplicy grande amigo obrigado honra dividir tantos momentos luta voce nesta campanha certeza vamos continuar transformando sao paulo dando oportunidades pessoas precisam,960,added_video,https://scontent-gru2-2.xx.fbcdn.net/v/t15.5256-10/14356659_1171412492939372_2285477193419063296_n.jpg?_nc_cat=100&_nc_sid=ad6a45&_nc_ohc=A-9x-2ytLtgAX8gn0iZ&_nc_ht=scontent-gru2-2.xx&oh=373882b752150dcd0153601d62a709c1&oe=5EAD4DB1,3234,6,14,0,1,365,True
2016-09-28T16:00:14+0000,904277726319518_1172825562798065,horas hora virada hora votar horah equipehaddad,horas hora virada hora votar horah equipefh,931,shared_story,https://external-gru1-1.xx.fbcdn.net/safe_image.php?d=AQBRWCKKdjDA9s3p&url=http%3A%2F%2Fs11.postimg.org%2Fth5dp6wdf%2Fvote13_gif.gif&_nc_hash=AQDESZ-KBMlf-VZo,4056,17,5,0,3,421,True
2016-09-28T14:05:46+0000,904277726319518_1175327482547873,transformar sao paulo preciso coragem corredores onibus ruas abertas transcidadania merenda organica bracos abertos ciclovias diminuicao velocidade enfrentamos resistencia nao ficamos intimidados gente la devolveu cidade pessoas,transformar sao paulo preciso coragem corredores onibus ruas abertas transcidadania merenda organica bracos abertos ciclovias diminuicao velocidade enfrentamos resistencia nao ficamos intimidados gente la devolveu cidade pessoas,591,added_photos,https://scontent-gru2-1.xx.fbcdn.net/v/t1.0-9/p720x720/14502947_1175327482547873_140119457101861512_n.png?_nc_cat=107&_nc_sid=2d5d41&_nc_ohc=qMUIQQ82-ZoAX9Kd_Uv&_nc_ht=scontent-gru2-1.xx&oh=3e4afae6952897e0e93352a748b7d12b&oe=5EAC270B,2875,3,11,0,1,280,True
2016-09-28T13:00:00+0000,904277726319518_1174999815913973,datafolha errou vespera eleicao institutos indicavam nao iria segundo turno todo respeito institutos pesquisa nao acertam todas hora h viramos jogo ganhamos eleicoes desta vez nao vai ser diferente,datafolha errou vespera eleicao institutos indicavam nao iria segundo turno todo respeito institutos pesquisa nao acertam todas hora h viramos jogo ganhamos eleicoes desta vez nao vai ser diferente,473,added_video,https://scontent-gru2-2.xx.fbcdn.net/v/t15.5256-10/14411398_1175002862580335_1900069793466155008_n.jpg?_nc_cat=106&_nc_sid=ad6a45&_nc_ohc=iQoBQfFk0VQAX8bhf4h&_nc_ht=scontent-gru2-2.xx&oh=018e4c12edfad2125a9d67a3da625056&oe=5EADC714,2109,3,2,0,2,186,True
2016-09-28T12:00:00+0000,904277726319518_1175001669247121,bom dia feliz porque onda ja formou vamos virar jogo ir segundo turno ganhar eleicoes tamo junto,bom dia feliz porque onda ja formou vamos virar jogo ir segundo turno ganhar eleicoes tamo junto,470,added_photos,https://scontent-gru2-2.xx.fbcdn.net/v/t31.0-8/s720x720/14409866_1175001669247121_1384647834136570725_o.jpg?_nc_cat=102&_nc_sid=2d5d41&_nc_ohc=U6GQ0fnULBYAX_idGqO&_nc_ht=scontent-gru2-2.xx&_nc_tp=7&oh=f51c45130fc4c97cae0cc492e03bb790&oe=5EAFAF02,5128,13,10,0,3,532,True
2016-09-28T01:21:19+0000,904277726319518_1174716305942324,lutamos campanhas eleitorais deixassem ser financiadas empresas agora chegou vez engajar ajudar financeiramente candidatos voce acredita precisamos ajuda grande virada pode ser financeiramente ideias forca trabalho acesse contribua,lutamos campanhas eleitorais deixassem ser financiadas empresas agora chegou vez engajar ajudar financeiramente candidatos voce acredita precisamos ajuda grande virada pode ser financeiramente ideias forca trabalho acesse contribua,677,added_video,https://scontent-gru1-1.xx.fbcdn.net/v/t15.5256-10/14411381_1174728485941106_6260009074092408832_n.jpg?_nc_cat=104&_nc_sid=ad6a45&_nc_ohc=AkSbGYdV6ycAX_WY_TM&_nc_ht=scontent-gru1-1.xx&oh=3436d5e2b7f1a04ab60b9ae9d62be31d&oe=5EACA43D,3606,14,5,1,1,308,True
2016-09-27T23:38:54+0000,904277726319518_1174909035923051,ato haddad rumo virada resistir existir sao paulo acompanhe vivo,ato fh rumo virada resistir existir sao paulo acompanhe vivo,107,added_photos,https://scontent-gru2-2.xx.fbcdn.net/v/t31.0-8/s720x720/14444600_1174909035923051_464831832254087195_o.jpg?_nc_cat=106&_nc_sid=2d5d41&_nc_ohc=cKUZ39UmfQEAX-th5c-&_nc_ht=scontent-gru2-2.xx&_nc_tp=7&oh=3c76c2409960383d25c58e04872e2426&oe=5EAED070,1422,5,1,0,8,175,True
2016-09-27T22:02:26+0000,904277726319518_1174851042595517,ato defesa cidade direitos democracia vivo direto casa portugal,ato defesa cidade direitos democracia vivo direto casa portugal,1566,added_video,https://scontent-gru2-2.xx.fbcdn.net/v/t15.5256-10/14411760_1174962232584398_2373026970716864512_n.jpg?_nc_cat=106&_nc_sid=1055be&_nc_ohc=26c38jKDH0oAX8qrkSy&_nc_ht=scontent-gru2-2.xx&oh=bff5aa25c8231f9d01a9961186d146d2&oe=5EACDF2C,3791,50,23,7,62,1249,True
2016-09-27T21:45:00+0000,904277726319518_1174809055933049,sao mil luminarias led iluminando caminho turno luz dessa cidade sera todos,sao mil luminarias led iluminando caminho turno luz dessa cidade sera todos,177,added_photos,https://scontent-gru2-1.xx.fbcdn.net/v/t31.0-8/p720x720/14425406_1174809055933049_8430643876056559967_o.jpg?_nc_cat=111&_nc_sid=2d5d41&_nc_ohc=hsJqEytTaSAAX9hn3x8&_nc_ht=scontent-gru2-1.xx&_nc_tp=6&oh=2429266712d47d32221cb153868357d8&oe=5EAEF296,1810,0,12,0,0,146,True
2016-09-27T20:30:00+0000,904277726319518_1174778845936070,feliz apoio confianca otto obrigado devolvemos cidade populacao sao paulo precisava disso precisava ficar viva ter coragem transformar quebrar logica desigual desumana cidade inserida,feliz apoio confianca otto obrigado devolvemos cidade populacao sao paulo precisava disso precisava ficar viva ter coragem transformar quebrar logica desigual desumana cidade inserida,401,added_video,https://scontent-gru1-1.xx.fbcdn.net/v/t15.5256-10/14411638_1174779352602686_3275739765311275008_n.jpg?_nc_cat=110&_nc_sid=ad6a45&_nc_ohc=aaS0o41WvaAAX9fOkxS&_nc_ht=scontent-gru1-1.xx&oh=dbdcba76c4ee0c76c49415d11c4b4631&oe=5EAF8902,2380,0,6,0,0,225,True
2016-09-27T19:00:00+0000,904277726319518_1174701322610489,haddadfica fato sao paulo bem bonita deve pessoas ocuparam cidade tomaram protagonismo clipe haddadfica saiu ficou incrivel vamos virada parabens todos fizeram parte sao muitas pessoas acreditam projeto estao colaborando reeleicao vamos resistir existir sao paulo segundo turno,fhfica fato sao paulo bem bonita deve pessoas ocuparam cidade tomaram protagonismo clipe fhfica saiu ficou incrivel vamos virada parabens todos fizeram parte sao muitas pessoas acreditam projeto estao colaborando reeleicao vamos resistir existir sao paulo segundo turno,3680,added_video,https://scontent-gru2-2.xx.fbcdn.net/v/t15.5256-10/14411247_1174712672609354_8990999162086490112_n.jpg?_nc_cat=102&_nc_sid=ad6a45&_nc_ohc=f_plVVZDlFIAX9EOmNA&_nc_ht=scontent-gru2-2.xx&oh=9e3b3baf907e10dd0b3acf27a1f76c1a&oe=5EAE402D,3666,6,11,1,3,530,True
2016-09-27T17:49:18+0000,904277726319518_1174689725944982,hora vestir camisa conversar pessoas falta pouco onda crescendo hora virada segundo turno vai ser voce faz parte disso tamo junto,hora vestir camisa conversar pessoas falta pouco onda crescendo hora virada segundo turno vai ser voce faz parte disso tamo junto,2241,shared_story,https://external-gru1-1.xx.fbcdn.net/safe_image.php?d=AQC40vcoQosXfE4m&url=https%3A%2F%2Fs15.postimg.org%2Fsvcwy996j%2FGif_Vote_Haddad.gif&_nc_hash=AQBdna9dWBKW3aRP,5392,22,9,0,2,618,True
2016-09-27T16:20:00+0000,904277726319518_1174607235953231,voce sabe haddad diferente atitudes provam verdade longe melhor sao paulo equipehaddad,voce sabe fh diferente atitudes provam verdade longe melhor sao paulo equipefh,490,added_video,https://scontent-gru2-2.xx.fbcdn.net/v/t15.5256-10/14510851_1174616219285666_1999489460210761728_n.jpg?_nc_cat=100&_nc_sid=ad6a45&_nc_ohc=Guue3EbWAdkAX-J1Doh&_nc_ht=scontent-gru2-2.xx&oh=bbfd2d4f6ff328032bd749c7eb871897&oe=5EAD8A52,1370,0,1,0,1,132,True
2016-09-27T14:30:00+0000,904277726319518_1174075249339763,ato haddad estaremos todos reunidos casa portugal partir h tamo junto,ato fh estaremos todos reunidos casa portugal partir h tamo junto,180,added_photos,https://scontent-gru1-1.xx.fbcdn.net/v/t31.0-8/p720x720/14468465_1174071772673444_569212301141258658_o.jpg?_nc_cat=101&_nc_sid=8024bb&_nc_ohc=zy4IZztdTT4AX_kcDB9&_nc_ht=scontent-gru1-1.xx&_nc_tp=6&oh=68989aba4142dc31cfa76cc5518517fd&oe=5EADDBC2,558,0,1,0,6,49,True
2016-09-27T13:30:00+0000,904277726319518_1174077779339510,entra gestao sai gestao hospital parelheiros sido prometido ha cerca anos conseguimos transformalo realidade ate fim ano grande conquista regiao cidade mil empregos gerados serao mil beneficiados,entra gestao sai gestao hospital parelheiros sido prometido ha cerca anos conseguimos transformalo realidade ate fim ano grande conquista regiao cidade mil empregos gerados serao mil beneficiados,375,added_video,https://scontent-gru1-1.xx.fbcdn.net/v/t15.5256-10/14411289_1174082276005727_4423480993898299392_n.jpg?_nc_cat=108&_nc_sid=ad6a45&_nc_ohc=kvDUwGfweqYAX9ndxWn&_nc_ht=scontent-gru1-1.xx&oh=9eda912bd04cb879c3d9c5a1d81ab62e&oe=5EACC091,1010,1,0,0,0,86,True
2016-09-27T12:00:01+0000,904277726319518_1174059992674622,bom dia pense quanto vale vida vida vale menos alguns minutos porque sao minutos voce supostamente perde reducao velocidade vias ganha seguranca candidatos prometem voltar velocidade ruas colocam vidas risco pessoas colocam vidas outras risco nao podem tornar bons prefeitos,bom dia pense quanto vale vida vida vale menos alguns minutos porque sao minutos voce supostamente perde reducao velocidade vias ganha seguranca candidatos prometem voltar velocidade ruas colocam vidas risco pessoas colocam vidas outras risco nao podem tornar bons prefeitos,589,added_photos,https://scontent-gru2-2.xx.fbcdn.net/v/t31.0-8/p720x720/14468493_1174059992674622_3646670469790362114_o.jpg?_nc_cat=100&_nc_sid=2d5d41&_nc_ohc=C72G9aXbYp8AX-xRCRl&_nc_ht=scontent-gru2-2.xx&_nc_tp=6&oh=779bbe22ce11a434de7e0ee94d534beb&oe=5EAEA964,2397,3,3,52,1,140,True
2016-09-27T01:00:00+0000,904277726319518_1173104986103456,juntos sao paulo cultura periferia cinema todos cidade aberta merenda nutritiva saudavel criancas gente luta resistiremos existiremos eliane dias bel coelho anna muylaert marina person pablo capile,juntos sao paulo cultura periferia cinema todos cidade aberta merenda nutritiva saudavel criancas gente luta resistiremos existiremos eliane dias bel coelho anna muylaert marina person pablo capile,116,shared_story,https://scontent-gru1-1.xx.fbcdn.net/v/t1.0-1/p200x200/39067693_1890872174326730_929144109233340416_o.jpg?_nc_ohc=AVBfKWUotnMAX8G4T3U&_nc_ht=scontent-gru1-1.xx&oh=38cb70017b1f9d352a423262f33caf0b&oe=5EAD7D0B,637,0,2,0,0,60,True
2016-09-26T23:40:00+0000,904277726319518_1172929366121018,quero lembrar ultima semana campanha quatro dias eleicao pesquisas terminei urnas voce junto virada certa gente chega turno ganha eleicao,quero lembrar ultima semana campanha quatro dias eleicao pesquisas terminei urnas voce junto virada certa gente chega turno ganha eleicao,3719,added_video,https://scontent-gru2-2.xx.fbcdn.net/v/t15.5256-10/14467293_1172930909454197_4816595699778977792_n.jpg?_nc_cat=100&_nc_sid=ad6a45&_nc_ohc=k0jVLICoJX4AX8kahkS&_nc_ht=scontent-gru2-2.xx&oh=18d4d3e65ddea4d453f08524c827f56d&oe=5EAD291C,7235,26,16,1,8,769,True
2016-09-26T22:20:00+0000,904277726319518_1173995476014407,feliz apoio professor pensador exministro renato janine ribeiro obrigado amigo compartilho mesma ideia potencialidade sao paulo so sera totalmente alcancada investimento educacao compromisso investir ponto superar recorde ensino infantil batemos nessa gestao,feliz apoio professor pensador exministro renato janine ribeiro obrigado amigo compartilho mesma ideia potencialidade sao paulo so sera totalmente alcancada investimento educacao compromisso investir ponto superar recorde ensino infantil batemos nessa gestao,1944,added_video,https://scontent-gru1-1.xx.fbcdn.net/v/t15.5256-10/14411183_1174002522680369_80008437496283136_n.jpg?_nc_cat=103&_nc_sid=ad6a45&_nc_ohc=7GVkLZnQU_UAX_ntQAd&_nc_ht=scontent-gru1-1.xx&oh=4bd1d5e2ea8a7e14030fc465ac1c2b4d&oe=5EAFF2A3,2837,2,4,2,1,181,True
2016-09-26T21:04:56+0000,904277726319518_1174011249346163,grandes cidades mundo reducao velocidade realidade indicacao oms reduzir numero acidentes melhorar transito adversarios sao contra medida acabar politica voltar industria morte colocar pessoas risco causa alguns votos mim colocar perigo vida pessoas politica nao vale pena,grandes cidades mundo reducao velocidade realidade indicacao oms reduzir numero acidentes melhorar transito adversarios sao contra medida acabar politica voltar industria morte colocar pessoas risco causa alguns votos mim colocar perigo vida pessoas politica nao vale pena,781,shared_story,https://external-gru1-1.xx.fbcdn.net/safe_image.php?d=AQCDR7D4jeAmpRMT&url=http%3A%2F%2Fimguol.com%2Fc%2Fnoticias%2F2015%2F03%2F16%2F16mar2015---a-cet-companhia-de-engenharia-de-trafego-reduziu-o-limite-de-velocidade-na-rua-da-consolacao-no-centro-de-sao-paulo-sp-de-60-kmh-para-50-kmh-nesta-segunda-feira-16-a-medida-faz-1426515443561_956x500.jpg&_nc_hash=AQBBFXGgPdgktayO,4093,3,10,3,13,290,True
2016-09-26T19:30:00+0000,904277726319518_1173895962691025,momento delicado pais facil empurrar barriga jogar responsabilidade populacao frente cameras adversarios escondem apoio temer kassab exemplo costas defendem proposta governo federal fazer voce trabalhador pague crise,momento delicado pais facil empurrar barriga jogar responsabilidade populacao frente cameras adversarios escondem apoio temer kassab exemplo costas defendem proposta governo federal fazer voce trabalhador pague crise,792,added_video,https://scontent-gru1-1.xx.fbcdn.net/v/t15.5256-10/14510822_1173909896022965_8529424666077429760_n.jpg?_nc_cat=101&_nc_sid=ad6a45&_nc_ohc=4txTkL9vVtYAX-F_2Ki&_nc_ht=scontent-gru1-1.xx&oh=5533dc5a9f110e36d733b01b7152dc78&oe=5EB00953,3004,8,3,2,4,177,True
2016-09-26T16:35:33+0000,904277726319518_1173803249366963,cidade vamos resistir nao vamos desistir sao paulo cidade cidade nao vamos deixar sonho felicidade ser interrompido muita alegria lancamos clipe parceria diversos artistas profissionais agradecido orgulhoso ficou incrivel interpretes tie pelico saulo duarte unidade edgard scandurra michelle abu taciana barros coruja bc marina wisnik luiz thunderbird raquel virginia musicos edu peixe salmaso bateria walmir borges guitarra robinho tavares baixo edgard scandurra guitarra xuxa levy teclados michelle abu percussao denis celestino lisboa percussao producao musical xuxa levy depoimento chico buarque,cidade vamos resistir nao vamos desistir sao paulo cidade cidade nao vamos deixar sonho felicidade ser interrompido muita alegria lancamos clipe parceria diversos artistas profissionais agradecido orgulhoso ficou incrivel interpretes tie pelico saulo duarte unidade edgard scandurra michelle abu taciana barros coruja bc marina wisnik luiz thunderbird raquel virginia musicos edu peixe salmaso bateria walmir borges guitarra robinho tavares baixo edgard scandurra guitarra xuxa levy teclados michelle abu percussao denis celestino lisboa percussao producao musical xuxa levy depoimento chico buarque,5092,added_video,https://scontent-gru1-1.xx.fbcdn.net/v/t15.5256-10/14467343_1173821589365129_893615697379196928_n.jpg?_nc_cat=101&_nc_sid=ad6a45&_nc_ohc=NWeKXC4bY-0AX8GPyYw&_nc_ht=scontent-gru1-1.xx&oh=4aa24031e36ce5d3910ec6d1bfa3ed48&oe=5EAEEDB0,3583,1,21,0,1,679,True
2016-09-26T15:44:50+0000,904277726319518_1173781942702427,bowl street parque esportes radicais bom retiro,bowl street parque esportes radicais bom retiro,1499,added_video,https://scontent-gru1-1.xx.fbcdn.net/v/t15.5256-10/14467398_1173791676034787_1188856151647715328_n.jpg?_nc_cat=110&_nc_sid=1055be&_nc_ohc=__FliA__KeEAX8A30ha&_nc_ht=scontent-gru1-1.xx&oh=5bf4b320d7e5c96529b695af6f39aaa4&oe=5EADF8EA,4451,31,50,6,69,1233,True
2016-09-26T14:48:51+0000,904277726319518_1173748629372425,falta semana cidade ser semana transformacao comecamos sao paulo continuar personalize foto perfil apoio candidatura acesse,falta semana cidade ser semana transformacao comecamos sao paulo continuar personalize foto perfil apoio candidatura acesse,264,added_photos,https://scontent-gru1-1.xx.fbcdn.net/v/t1.0-9/14449794_1173748509372437_2321885890078890835_n.png?_nc_cat=108&_nc_sid=7aed08&_nc_ohc=mT3Pr9arMSgAX88Z32C&_nc_ht=scontent-gru1-1.xx&oh=6a681e788ae3a0592699c9789ddcec0e&oe=5EAEA857,2697,1,9,0,9,274,True
2016-09-26T13:30:01+0000,904277726319518_1173349596078995,nao momento amadorismos nao experiencia administracao publica dificilmente vai conduzir cidade melhor caminho neste momento crise reduzimos divida metade sao paulo batendo recorde investimentos porque gente soube administrar abrimos creches batemos recorde vagas educacao infantil construindo hospitais todas outras realizacoes voce encontra wwwhaddadspcombr,nao momento amadorismos nao experiencia administracao publica dificilmente vai conduzir cidade melhor caminho neste momento crise reduzimos divida metade sao paulo batendo recorde investimentos porque gente soube administrar abrimos creches batemos recorde vagas educacao infantil construindo hospitais todas outras realizacoes voce encontra wwwfhspcombr,543,added_photos,https://scontent-gru1-1.xx.fbcdn.net/v/t1.0-9/p720x720/14479598_1173349596078995_2794409892818337440_n.jpg?_nc_cat=110&_nc_sid=2d5d41&_nc_ohc=7Wlks5CQ7tQAX8CAC5y&_nc_ht=scontent-gru1-1.xx&_nc_tp=6&oh=d7a271ecb9997bed7327f0a23fe4cd46&oe=5EAF133E,2861,12,8,0,0,214,True
2016-09-26T12:00:00+0000,904277726319518_1173368439410444,bom dia apoio animado daniela mercury comecar semana obrigado daniela cor cidade todos todas,bom dia apoio animado daniela mercury comecar semana obrigado daniela cor cidade todos todas,2528,added_video,https://scontent-gru1-1.xx.fbcdn.net/v/t15.5256-10/14411330_1173369596076995_9194473611396644864_n.jpg?_nc_cat=103&_nc_sid=ad6a45&_nc_ohc=4HDuZ7LsbQsAX920NwP&_nc_ht=scontent-gru1-1.xx&oh=4b5027ee9790026cb62c9e8117411036&oe=5EAD6404,3445,4,13,3,9,414,True
2016-09-26T03:55:45+0000,904277726319518_1173355886078366,debate record comprova frente propostas sao paulo agora precisamos movimentar engajar semana cidade ser quero contar voce vamos luta fazer acontecer,debate record comprova frente propostas sao paulo agora precisamos movimentar engajar semana cidade ser quero contar voce vamos luta fazer acontecer,1582,added_video,https://scontent-gru2-2.xx.fbcdn.net/v/t15.5256-10/14411444_1173358166078138_5611042328870387712_n.jpg?_nc_cat=102&_nc_sid=1055be&_nc_ohc=iWYYU1aWAD4AX9cgvRs&_nc_ht=scontent-gru2-2.xx&oh=09d48e6aafe59ed6a0f357cdfe94abff&oe=5EAE9973,5873,24,10,5,38,1699,True
2016-09-25T23:26:11+0000,904277726319518_1173199906093964,conquistas direitos vieram base muita luta perdelos nao opcao pense bem sobre propostas candidato representa lutara direitos precisa beneficiar poucas pessoas lado defendendo ampliacao saude educacao apoia proposta governo federal congelar gastos sociais adversarios prometem mundos fundos brasilia apoiam votam retrocesso,conquistas direitos vieram base muita luta perdelos nao opcao pense bem sobre propostas candidato representa lutara direitos precisa beneficiar poucas pessoas lado defendendo ampliacao saude educacao apoia proposta governo federal congelar gastos sociais adversarios prometem mundos fundos brasilia apoiam votam retrocesso,660,added_video,https://scontent-gru1-1.xx.fbcdn.net/v/t15.5256-10/14411274_1173204879426800_3571325638029606912_n.jpg?_nc_cat=108&_nc_sid=ad6a45&_nc_ohc=5p2iaEM_K54AX9q9JKc&_nc_ht=scontent-gru1-1.xx&oh=e69a5e872da9922a143533d619563dea&oe=5EAEF840,1392,7,4,0,2,135,True
2016-09-25T20:30:00+0000,904277726319518_1172969579450330,sao paulo humaniddad cidade feliciddad liberddad igualddad prefeito haddad equipehaddad,sao paulo humaniddad cidade feliciddad liberddad igualddad prefeito fh equipefh,431,shared_story,https://external-gru1-1.xx.fbcdn.net/safe_image.php?d=AQDdUHEWI7lFKvse&url=http%3A%2F%2Fs13.postimg.org%2Fnyjxg5q9z%2FADD_1.gif&_nc_hash=AQB9ZxnlIGgOK6fG,2321,23,0,0,3,338,True
2016-09-25T17:56:01+0000,904277726319518_1172842246129730,entrevista folha sao paulo disse antonio candido pessoa viva admiro voces nao imaginam orgulho sinto receber carta apoio deste maiores intelectuais pais,entrevista folha sao paulo disse antonio candido pessoa viva admiro voces nao imaginam orgulho sinto receber carta apoio deste maiores intelectuais pais,1440,added_photos,https://scontent-gru2-2.xx.fbcdn.net/v/t31.0-8/s720x720/14444966_1172842246129730_5363038964112208439_o.jpg?_nc_cat=106&_nc_sid=2d5d41&_nc_ohc=tOW7NSSAEvkAX9cGtjA&_nc_ht=scontent-gru2-2.xx&_nc_tp=7&oh=73065bdeaaac616bb4a563eeca9b5192&oe=5EAFE9B0,6416,2,154,0,3,1164,True
2016-09-25T16:03:09+0000,904277726319518_1172859459461342,caminhada virada zona leste,caminhada virada zona leste,0,shared_story,https://scontent-gru2-1.xx.fbcdn.net/v/t15.5256-10/14356565_1087677831301216_6270685645530726400_n.jpg?_nc_cat=109&_nc_sid=1055be&_nc_ohc=7RMkzpnR5v0AX-ZO3Dq&_nc_ht=scontent-gru2-1.xx&oh=d5b3664c3d51bd2ffa9899f259ba4b85&oe=5EAF45F1,1316,2,1,0,18,134,True
2016-09-25T15:35:38+0000,904277726319518_1172841159463172,caminhada virada lula eduardo suplicy,caminhada virada lula eduardo suplicy,0,shared_story,https://scontent-gru2-2.xx.fbcdn.net/v/t15.5256-10/14356636_1087649657970700_3063853901724778496_n.jpg?_nc_cat=106&_nc_sid=1055be&_nc_ohc=Zc3IGvjBNBQAX8mljGf&_nc_ht=scontent-gru2-2.xx&oh=53040403cfdbff56d5490e993684e148&oe=5EAD7207,1150,2,2,1,7,146,True
2016-09-25T14:18:09+0000,904277726319518_1172765306137424,debate record hoje debate rede record partir h hora mostrar nao viu melhores propostas sao paulo hashtag melhorcomhaddad tamo junto,debate record hoje debate rede record partir h hora mostrar nao viu melhores propostas sao paulo hashtag melhorcomfh tamo junto,281,added_photos,https://scontent-gru2-1.xx.fbcdn.net/v/t1.0-9/p720x720/14492495_1172765306137424_1206430635618419656_n.jpg?_nc_cat=109&_nc_sid=2d5d41&_nc_ohc=rzSlkfer8y0AX8EyRHF&_nc_ht=scontent-gru2-1.xx&_nc_tp=6&oh=3a69c06f3d1a25fffba2c24769917255&oe=5EAFA427,1430,1,7,0,1,96,True
2016-09-25T11:37:26+0000,904277726319518_1172651586148796,ruas abertas cultura descentralizada pracas wifi passe livre estudantes parada lgbt calendario oficial cidade centro adocao caes gatos bracos abertos inumeras politicas continuarao porque continuaremos projeto cidade humana nao sera interrompido,ruas abertas cultura descentralizada pracas wifi passe livre estudantes parada lgbt calendario oficial cidade centro adocao caes gatos bracos abertos inumeras politicas continuarao porque continuaremos projeto cidade humana nao sera interrompido,799,added_photos,https://scontent-gru2-2.xx.fbcdn.net/v/t31.0-8/s720x720/14424706_1172651586148796_6012052701717577752_o.jpg?_nc_cat=100&_nc_sid=2d5d41&_nc_ohc=4kKNDofiRX8AX_9awbf&_nc_ht=scontent-gru2-2.xx&_nc_tp=7&oh=42332b025f4064251e3b2daab6c0c9cf&oe=5EACB2D8,3925,2,12,1,2,401,True
2016-09-25T00:41:12+0000,904277726319518_1172349729512315,obrigado apoio daniela mercury tamo junto canto cidade todos todas todos todas,obrigado apoio daniela mercury tamo junto canto cidade todos todas todos todas,405,added_photos,https://scontent-gru1-1.xx.fbcdn.net/v/t1.0-9/14457485_1172349729512315_2025297196487644844_n.png?_nc_cat=103&_nc_sid=2d5d41&_nc_ohc=5UGZS4X3MmcAX_EqTn1&_nc_ht=scontent-gru1-1.xx&oh=927259f741b75341a1c5ef843675116f&oe=5EAFFEC2,7523,8,21,1,4,730,True
2016-09-24T23:15:00+0000,904277726319518_1172122619535026,nao cartao mandando pobres hospitais madrugada problema saude sera resolvido questao precisa seriedade nao propostas sentido buscam apenas ganhar votos saude problemas hoje melhor assumi prefeitura so vamos conseguir resolver questao dando continuidade projetos acoes implementamos hospitais construindo,nao cartao mandando pobres hospitais madrugada problema saude sera resolvido questao precisa seriedade nao propostas sentido buscam apenas ganhar votos saude problemas hoje melhor assumi prefeitura so vamos conseguir resolver questao dando continuidade projetos acoes implementamos hospitais construindo,530,added_video,https://scontent-gru2-2.xx.fbcdn.net/v/t15.5256-10/14411622_1172148716199083_1754101893937758208_n.jpg?_nc_cat=105&_nc_sid=ad6a45&_nc_ohc=Ab0EUp6JgQAAX83Cw-0&_nc_ht=scontent-gru2-2.xx&oh=86792ef470aaf24939e4b36081c443ad&oe=5EAF2978,1831,1,4,0,2,149,True
2016-09-24T21:00:00+0000,904277726319518_1172110066202948,caminhada virada domingo sera bloco estara rua lula vamos virar jogo iremos segundo turno mano mano ganharemos eleicao amanha h jardim conquista,caminhada virada domingo sera bloco estara rua lula vamos virar jogo iremos segundo turno mano mano ganharemos eleicao amanha h jardim conquista,277,added_photos,https://scontent-gru1-1.xx.fbcdn.net/v/t31.0-8/p720x720/14425515_1172110066202948_4633859161818548767_o.jpg?_nc_cat=101&_nc_sid=2d5d41&_nc_ohc=BmP1z3wmqDkAX8h8FbH&_nc_ht=scontent-gru1-1.xx&_nc_tp=6&oh=be195f6ae9116543686b21ef1daf67e6&oe=5EAC3A8A,1667,11,11,2,6,151,True
2016-09-24T19:00:00+0000,904277726319518_1169431896470765,adversarios prometem melhorar saude educacao apoiam proposta governo federal congela gastos nessas areas nao faz sentido vao avancar saude educacao investimento vai ser prejudicado serio populacao precisa acordar entao vai ser tarde pessoas estarao aposentando anos posto saude nao vai funcionar bairro filho nao estara creche contra tudo gente luta contra tudo voce precisa engajar nenhum direito menos,adversarios prometem melhorar saude educacao apoiam proposta governo federal congela gastos nessas areas nao faz sentido vao avancar saude educacao investimento vai ser prejudicado serio populacao precisa acordar entao vai ser tarde pessoas estarao aposentando anos posto saude nao vai funcionar bairro filho nao estara creche contra tudo gente luta contra tudo voce precisa engajar nenhum direito menos,3525,added_video,https://scontent-gru2-2.xx.fbcdn.net/v/t15.5256-10/14411400_1169629649784323_856448098371633152_n.jpg?_nc_cat=100&_nc_sid=ad6a45&_nc_ohc=ZDOppHCCrswAX-_u2Ac&_nc_ht=scontent-gru2-2.xx&oh=d16c5f719c5ca479e22b4a2470f94ab9&oe=5EAE9B92,3542,4,21,5,6,225,True
2016-09-24T16:45:01+0000,904277726319518_1171359252944696,participe lista transmissao haddad saiba novidades compartilhe conteudo amigos familia salve numero celular whastapp envie mensagem haddad tamo junto pronto voce recebera todas informacoes sobre haddad campanha equipehaddad,participe lista transmissao fh saiba novidades compartilhe conteudo amigos familia salve numero celular whastapp envie mensagem fh tamo junto pronto voce recebera todas informacoes sobre fh campanha equipefh,64,added_photos,https://scontent-gru1-1.xx.fbcdn.net/v/t31.0-8/p720x720/14425391_1171359252944696_5062059052156040384_o.jpg?_nc_cat=108&_nc_sid=2d5d41&_nc_ohc=pZX48gqjvG0AX-fn9bS&_nc_ht=scontent-gru1-1.xx&_nc_tp=6&oh=7815e2ab48fa6130dc3b791bf928b3d5&oe=5EAFD948,472,0,4,0,3,35,True
2016-09-24T15:45:00+0000,904277726319518_1171358686278086,amigos amigas construindo cidade humana igualitaria celebra diversidade realiza politicas publicas inovadoras area educacao saude mobilidade urbana cultura habitacao neste momento direitos conquistas historicas sao ameacados convidamos todo campo democratico popular defender cidade direitos humanos democracia esperando voces la juntos vamos virar jogo,amigos amigas construindo cidade humana igualitaria celebra diversidade realiza politicas publicas inovadoras area educacao saude mobilidade urbana cultura habitacao neste momento direitos conquistas historicas sao ameacados convidamos todo campo democratico popular defender cidade direitos humanos democracia esperando voces la juntos vamos virar jogo,144,added_photos,https://scontent-gru1-1.xx.fbcdn.net/v/t1.0-9/14370134_1171358686278086_3817994924061307371_n.png?_nc_cat=101&_nc_sid=2d5d41&_nc_ohc=yLt6ta1V0eIAX9Vtnvx&_nc_ht=scontent-gru1-1.xx&oh=0cb9dab782b0e98128540500570652b9&oe=5EADDE59,1145,2,3,0,0,70,True
2016-09-24T13:30:00+0000,904277726319518_1171414269605861,feliz video apoio chico buarque gravou nao vamos deixar projeto cidade humana ser interrompido,feliz video apoio chico buarque gravou nao vamos deixar projeto cidade humana ser interrompido,30796,added_video,https://scontent-gru2-2.xx.fbcdn.net/v/t15.5256-10/14411609_1171415102939111_2624722864695148544_n.jpg?_nc_cat=102&_nc_sid=ad6a45&_nc_ohc=I6R--ndkV2wAX9rnueK&_nc_ht=scontent-gru2-2.xx&oh=3484fba5f714f44842532ced717dcf49&oe=5EAFB991,14572,44,43,9,78,2495,True
2016-09-24T12:00:00+0000,904277726319518_1171330629614225,nesta semana comemoramos dia mundial carro gestao investiu alternativas transporte acredito futuro transporte coletivo fizemos km corredores faixas exclusivas onibus alem ciclovias nesse sentido queremos sao paulo alinhada grandes cidades mundo,nesta semana comemoramos dia mundial carro gestao investiu alternativas transporte acredito futuro transporte coletivo fizemos km corredores faixas exclusivas onibus alem ciclovias nesse sentido queremos sao paulo alinhada grandes cidades mundo,72,added_photos,https://scontent-gru1-1.xx.fbcdn.net/v/t31.0-8/p720x720/14379994_1171330629614225_6222875823871072553_o.jpg?_nc_cat=108&_nc_sid=2d5d41&_nc_ohc=139yJRK2XIIAX95L4vI&_nc_ht=scontent-gru1-1.xx&_nc_tp=6&oh=b7b16966cfcdb046c12ad6a75cbc8eab&oe=5EAC6B51,949,12,2,0,0,101,True
2016-09-24T01:23:29+0000,904277726319518_1171490222931599,sesc pompeia assistindo rzo,sesc pompeia assistindo rzo,132,added_video,https://scontent-gru2-2.xx.fbcdn.net/v/t15.5256-10/14299221_1171493172931304_7811889244716138496_n.jpg?_nc_cat=100&_nc_sid=1055be&_nc_ohc=VfkGFQKR4KQAX_HMWTx&_nc_ht=scontent-gru2-2.xx&oh=31c7e9cad05576c4632c5dc373697bc0&oe=5EADB49D,1607,10,24,1,2,331,True
2016-09-23T22:10:41+0000,904277726319518_1171379652942656,gregorio duvivier declarou apoio candidatura agradeco reconhecimento principalmente realizacoes spcine ciclovias incentivo transporte coletivo certeza sonho sao paulo humana nao vai morrer nao vamos abandonar cidade,gregorio duvivier declarou apoio candidatura agradeco reconhecimento principalmente realizacoes spcine ciclovias incentivo transporte coletivo certeza sonho sao paulo humana nao vai morrer nao vamos abandonar cidade,2719,added_video,https://scontent-gru2-1.xx.fbcdn.net/v/t15.5256-10/14356548_1171381902942431_5952339306591813632_n.jpg?_nc_cat=109&_nc_sid=ad6a45&_nc_ohc=yKZvnaAiYE8AX-UyKbB&_nc_ht=scontent-gru2-1.xx&oh=d93e8564cbcce301e0ffc724b091a007&oe=5EAD1A4E,8491,52,17,5,14,1131,True
2016-09-23T20:31:01+0000,904277726319518_1169595886454366,carinho populacao lgbt recebeu ato desta semana voces sao incriveis transcidadania centros cidadania centros acolhida sao so comeco cidade ainda avancar diversidade voces dizem caminhar nesse sentido close certo,carinho populacao lgbt recebeu ato desta semana voces sao incriveis transcidadania centros cidadania centros acolhida sao so comeco cidade ainda avancar diversidade voces dizem caminhar nesse sentido close certo,184,added_video,https://scontent-gru1-1.xx.fbcdn.net/v/t15.5256-10/14299598_1169597583120863_6145409936361783296_n.jpg?_nc_cat=103&_nc_sid=ad6a45&_nc_ohc=4Dwvz-PDwycAX8DwEiK&_nc_ht=scontent-gru1-1.xx&oh=f07502c5b8fe7a8eb9b2fb11d884f357&oe=5EAED4FF,1606,8,5,0,0,347,True
2016-09-23T18:00:32+0000,904277726319518_1171236242956997,participacao certeza virada eleicao passada pesquisas indicavam nao iria segundo turno institutos errados viramos jogo ganhamos eleicoes vamos vez mostrar pesquisas estao erradas chegar segundo turno mano mano ganhar eleicoes,participacao certeza virada eleicao passada pesquisas indicavam nao iria segundo turno institutos errados viramos jogo ganhamos eleicoes vamos vez mostrar pesquisas estao erradas chegar segundo turno mano mano ganhar eleicoes,641,added_photos,https://scontent-gru2-1.xx.fbcdn.net/v/t31.0-8/p720x720/14444750_1171236242956997_4771182263033069391_o.png?_nc_cat=107&_nc_sid=2d5d41&_nc_ohc=ufhgjcQrNQAAX8qk3bm&_nc_ht=scontent-gru2-1.xx&oh=1cb73eead936b45c09c7078d88f6db4a&oe=5EAFCF80,3646,18,4,0,2,352,True
2016-09-23T14:54:28+0000,904277726319518_1171093069637981,acolher resgatar emocionante vale pena assistir sensibilizar conquistas outras pessoas problema drogas nao sao pessoas tratamento disseram gente precisavam apoio teto trabalho auxilio medico psicologico ouvimos hoje dois tercos beneficiados bracos abertos reduziram drasticamente uso drogas restabeleceram lacos familiares encontraram objetivos vida,acolher resgatar emocionante vale pena assistir sensibilizar conquistas outras pessoas problema drogas nao sao pessoas tratamento disseram gente precisavam apoio teto trabalho auxilio medico psicologico ouvimos hoje dois tercos beneficiados bracos abertos reduziram drasticamente uso drogas restabeleceram lacos familiares encontraram objetivos vida,1296,added_video,https://scontent-gru1-1.xx.fbcdn.net/v/t15.5256-10/14411309_1171100629637225_8579046334508564480_n.jpg?_nc_cat=104&_nc_sid=ad6a45&_nc_ohc=LC1irKTB-QUAX-ydVRx&_nc_ht=scontent-gru1-1.xx&oh=f3e8c488a8340d5d6dec6cc6de498580&oe=5EAC1700,972,1,3,0,1,157,True
2016-09-23T12:30:00+0000,904277726319518_1170618409685447,sao paulo recorde investimento melhorias diversas areas gestao praticamente tudo realizamos criamos periferias creches iluminacao corredores onibus hospitais trabalhando melhorar vida precisa vida acorda cedo trabalhar volta tarde casa sempre lado dessas pessoas vou continuar lutando,sao paulo recorde investimento melhorias diversas areas gestao praticamente tudo realizamos criamos periferias creches iluminacao corredores onibus hospitais trabalhando melhorar vida precisa vida acorda cedo trabalhar volta tarde casa sempre lado dessas pessoas vou continuar lutando,3331,added_video,https://scontent-gru1-1.xx.fbcdn.net/v/t15.5256-10/14356544_1170621416351813_3918972248156798976_n.jpg?_nc_cat=108&_nc_sid=ad6a45&_nc_ohc=Arj8E7lb0tIAX9fOhom&_nc_ht=scontent-gru1-1.xx&oh=42fc9470eb24705068729e5b9087cf48&oe=5EAFB861,2839,16,4,1,7,262,True
2016-09-23T11:00:01+0000,904277726319518_1170584379688850,debate sbt bom dia hoje estarei debate sbt partir h outra oportunidade analisar propostas perceber ideias consistentes construir cidade melhor vamos juntos virar jogo acompanhe twitter haddadfernando voudehaddad,debate sbt bom dia hoje estarei debate sbt partir h outra oportunidade analisar propostas perceber ideias consistentes construir cidade melhor vamos juntos virar jogo acompanhe twitter fhfh voudefh,142,added_photos,https://scontent-gru1-1.xx.fbcdn.net/v/t31.0-8/p720x720/14424754_1170584379688850_39053965214821717_o.jpg?_nc_cat=110&_nc_sid=2d5d41&_nc_ohc=OXZPZrLkz3IAX8_G4H2&_nc_ht=scontent-gru1-1.xx&_nc_tp=6&oh=b46ad246427cdbed85b72452b1c99046&oe=5EAF9455,1053,1,2,0,1,90,True
2016-09-23T00:00:00+0000,904277726319518_1170448223035799,jovens estao transformando sao paulo coletivos organizados poderiam chegar prefeitura falar igual igual propondo lei voces propuseram lei cultura periferica gente sancionou papel ouvir mediar dar oportunidade gente rumo certo nao podemos abandonar sao paulo,jovens estao transformando sao paulo coletivos organizados poderiam chegar prefeitura falar igual igual propondo lei voces propuseram lei cultura periferica gente sancionou papel ouvir mediar dar oportunidade gente rumo certo nao podemos abandonar sao paulo,1117,added_video,https://scontent-gru2-1.xx.fbcdn.net/v/t15.5256-10/14299641_1170490273031594_2811256665909755904_n.jpg?_nc_cat=107&_nc_sid=ad6a45&_nc_ohc=iLbkKRZl4AkAX8zq66R&_nc_ht=scontent-gru2-1.xx&oh=6a5c032cb2afa719cbc24bc2f7a57f1f&oe=5EAFA5AA,1410,0,6,0,0,163,True
2016-09-22T21:15:00+0000,904277726319518_1170494959697792,lado estao pessoas precisam saber jogo brasil emenda congela gastos sociais anos passar ninguem vai conseguir cumprir plano cidade preciso denunciar falar verdade candidatos sustentam atual governo federal estao dizendo coisa palanques fazendo outra congresso nacional,lado estao pessoas precisam saber jogo brasil emenda congela gastos sociais anos passar ninguem vai conseguir cumprir plano cidade preciso denunciar falar verdade candidatos sustentam atual governo federal estao dizendo coisa palanques fazendo outra congresso nacional,2870,added_video,https://scontent-gru1-1.xx.fbcdn.net/v/t15.5256-10/14411432_1170496613030960_5465696276181942272_n.jpg?_nc_cat=110&_nc_sid=ad6a45&_nc_ohc=8JLezi-FyN8AX8ydw_F&_nc_ht=scontent-gru1-1.xx&oh=997bd4d82922faa41eb69bd492d92de8&oe=5EAC60C7,2669,3,5,53,17,143,True
2016-09-22T19:39:42+0000,904277726319518_1170430273037594,deixamos sao paulo humana acessivel voce hoje existem alternativas viaveis carro onibus agil corredores exclusivos cidade viva reducao numero acidentes transito aproveite cidade via pense diferente sp,deixamos sao paulo humana acessivel voce hoje existem alternativas viaveis carro onibus agil corredores exclusivos cidade viva reducao numero acidentes transito aproveite cidade via pense diferente sp,111,added_video,https://scontent-gru2-2.xx.fbcdn.net/v/t15.5256-10/14356483_1170432173037404_6617625063522828288_n.jpg?_nc_cat=106&_nc_sid=ad6a45&_nc_ohc=IRvSpMPhEOsAX_G_B0B&_nc_ht=scontent-gru2-2.xx&oh=1c0df94e02c3c70577c9da229a7107b2&oe=5EAEA15F,787,1,3,0,2,78,True
2016-09-22T16:04:40+0000,904277726319518_1170288503051771,sobre bracos abertos epoca bracos abertos surgiu parceria proprios usuarios so construir politica publica desse peso maiores interessados consultados chamamos proprios moradores rua prefeitura disseram queriam tres coisas teto tratamento trabalho colocamos hoteis demos trabalho remunerado prontuarios referenciados unidades saude trabalham recebem onde dormir sao cuidados dois tercos beneficiados reduziram drasticamente consumo crack restabeleceram lacos familiares encontraram objetivo vida programa recuperacao sucesso levamos humanidade estendemos mao pessoas grande problema sao centenas kg droga chegam todas semanas usuario tratamento policiamento responsabilidade governo estadual coibir trafico deve colaborar constantemente,sobre bracos abertos epoca bracos abertos surgiu parceria proprios usuarios so construir politica publica desse peso maiores interessados consultados chamamos proprios moradores rua prefeitura disseram queriam tres coisas teto tratamento trabalho colocamos hoteis demos trabalho remunerado prontuarios referenciados unidades saude trabalham recebem onde dormir sao cuidados dois tercos beneficiados reduziram drasticamente consumo crack restabeleceram lacos familiares encontraram objetivo vida programa recuperacao sucesso levamos humanidade estendemos mao pessoas grande problema sao centenas kg droga chegam todas semanas usuario tratamento policiamento responsabilidade governo estadual coibir trafico deve colaborar constantemente,48,mobile_status_update,None,506,1,1,0,1,68,True
2016-09-22T15:03:25+0000,904277726319518_1170246736389281,investir transporte publico alternativas carro olhar futuro futuro transporte publico ciclovia mundo inteiro ja acontece todas metropoles mundiais voce vera prefeitos focados expansao faixas exclusivas onibus malha cicloviaria,investir transporte publico alternativas carro olhar futuro futuro transporte publico ciclovia mundo inteiro ja acontece todas metropoles mundiais voce vera prefeitos focados expansao faixas exclusivas onibus malha cicloviaria,164,added_photos,https://scontent-gru1-1.xx.fbcdn.net/v/t1.0-9/14440928_1170246736389281_5996400880364362343_n.jpg?_nc_cat=110&_nc_sid=2d5d41&_nc_ohc=xpuUAfRvz5MAX-vu7C1&_nc_ht=scontent-gru1-1.xx&oh=93eb0450d3370e2858959ee269f34b0e&oe=5EAECEBE,1182,1,1,0,0,111,True
2016-09-22T13:30:00+0000,904277726319518_1170175989729689,dia mundial carro surge objetivo fazer pessoas reflitam sobre uso excessivo carro problematicas decorrentes disso tais transitos incomensuraveis poluicao aqui apresentamos acoes comprovam mobilidade sao paulo melhorou sendo possivel viver carro,dia mundial carro surge objetivo fazer pessoas reflitam sobre uso excessivo carro problematicas decorrentes disso tais transitos incomensuraveis poluicao aqui apresentamos acoes comprovam mobilidade sao paulo melhorou sendo possivel viver carro,371,shared_story,https://external-gru1-1.xx.fbcdn.net/safe_image.php?d=AQBrPNFXg3_T_YtR&url=fbstaging%3A%2F%2Fgraph.facebook.com%2Fstaging_resources%2FMDExMTcwMTc1ODI2Mzk2MzcyOjI4MjEyMjY4NQ%3D%3D&_nc_hash=AQCKfRsrAbehUJBd,1486,3,2,0,4,171,True
2016-09-22T12:00:01+0000,904277726319518_1169703063110315,dia mundial carro ultimos anos comemorar data sao paulo tornou viavel ciclovias ciclofaixas corredores onibus bilhete unico mensal outras tantas acoes politicas publicas sao fato alternativas mobilidade urbana,dia mundial carro ultimos anos comemorar data sao paulo tornou viavel ciclovias ciclofaixas corredores onibus bilhete unico mensal outras tantas acoes politicas publicas sao fato alternativas mobilidade urbana,125,added_photos,https://scontent-gru2-2.xx.fbcdn.net/v/t31.0-8/p720x720/14372302_1169703063110315_2248040826371120100_o.jpg?_nc_cat=105&_nc_sid=2d5d41&_nc_ohc=5ACFUNKh728AX_Fzn9l&_nc_ht=scontent-gru2-2.xx&_nc_tp=6&oh=e9615b7bf17200aebf3c817756ab6410&oe=5EAF8500,1353,11,1,0,1,259,True
2016-09-21T23:21:25+0000,904277726319518_1169708329776455,plenaria juventude agradeco apoio juventude recebe tanto carinho mocada luta acredita construcao cidade diferente,plenaria juventude agradeco apoio juventude recebe tanto carinho mocada luta acredita construcao cidade diferente,183,added_video,https://scontent-gru2-1.xx.fbcdn.net/v/t15.5256-10/14356666_1169775603103061_7984918994442256384_n.jpg?_nc_cat=111&_nc_sid=1055be&_nc_ohc=0nIRONBKpxkAX9zwCF5&_nc_ht=scontent-gru2-1.xx&oh=045719a051404a9f2b3e2faf385f6ecc&oe=5EAD8ACC,841,2,4,0,1,219,True
2016-09-21T20:51:45+0000,904277726319518_1169464756467479,pessoas ariane richele vidas transformadas universidades levamos ceus numeros nao contam historias pessoas trazem resultados politicas prefeitura trajetorias coragem levar ensino superior periferias hoje sao mil pessoas ja beneficiadas cursos uniceus,pessoas ariane richele vidas transformadas universidades levamos ceus numeros nao contam historias pessoas trazem resultados politicas prefeitura trajetorias coragem levar ensino superior periferias hoje sao mil pessoas ja beneficiadas cursos uniceus,288,added_video,https://scontent-gru1-1.xx.fbcdn.net/v/t15.5256-10/14411733_1169473333133288_6514456182386589696_n.jpg?_nc_cat=104&_nc_sid=ad6a45&_nc_ohc=1CglBIOCxGQAX_AecAd&_nc_ht=scontent-gru1-1.xx&oh=b17aa0977885822d5710d63e88bb3372&oe=5EACA9F8,554,0,2,0,0,94,True
2016-09-21T18:12:44+0000,904277726319518_1169514019795886,carinho recebi homenagem voces sao incriveis certeza engajamento vamos virar jogo,carinho recebi homenagem voces sao incriveis certeza engajamento vamos virar jogo,7040,shared_story,https://external-gru1-1.xx.fbcdn.net/safe_image.php?url=http%3A%2F%2Fs14.postimg.org%2Fdnmgheh35%2FGif_Haddad_1.gif&_nc_hash=AQChaXrc3swSwIPo,10042,64,12,1,12,3238,True
2016-09-21T16:31:52+0000,904277726319518_1169409439806344,melhorias saude saude melhorar sao paulo preciso trabalho compromisso pessoas ainda desafios enfrentar sao bem menos comeco desta gestao exemplo conseguimos criar hospitais qualquer outro prefeito alem hospitais dia rede hora certa,melhorias saude saude melhorar sao paulo preciso trabalho compromisso pessoas ainda desafios enfrentar sao bem menos comeco desta gestao exemplo conseguimos criar hospitais qualquer outro prefeito alem hospitais dia rede hora certa,272,shared_story,https://external-gru1-1.xx.fbcdn.net/safe_image.php?d=AQChNNI_wYXNUF43&url=http%3A%2F%2Fhaddadsp.com.br%2Fwp-content%2Fuploads%2F2016%2F09%2Ffotodamat%C3%A9ria-fabio-arantes-secom.jpg&_nc_hash=AQCWvhpSXgD81VOM,1022,1,3,0,1,120,True
2016-09-21T14:20:08+0000,904277726319518_1169354446478510,recebendo videos apoio voces enviaram todo carinho videos apoio whatsapp participe lista transmissao whatsapp salve numero celular whastapp envie mensagem haddad tamo junto,recebendo videos apoio voces enviaram todo carinho videos apoio whatsapp participe lista transmissao whatsapp salve numero celular whastapp envie mensagem fh tamo junto,60,added_photos,https://scontent-gru2-2.xx.fbcdn.net/v/t31.0-0/p480x480/14372110_1169354446478510_1106391761179284561_o.jpg?_nc_cat=102&_nc_sid=2d5d41&_nc_ohc=HKswmKJSOQIAX9h7IQB&_nc_ht=scontent-gru2-2.xx&_nc_tp=6&oh=9475277ce3f265298ea7347d52c3e2e4&oe=5EADD2FD,880,9,2,0,1,164,True
2016-09-21T12:30:00+0000,904277726319518_1167928289954459,jogo sao inumeras conquistas recordes alcancamos varios setores vagas educacao infantil hospitais construcao politicas igualdade hora ir rua ir luta ganhar eleicao tamo junto,jogo sao inumeras conquistas recordes alcancamos varios setores vagas educacao infantil hospitais construcao politicas igualdade hora ir rua ir luta ganhar eleicao tamo junto,2163,added_video,https://scontent-gru1-1.xx.fbcdn.net/v/t15.5256-10/14356740_1167929453287676_1627458374_n.jpg?_nc_cat=108&_nc_sid=ad6a45&_nc_ohc=oQo8VGmK-mAAX_e9xy3&_nc_ht=scontent-gru1-1.xx&oh=3f439894d3f70a245ae5f0a0fb3ab1a6&oe=5EACA92B,2183,2,4,1,3,212,True
2016-09-20T23:46:05+0000,904277726319518_1168843636529591,lgbt haddad cidade humana tambem cidade busca igualdade respeita diversidade agradeco todo apoio comunidade lgbt,lgbt fh cidade humana tambem cidade busca igualdade respeita diversidade agradeco todo apoio comunidade lgbt,188,added_video,https://scontent-gru2-1.xx.fbcdn.net/v/t15.5256-10/14411726_1168877646526190_4744815977240199168_n.jpg?_nc_cat=111&_nc_sid=1055be&_nc_ohc=CEQkxYCq4kQAX-eY7Th&_nc_ht=scontent-gru2-1.xx&oh=b262439d5a07efe65aa18a1be9037df8&oe=5EAC35B6,1359,9,3,0,5,346,True
2016-09-20T21:02:11+0000,904277726319518_1168738609873427,obrigado carinho apoio reconhecimento laerte coutinho avancamos diversidade pauta lgbt gracas movimentos liderancas ainda ha ser feito hoje h estaremos reunidos encontro lgbt haddad discutir avancos proxima gestao felipe paula canal bee hoje quero voltar sozinho rico dalasam julian rodrigues rogerio sottili francisco sales rodrigues saletecampari campari,obrigado carinho apoio reconhecimento laerte coutinho avancamos diversidade pauta lgbt gracas movimentos liderancas ainda ha ser feito hoje h estaremos reunidos encontro lgbt fh discutir avancos proxima gestao felipe paula canal bee hoje quero voltar sozinho rico dalasam julian rodrigues rogerio sottili francisco sales rodrigues saletecampari campari,547,added_video,https://scontent-gru1-1.xx.fbcdn.net/v/t15.5256-10/14356587_1168747123205909_572212653_n.jpg?_nc_cat=104&_nc_sid=ad6a45&_nc_ohc=y1pd-Ubt-5gAX9t2RRP&_nc_ht=scontent-gru1-1.xx&oh=37c3175c89941fc93a8ffe4cfc6d7c0b&oe=5EAFCEB5,2632,4,3,0,2,346,True
2016-09-20T14:58:09+0000,904277726319518_1168488326565122,pessoas precisam saber jogo brasil emenda congela gastos sociais anos passar ninguem vai conseguir cumprir plano cidade preciso denunciar falar verdade candidatos sustentam atual governo federal estao dizendo coisa palanques fazendo outra congresso nacional,pessoas precisam saber jogo brasil emenda congela gastos sociais anos passar ninguem vai conseguir cumprir plano cidade preciso denunciar falar verdade candidatos sustentam atual governo federal estao dizendo coisa palanques fazendo outra congresso nacional,16439,added_video,https://scontent-gru2-2.xx.fbcdn.net/v/t15.5256-10/14299661_1168499476564007_932468931_n.jpg?_nc_cat=105&_nc_sid=ad6a45&_nc_ohc=nuwgeM2waQEAX-JusEZ&_nc_ht=scontent-gru2-2.xx&oh=39bfcc3c756b3da8c95cb3785b034ac8&oe=5EAF0F13,7612,11,85,25,23,448,True
2016-09-20T12:30:01+0000,904277726319518_1167804676633487,falar sao paulo humana justamente tornar cidade espaco acolhimento independente genero etnia sexualidade idade poder aquisitivo etc queremos trans saia rua durante dia estudar ter medo algum ataque estao processo recuperacao bracos abertos consigam trabalhar alcancar objetivo vai tiralo vicio nesse sentido caminha forma gestao sao paulo gente luta,falar sao paulo humana justamente tornar cidade espaco acolhimento independente genero etnia sexualidade idade poder aquisitivo etc queremos trans saia rua durante dia estudar ter medo algum ataque estao processo recuperacao bracos abertos consigam trabalhar alcancar objetivo vai tiralo vicio nesse sentido caminha forma gestao sao paulo gente luta,351,added_photos,https://scontent-gru2-1.xx.fbcdn.net/v/t31.0-8/p720x720/14379776_1167804676633487_6104043909291832658_o.jpg?_nc_cat=109&_nc_sid=2d5d41&_nc_ohc=E9MEiWpGonEAX-VWo2h&_nc_ht=scontent-gru2-1.xx&_nc_tp=6&oh=a9e068c53ce968a374e86b805c67f481&oe=5EAFAC53,1870,5,5,0,3,173,True
2016-09-20T11:30:00+0000,904277726319518_1167931606620794,saiba tudo sobre campanha participe lista transmissao whatsapp salve numero celular whastapp envie mensagem haddad tamo junto pronto voce recebera todas informacoes sobre haddad campanha equipehaddad,saiba tudo sobre campanha participe lista transmissao whatsapp salve numero celular whastapp envie mensagem fh tamo junto pronto voce recebera todas informacoes sobre fh campanha equipefh,73,added_photos,https://scontent-gru2-1.xx.fbcdn.net/v/t31.0-8/p720x720/14380042_1167931606620794_8302551726517062111_o.jpg?_nc_cat=109&_nc_sid=2d5d41&_nc_ohc=qWnncFUPOVsAX8P9-4e&_nc_ht=scontent-gru2-1.xx&_nc_tp=6&oh=6a08fdf2c1dba7123811b15353a1faae&oe=5EAC80A2,386,3,3,0,2,30,True
2016-09-20T00:00:00+0000,904277726319518_1167924163288205,passe livre desempregado trabalhador desempregado nao pode gastar procurar trabalho lancaremos passe livre desempregado porque entendemos prefeitura deve estar lado trabalhador nesses momentos dificeis colaborando precisa,passe livre desempregado trabalhador desempregado nao pode gastar procurar trabalho lancaremos passe livre desempregado porque entendemos prefeitura deve estar lado trabalhador nesses momentos dificeis colaborando precisa,444,added_video,https://scontent-gru2-1.xx.fbcdn.net/v/t15.5256-10/14411355_1167927446621210_2143076719_n.jpg?_nc_cat=111&_nc_sid=ad6a45&_nc_ohc=viOVnL2h_NQAX9YRVR0&_nc_ht=scontent-gru2-1.xx&oh=0fd49dab81e4741a93a93b216777dc35&oe=5EAF04DC,1776,0,11,0,2,120,True
2016-09-19T22:15:35+0000,904277726319518_1167931949954093,plenaria sindicalistas vivemos momento intensa luta politica contra medidas propostas governo temer atacam direitos conquistados duras penas trabalhadores juntos nessa luta tambem agradeco empenho companheiras companheiros defender projeto cidade queremos sao paulo cada vez inclusiva humana,plenaria sindicalistas vivemos momento intensa luta politica contra medidas propostas governo temer atacam direitos conquistados duras penas trabalhadores juntos nessa luta tambem agradeco empenho companheiras companheiros defender projeto cidade queremos sao paulo cada vez inclusiva humana,271,added_video,https://scontent-gru2-2.xx.fbcdn.net/v/t15.5256-10/14411281_1167981816615773_397939310_n.jpg?_nc_cat=105&_nc_sid=1055be&_nc_ohc=zACCa_TRSTYAX-6oBjl&_nc_ht=scontent-gru2-2.xx&oh=3b2d04829a4b80d7dc0ba0dcc6933999&oe=5EAC86B7,1076,6,5,2,4,183,True
2016-09-19T20:00:00+0000,904277726319518_1157001487713806,vamos virar jogo juntos voces acredito capazes grande virada nao so eleicoes tambem proximos anos sao paulo voce concorda modelo cidade gente quer colabore ideias voluntariado financeiramente,vamos virar jogo juntos voces acredito capazes grande virada nao so eleicoes tambem proximos anos sao paulo voce concorda modelo cidade gente quer colabore ideias voluntariado financeiramente,156,added_video,https://scontent-gru1-1.xx.fbcdn.net/v/t15.5256-10/14299405_1157012137712741_1937738600_n.jpg?_nc_cat=110&_nc_sid=ad6a45&_nc_ohc=2TUhW9kDyZMAX-wOiP9&_nc_ht=scontent-gru1-1.xx&oh=af48d8f25fae93030e513a1d9e063016&oe=5EAC723C,1016,1,2,1,1,56,True
2016-09-19T16:30:00+0000,904277726319518_1167697786644176,deixamos ceus melhores levamos faculdades cinemas queremos deixalos ainda completos imagine alem conhecimento voce poder adquirir experiencia profissional ser remunerado proposta levar cursos profissionalizantes estudante sobretudo periferia chegue mercado trabalho concorra pe igualdade outras pessoas,deixamos ceus melhores levamos faculdades cinemas queremos deixalos ainda completos imagine alem conhecimento voce poder adquirir experiencia profissional ser remunerado proposta levar cursos profissionalizantes estudante sobretudo periferia chegue mercado trabalho concorra pe igualdade outras pessoas,121,shared_story,https://external-gru1-1.xx.fbcdn.net/safe_image.php?d=AQBcYO_i42yoq2YP&url=http%3A%2F%2Fs22.postimg.org%2F79zdzu9xt%2FGif_Cursos_animado.gif&_nc_hash=AQCtOGLe2DmLbFP6,550,0,1,0,1,33,True
2016-09-19T13:08:40+0000,904277726319518_1167590796654875,completamos anos casamento semana conhece ana estela sabe privilegio acompanhar trajetoria mulher profissional militante voce incrivel amor,completamos anos casamento semana conhece ana estela sabe privilegio acompanhar trajetoria mulher profissional militante voce incrivel amor,713,added_photos,https://scontent-gru2-2.xx.fbcdn.net/v/t31.0-8/s720x720/14362462_1167590796654875_4633177185175649188_o.jpg?_nc_cat=105&_nc_sid=2d5d41&_nc_ohc=VsaWvvvX3RIAX8EZ8i6&_nc_ht=scontent-gru2-2.xx&_nc_tp=7&oh=6dd9dc414ff8934b5cefcc3b83961b31&oe=5EAE15DD,13210,11,43,1,4,2109,True
2016-09-19T11:54:39+0000,904277726319518_1167545916659363,nao sentido acabar politica publica otimos resultados recomendacao referencia orgaos mundiais salvado vida muitas pessoas falando reducao velocidade vias bracos abertos transcidadania adversarios prometem estao sendo irresponsaveis vida humana causa alguns votos nao vou fazer colocar risco vida futuro pessoas politica nao sentido nao acabei politica publica dando certo prefeitura ministerio contrario melhorei avancei,nao sentido acabar politica publica otimos resultados recomendacao referencia orgaos mundiais salvado vida muitas pessoas falando reducao velocidade vias bracos abertos transcidadania adversarios prometem estao sendo irresponsaveis vida humana causa alguns votos nao vou fazer colocar risco vida futuro pessoas politica nao sentido nao acabei politica publica dando certo prefeitura ministerio contrario melhorei avancei,3122,added_photos,https://scontent-gru2-2.xx.fbcdn.net/v/t1.0-9/p720x720/14333773_1167545916659363_4867606252920509198_n.png?_nc_cat=100&_nc_sid=2d5d41&_nc_ohc=NucW_gQsx3wAX-gcBQJ&_nc_ht=scontent-gru2-2.xx&oh=4337bc2b363b66c362947cad4fb1857c&oe=5EAEA84D,8032,6,10,26,1,705,True
2016-09-18T22:26:43+0000,904277726319518_1167117743368847,mapa transformacao alem endereco creches site voce encontra mapa localidade todas melhorias transformacoes fizemos cidade acesse wwwhaddadspcombr,mapa transformacao alem endereco creches site voce encontra mapa localidade todas melhorias transformacoes fizemos cidade acesse wwwfhspcombr,301,added_photos,https://scontent-gru2-1.xx.fbcdn.net/v/t1.0-9/p720x720/14292510_1167117743368847_2686184575881313369_n.jpg?_nc_cat=107&_nc_sid=2d5d41&_nc_ohc=XeDBupHyZ-gAX9NVUaI&_nc_ht=scontent-gru2-1.xx&_nc_tp=6&oh=533c22d4fe37f87325cfedef9f6cad7e&oe=5EADB686,1279,6,6,0,0,69,True
2016-09-18T18:03:43+0000,904277726319518_1166785960068692,educacao formas nobres apresentar mundo outra maneira colegas professores sabem bem disso iniciamos transformacao cidade sao paulo atraves ensino oportunidade fazer diferente certeza vamos continuar mudanca melhor,educacao formas nobres apresentar mundo outra maneira colegas professores sabem bem disso iniciamos transformacao cidade sao paulo atraves ensino oportunidade fazer diferente certeza vamos continuar mudanca melhor,400,added_video,https://scontent-gru1-1.xx.fbcdn.net/v/t15.5256-10/14299418_1166799173400704_2059417179_n.jpg?_nc_cat=104&_nc_sid=ad6a45&_nc_ohc=NHt10Dv-CO0AX8YcBt2&_nc_ht=scontent-gru1-1.xx&oh=c8743d217f42f1c7e2d093884821e5bc&oe=5EACF5A4,805,0,1,0,1,48,True
2016-09-18T14:48:15+0000,904277726319518_1166785430068745,debate hoje estarei debate tv gazeta estadao twitter oportunidade voce conferir propostas perceber nao ha plano governo consistente vemcomhaddad partir h,debate hoje estarei debate tv gazeta estadao twitter oportunidade voce conferir propostas perceber nao ha plano governo consistente vemcomfh partir h,203,added_photos,https://scontent-gru2-1.xx.fbcdn.net/v/t31.0-8/p720x720/14324453_1166785430068745_188380958006599291_o.jpg?_nc_cat=107&_nc_sid=2d5d41&_nc_ohc=aIMLHzjQwWEAX-FYchT&_nc_ht=scontent-gru2-1.xx&_nc_tp=6&oh=91df69513e1e44467b3e55228abbf53b&oe=5EAC8328,1076,0,4,0,0,59,True
2016-09-18T13:00:00+0000,904277726319518_1165249470222341,dia ocupar ruas abrimos ruas colocamos wifi pracas aproveite domingo ocupar espacos sabendo proxima gestao manteremos ruas abertas abriremos pracas wifi criaremos parque interlagos bom dia,dia ocupar ruas abrimos ruas colocamos wifi pracas aproveite domingo ocupar espacos sabendo proxima gestao manteremos ruas abertas abriremos pracas wifi criaremos parque interlagos bom dia,129,added_photos,https://scontent-gru1-1.xx.fbcdn.net/v/t1.0-9/14370203_1165249470222341_2799815577335448677_n.png?_nc_cat=104&_nc_sid=2d5d41&_nc_ohc=isoAJ6gvw9kAX9uCZCR&_nc_ht=scontent-gru1-1.xx&oh=92a339f4a33f2fceb7b7951047d2afa6&oe=5EAE22F1,837,0,3,0,0,46,True
2016-09-17T23:00:11+0000,904277726319518_1166116893468932,assumi prefeitura pessoas feriam morriam todo dia transito sao paulo nao podia omitir tomei decisao cabia reduzir velocidade maxima ruas fiscalizar adversarios sao irresponsaveis tratam assunto reduzir velocidade preservou vidas reduziu drasticamente acidentes tudo reparavel menos pessoa perder vida ficar cadeira rodas nao existe industria multa existia industria morte mutilacao nao vou colocar vida familia risco pra ter votos eleicao,assumi prefeitura pessoas feriam morriam todo dia transito sao paulo nao podia omitir tomei decisao cabia reduzir velocidade maxima ruas fiscalizar adversarios sao irresponsaveis tratam assunto reduzir velocidade preservou vidas reduziu drasticamente acidentes tudo reparavel menos pessoa perder vida ficar cadeira rodas nao existe industria multa existia industria morte mutilacao nao vou colocar vida familia risco pra ter votos eleicao,3312,added_video,https://scontent-gru1-1.xx.fbcdn.net/v/t15.5256-10/14411262_1166171863463435_1900965011_n.jpg?_nc_cat=101&_nc_sid=ad6a45&_nc_ohc=UGLvgAjAITMAX-nTCtE&_nc_ht=scontent-gru1-1.xx&oh=cf2e72cd0ad0ee66c592e7617f821bd4&oe=5EAD674A,4249,0,21,6,2,419,True
2016-09-17T20:25:35+0000,904277726319518_1166168396797115,digo toda conviccao nunca olharam populacao lgbt gente olhou criamos inumeros programas centros cidadania transcidadania enxergamos pessoas demos condicoes estudarem profissionalizarem queremos passem porta residencia continuem sentindo casa continuem sendo mesmas,digo toda conviccao nunca olharam populacao lgbt gente olhou criamos inumeros programas centros cidadania transcidadania enxergamos pessoas demos condicoes estudarem profissionalizarem queremos passem porta residencia continuem sentindo casa continuem sendo mesmas,268,added_photos,https://scontent-gru2-1.xx.fbcdn.net/v/t1.0-9/p720x720/14344129_1166168396797115_2199935299415870267_n.jpg?_nc_cat=111&_nc_sid=2d5d41&_nc_ohc=Nj1fsPtE-hAAX8kAsiK&_nc_ht=scontent-gru2-1.xx&_nc_tp=6&oh=c8d60da919e236d8bb7af65376ed275e&oe=5EAC6531,2207,3,4,0,1,318,True
2016-09-17T17:31:48+0000,904277726319518_1166040386809916,aniversario sao miguel,aniversario sao miguel,163,added_video,https://scontent-gru2-2.xx.fbcdn.net/v/t15.5256-10/14299548_1166045546809400_721690398_n.jpg?_nc_cat=100&_nc_sid=1055be&_nc_ohc=0mAp_3JePxQAX-4rcmZ&_nc_ht=scontent-gru2-2.xx&oh=3b71546d4729b3f1e9fcf41236167705&oe=5EAC4919,1655,14,1,0,9,265,True
2016-09-17T16:52:22+0000,904277726319518_1166010860146202,vamos virar jogo juntos voce pode enviar videos apoio numeros conto voces,vamos virar jogo juntos voce pode enviar videos apoio numeros conto voces,364,added_photos,https://scontent-gru1-1.xx.fbcdn.net/v/t1.0-9/14316803_1166010860146202_5942901277345810576_n.jpg?_nc_cat=101&_nc_sid=2d5d41&_nc_ohc=qXvy5CQXVUMAX9PyWj3&_nc_ht=scontent-gru1-1.xx&oh=9bac3273cf18b9da3291ff0911aef5d4&oe=5EAC6744,2639,2,4,0,4,154,True
2016-09-17T12:30:01+0000,904277726319518_1165254806888474,spcine cinema ferramenta importante formacao pessoas aproveite sabado ir circuito spcine criamos objetivo aproximar arte pessoas sobretudo nao acesso hoje sao salas cinema sessoes semanais expectativa mil espectadores ano,spcine cinema ferramenta importante formacao pessoas aproveite sabado ir circuito spcine criamos objetivo aproximar arte pessoas sobretudo nao acesso hoje sao salas cinema sessoes semanais expectativa mil espectadores ano,310,added_photos,https://scontent-gru1-1.xx.fbcdn.net/v/t1.0-9/p720x720/14370160_1165254806888474_6920354378376148263_n.png?_nc_cat=103&_nc_sid=2d5d41&_nc_ohc=ymA_sxwiv6UAX8FEkzc&_nc_ht=scontent-gru1-1.xx&oh=215400ec40fda79e2d8ec6da463074f8&oe=5EAEBC9F,1515,1,4,0,0,166,True
2016-09-16T22:33:52+0000,904277726319518_1165377683542853,educacao haddad prazer grande responsabilidade receber apoio educadores liderancas lutam educacao sao paulo,educacao fh prazer grande responsabilidade receber apoio educadores liderancas lutam educacao sao paulo,478,added_video,https://scontent-gru2-2.xx.fbcdn.net/v/t15.5256-10/14270856_1165468740200414_1224334990_n.jpg?_nc_cat=105&_nc_sid=1055be&_nc_ohc=tAMEYz7D3HYAX9QtRnL&_nc_ht=scontent-gru2-2.xx&oh=0120605be20226142e3ead7484901891&oe=5EAF8E8F,1723,15,6,1,15,344,True
2016-09-16T17:54:52+0000,904277726319518_1165155860231702,voces acredito capazes grande virada nao so eleicoes tambem proximos anos sao paulo acredito voces nao virada nao sera possivel nao faria menor sentido cidade,voces acredito capazes grande virada nao so eleicoes tambem proximos anos sao paulo acredito voces nao virada nao sera possivel nao faria menor sentido cidade,6410,added_video,https://scontent-gru2-2.xx.fbcdn.net/v/t15.5256-10/14270907_1165173540229934_898146328_n.jpg?_nc_cat=102&_nc_sid=ad6a45&_nc_ohc=8BifeTm5hIsAX83uFCg&_nc_ht=scontent-gru2-2.xx&oh=3bf88c1462c4ce219b5fa008a4c4c20b&oe=5EAEEADF,6363,12,17,4,27,793,True
2016-09-16T16:43:01+0000,904277726319518_1165076620239626,acoes comprovam sp melhorou mobilidade muitas acoes tiraram posicao cidade congestionada mundo hoje objetivo cair nesse ranking melhorando vida cada cidadao,acoes comprovam sp melhorou mobilidade muitas acoes tiraram posicao cidade congestionada mundo hoje objetivo cair nesse ranking melhorando vida cada cidadao,357,shared_story,https://external-gru1-1.xx.fbcdn.net/safe_image.php?d=AQAF9FoRz-y3tYEX&url=http%3A%2F%2Fhaddadsp.com.br%2Fwp-content%2Fuploads%2F2016%2F09%2Fcapao_faixa_oni77.jpg&_nc_hash=AQDKfTAoF2edaUkR,2211,9,5,0,1,134,True
2016-09-16T13:45:00+0000,904277726319518_1164419606971994,investimentos area social prejudicados caminhei jardim jaqueline conversamos sobre melhorar vida precisa curso emenda constitucional congela gastos sociais anos cidades nao vao poder investir investe saude educacao exemplo nao vai ter dinheiro avancar contratacao medicos abertura hospitais criacao expansao vagas creches medida irresponsavel precisam adversarios apoiam,investimentos area social prejudicados caminhei jardim jaqueline conversamos sobre melhorar vida precisa curso emenda constitucional congela gastos sociais anos cidades nao vao poder investir investe saude educacao exemplo nao vai ter dinheiro avancar contratacao medicos abertura hospitais criacao expansao vagas creches medida irresponsavel precisam adversarios apoiam,320,added_video,https://scontent-gru1-1.xx.fbcdn.net/v/t15.5256-10/14270872_1164438586970096_2140123346_n.jpg?_nc_cat=108&_nc_sid=ad6a45&_nc_ohc=4UVwGXw8WXIAX8WKhnR&_nc_ht=scontent-gru1-1.xx&oh=ae0753354f55c440a167a5d44ec21038&oe=5EAC802A,652,2,2,18,4,26,True
2016-09-16T12:24:44+0000,904277726319518_1164712006942754,bom dia nesta semana movimentos mulheres reafirmo disse caminhada todo avanco cidade gente deve voces gracas protagonismo forca mulheres conseguimos implementar guardia maria penha paridade genero conselhos exemplo assim cumprimos programa voces propuseram tambem sera totalmente cumprido,bom dia nesta semana movimentos mulheres reafirmo disse caminhada todo avanco cidade gente deve voces gracas protagonismo forca mulheres conseguimos implementar guardia maria penha paridade genero conselhos exemplo assim cumprimos programa voces propuseram tambem sera totalmente cumprido,71,added_photos,https://scontent-gru1-1.xx.fbcdn.net/v/t1.0-9/14344746_1164712006942754_810556003407244877_n.png?_nc_cat=110&_nc_sid=2d5d41&_nc_ohc=yBCQdryFir8AX_3yDiC&_nc_ht=scontent-gru1-1.xx&oh=1be8807a5036264ee9032fa5a36aac6b&oe=5EAD936D,1263,2,1,0,0,179,True
2016-09-15T19:33:44+0000,904277726319518_1164297300317558,hora certa movel candidato dizendo vai criar servico saude movel ja existe ha anos hora certa movel criamos hospitais dia hora certa sendo fixos moveis quais voce faz exame consultas cirurgias lugar bom prometem gente ja faz,hora certa movel candidato dizendo vai criar servico saude movel ja existe ha anos hora certa movel criamos hospitais dia hora certa sendo fixos moveis quais voce faz exame consultas cirurgias lugar bom prometem gente ja faz,154,added_video,https://scontent-gru2-2.xx.fbcdn.net/v/t15.5256-10/14299490_1164307203649901_380277374_n.jpg?_nc_cat=102&_nc_sid=ad6a45&_nc_ohc=nUje2T1HLasAX91472w&_nc_ht=scontent-gru2-2.xx&oh=c329e9b2435b9a9ac25a8ea350279c4d&oe=5EAD941B,498,4,0,0,1,30,True
2016-09-15T16:22:29+0000,904277726319518_1164123483668273,motivos escolher haddad jeito divertido criaram mostrar parte seriedade cumprir realizar vale leitura,motivos escolher fh jeito divertido criaram mostrar parte seriedade cumprir realizar vale leitura,785,shared_story,https://external-gru1-1.xx.fbcdn.net/safe_image.php?d=AQBnc8q1nU6scPnJ&url=https%3A%2F%2Fimg.buzzfeed.com%2Fbuzzfeed-static%2Fstatic%2F2016-09%2F15%2F11%2Fasset%2Fbuzzfeed-prod-web11%2Fsub-buzz-27565-1473953912-1.jpg%3Fresize%3D625%253A416&_nc_hash=AQBcWtan6znxKNJx,4292,39,6,1,9,411,True
2016-09-15T14:32:46+0000,904277726319518_1164040320343256,proposta cursos profissionalizantes melhoramos ceus inserimos faculdades cinemas proxima gestao iremos alem vamos disponibilizar cursos tecnicos profissionalizantes tempo alunos aprenderao teoria pratica serao remunerados jovem vai entrar mercado trabalho formacao profissional experiencia trabalho,proposta cursos profissionalizantes melhoramos ceus inserimos faculdades cinemas proxima gestao iremos alem vamos disponibilizar cursos tecnicos profissionalizantes tempo alunos aprenderao teoria pratica serao remunerados jovem vai entrar mercado trabalho formacao profissional experiencia trabalho,95,added_photos,https://scontent-gru2-2.xx.fbcdn.net/v/t31.0-8/p720x720/14372317_1164040320343256_7305361092822577936_o.png?_nc_cat=100&_nc_sid=2d5d41&_nc_ohc=f3YFyeXteggAX-Ks68r&_nc_ht=scontent-gru2-2.xx&oh=455382bdefd6a1126d51e4fd9b2243cf&oe=5EACB42B,542,0,4,0,1,29,True
2016-09-15T12:26:57+0000,904277726319518_1163968923683729,lado candidato ja parou pensar quais interesses outros candidatos defendem direito empresarios querem voce trabalhe tempo direito acorda cedo pegar batente nao fiz politica meio vida politica ajudar precisam povo,lado candidato ja parou pensar quais interesses outros candidatos defendem direito empresarios querem voce trabalhe tempo direito acorda cedo pegar batente nao fiz politica meio vida politica ajudar precisam povo,370,added_video,https://scontent-gru2-2.xx.fbcdn.net/v/t15.5256-10/14299663_1163976503682971_963472193_n.jpg?_nc_cat=106&_nc_sid=ad6a45&_nc_ohc=KYIwHK5VJWwAX97y5fC&_nc_ht=scontent-gru2-2.xx&oh=3e1a8c9e7b647daedfc9401e3ac17875&oe=5EAEA155,968,4,4,0,11,78,True
2016-09-14T23:30:00+0000,904277726319518_1158885484192073,numeros nao contam historias hirlene galbine fico emocionado relatos so dao certeza acertamos criacao politica publica cinema sobretudo brasileiro ferramenta importante formacao pessoas terco classes d nunca cinema spcine nasceu fazer ponte filme pessoas principalmente nao acesso hoje sao salas cinema sessoes semanais expectativa mil espectadores ano,numeros nao contam historias hirlene galbine fico emocionado relatos so dao certeza acertamos criacao politica publica cinema sobretudo brasileiro ferramenta importante formacao pessoas terco classes d nunca cinema spcine nasceu fazer ponte filme pessoas principalmente nao acesso hoje sao salas cinema sessoes semanais expectativa mil espectadores ano,133,added_video,https://scontent-gru1-1.xx.fbcdn.net/v/t15.5256-10/14173838_1158891820858106_837739284_n.jpg?_nc_cat=101&_nc_sid=ad6a45&_nc_ohc=QkM_RrwZX8oAX-UGZ3z&_nc_ht=scontent-gru1-1.xx&oh=1350aea7918a3fbbf9cc5f1ada8d2ad6&oe=5EAD81B2,424,1,2,0,2,55,True
2016-09-14T18:30:00+0000,904277726319518_1163346930412595,tecnologia fablab investimos tecnologia tornar cidade dinamica funcional fablab conseguimos ser maior rede publica fabricacao digital mundo espalhados regioes sao paulo hoje formamos quase mil profissionais capacitados area,tecnologia fablab investimos tecnologia tornar cidade dinamica funcional fablab conseguimos ser maior rede publica fabricacao digital mundo espalhados regioes sao paulo hoje formamos quase mil profissionais capacitados area,234,added_video,https://scontent-gru1-1.xx.fbcdn.net/v/t15.5256-10/14299328_1163358417078113_870889112_n.jpg?_nc_cat=108&_nc_sid=ad6a45&_nc_ohc=Jbetw3cG8jEAX81HkVb&_nc_ht=scontent-gru1-1.xx&oh=516d972a31fc99a6f308d9ee438dbd50&oe=5EAF040F,494,0,4,0,1,35,True
2016-09-14T14:52:40+0000,904277726319518_1163240100423278,hospital parelheiros visita inspecao aniversariante dia alexandre padilha feliz presente,hospital parelheiros visita inspecao aniversariante dia alexandre padilha feliz presente,738,added_video,https://scontent-gru1-1.xx.fbcdn.net/v/t15.5256-10/14299315_1163250343755587_1461032409_n.jpg?_nc_cat=108&_nc_sid=1055be&_nc_ohc=kjt0qDrBEDwAX8hA9m2&_nc_ht=scontent-gru1-1.xx&oh=c9baed0f9d541bc86dfb941f1e46e2fa&oe=5EAC2A9E,1392,14,7,2,14,206,True
2016-09-14T14:42:52+0000,904277726319518_1163235627090392,politicas pessoas deficiencia vagas escolas acesso cidade capacitacao professores outras politicas orgaos nao sao penduricalhos afirma candidato psdb sim acoes necessarias garantir igualdade oportunidades,politicas pessoas deficiencia vagas escolas acesso cidade capacitacao professores outras politicas orgaos nao sao penduricalhos afirma candidato psdb sim acoes necessarias garantir igualdade oportunidades,152,shared_story,https://external-gru1-1.xx.fbcdn.net/safe_image.php?d=AQD1UsJRs6yjL5QB&url=http%3A%2F%2Fhaddadsp.com.br%2Fwp-content%2Fuploads%2F2016%2F09%2Fhaddadcadeirantes.jpg&_nc_hash=AQDn39-44f4DUXuj,852,0,3,0,3,46,True
2016-09-13T22:04:55+0000,904277726319518_1162702937143661,encontro arte cultura agradeco apoio movimentos culturais entendem importancia construir cidade cada vez fraterna aberta pessoas,encontro arte cultura agradeco apoio movimentos culturais entendem importancia construir cidade cada vez fraterna aberta pessoas,358,added_video,https://scontent-gru2-1.xx.fbcdn.net/v/t15.5256-10/14356537_1162735543807067_749551344_n.jpg?_nc_cat=109&_nc_sid=1055be&_nc_ohc=NhQiE5nN8H0AX_kUSFA&_nc_ht=scontent-gru2-1.xx&oh=191018dfd2e74aa420e1a71f6cbc4b84&oe=5EAE887B,1186,6,5,2,10,276,True
2016-09-13T20:39:46+0000,904277726319518_1162637400483548,participacao poder mulheres politicas publicas mulheres implementamos ultimos anos sao maior exemplo dialogar coletivos feministas garantir acoes certeiras transformem fato vida mulheres fizemos programa recebi voces sera totalmente cumprido,participacao poder mulheres politicas publicas mulheres implementamos ultimos anos sao maior exemplo dialogar coletivos feministas garantir acoes certeiras transformem fato vida mulheres fizemos programa recebi voces sera totalmente cumprido,353,added_video,https://scontent-gru2-2.xx.fbcdn.net/v/t15.5256-10/14270860_1162652330482055_1992447743_n.jpg?_nc_cat=106&_nc_sid=ad6a45&_nc_ohc=ffjSiGXUll8AX8TOCnp&_nc_ht=scontent-gru2-2.xx&oh=9176a7c03f227c7fb7c8feccd7b822aa&oe=5EAF4CE9,746,2,2,0,2,53,True
2016-09-13T18:52:17+0000,904277726319518_1162570103823611,agora voce tambem pode personalizar foto perfil apoio haddad so acessar clicar add to facebook publicar perfil tamo junto,agora voce tambem pode personalizar foto perfil apoio fh so acessar clicar add to facebook publicar perfil tamo junto,193,added_photos,https://scontent-gru2-1.xx.fbcdn.net/v/t31.0-8/p720x720/14372054_1162570023823619_373039378746383333_o.jpg?_nc_cat=107&_nc_sid=7aed08&_nc_ohc=nRT1iFlm_JYAX8H8Aeu&_nc_ht=scontent-gru2-1.xx&_nc_tp=6&oh=8cb880426ffa1beb944a1aeb027f9a97&oe=5EAFFB7D,2985,8,13,0,20,297,True
2016-09-13T17:30:18+0000,904277726319518_1158816650865623,parque interlagos milhao m existe possibilidade trazer melhorias populacao meio ambiente vender interlagos nao longe melhor saida proposta interlagos tambem parque aproximadamente milhao metros quadrados vezes maior parque augusta regioes grajau mboi cidade ademar santo amaro outras serao diretamente beneficiadas,parque interlagos milhao m2 existe possibilidade trazer melhorias populacao meio ambiente vender interlagos nao longe melhor saida proposta interlagos tambem parque aproximadamente milhao metros quadrados vezes maior parque augusta regioes grajau mboi cidade ademar santo amaro outras serao diretamente beneficiadas,212,added_photos,https://scontent-gru1-1.xx.fbcdn.net/v/t31.0-8/p720x720/14324259_1158816650865623_2636130649266895216_o.png?_nc_cat=104&_nc_sid=2d5d41&_nc_ohc=tdSoA9RPwnEAX8ohcfv&_nc_ht=scontent-gru1-1.xx&oh=b1d295e8b0b19181c1d7d4b3bb2b51a6&oe=5EAF0952,1375,3,8,1,2,126,True
2016-09-13T13:18:56+0000,904277726319518_1153551058058849,sao paulo so transforma voce criamos muitos programas encabecamos medidas so deram certo causa participacao voce sempre defendeu ruas abertas incentivo transporte publico ampliacao vagas creches outras muitas acoes faco convocacao contribua conosco assim chico cesar voce tambem pode colaborar voluntario doando recursos trazendo ideias doacoes financeiras colaboracoes voluntarias compartilhe,sao paulo so transforma voce criamos muitos programas encabecamos medidas so deram certo causa participacao voce sempre defendeu ruas abertas incentivo transporte publico ampliacao vagas creches outras muitas acoes faco convocacao contribua conosco assim chico cesar voce tambem pode colaborar voluntario doando recursos trazendo ideias doacoes financeiras colaboracoes voluntarias compartilhe,759,added_video,https://scontent-gru2-2.xx.fbcdn.net/v/t15.5256-10/14173151_1153556278058327_1166572416_n.jpg?_nc_cat=105&_nc_sid=ad6a45&_nc_ohc=yq5r-2pwBOwAX8vKtKr&_nc_ht=scontent-gru2-2.xx&oh=cbe0710a006061b16f4e28d4e04bac90&oe=5EAFD842,981,0,2,0,3,56,True
2016-09-13T12:21:21+0000,904277726319518_1162269793853642,politicas mulheres ja primeiro ano mandato criei secretaria municipal politicas mulheres garantir politicas publicas acordo demandas mulheres destaco ampliacao melhoria centro referencia mulher unidades oferecem atendimento psicologico juridico alem acesso cursos palestras oficinas grupos ja centro cidadania mulher oferece atendimento especializado mulheres sofreram violencias genero domestica bom dia,politicas mulheres ja primeiro ano mandato criei secretaria municipal politicas mulheres garantir politicas publicas acordo demandas mulheres destaco ampliacao melhoria centro referencia mulher unidades oferecem atendimento psicologico juridico alem acesso cursos palestras oficinas grupos ja centro cidadania mulher oferece atendimento especializado mulheres sofreram violencias genero domestica bom dia,134,shared_story,https://external-gru1-1.xx.fbcdn.net/safe_image.php?d=AQCNz4yQVvLxY3kD&url=http%3A%2F%2Fhaddadsp.com.br%2Fwp-content%2Fuploads%2F2016%2F08%2FCasa_da_Mulher_Foto_Roberto_Parizotti_Secom_CUT.jpg&_nc_hash=AQCJDFiCErvh2MwW,704,0,1,0,1,50,True
2016-09-13T00:30:00+0000,904277726319518_1161820837231871,caminhada mulheres dia lilas amanha estarei lado stephanie ribeiro outras grandes mulheres caminhada mulheres partir h concentracao praca patriarca caminharemos praca republica evento ana estela haddad eleonora menicucci djamila ribeiro denise motta dau,caminhada mulheres dia lilas amanha estarei lado stephanie ribeiro outras grandes mulheres caminhada mulheres partir h concentracao praca patriarca caminharemos praca republica evento ana estela fh eleonora menicucci djamila ribeiro denise motta dau,119,shared_story,https://external-gru1-1.xx.fbcdn.net/safe_image.php?d=AQAOolWgNbSunJz-&url=http%3A%2F%2Fhaddadsp.com.br%2Fwp-content%2Fuploads%2F2016%2F09%2Fstephanie_haddadtmj.png&_nc_hash=AQAM3I4S0N0ssxOJ,1312,0,3,1,2,84,True
2016-09-12T21:30:00+0000,904277726319518_1161760480571240,paulista democracia direitos conquistados duras penas consagrados constituicao estao risco precisamos entender significa brasil democracia enquanto direitos sociais ameacados paulista aberta sera avenida democracia nenhum direito menos,paulista democracia direitos conquistados duras penas consagrados constituicao estao risco precisamos entender significa brasil democracia enquanto direitos sociais ameacados paulista aberta sera avenida democracia nenhum direito menos,2733,added_video,https://scontent-gru1-1.xx.fbcdn.net/v/t15.5256-10/14270687_1161775667236388_1814012181_n.jpg?_nc_cat=108&_nc_sid=ad6a45&_nc_ohc=7RCDaM4vCWgAX-sIK7Y&_nc_ht=scontent-gru1-1.xx&oh=880da29818779798abb0d8a8234fbcbc&oe=5EAD38FE,2189,6,9,0,6,217,True
2016-09-12T19:47:43+0000,904277726319518_1161742587239696,predebate catraca livre facebook,predebate catraca livre facebook,203,added_video,https://scontent-gru2-1.xx.fbcdn.net/v/t15.5256-10/14299670_1161746670572621_1788538052_n.jpg?_nc_cat=111&_nc_sid=1055be&_nc_ohc=HeDVeWA0cLgAX9vVG8V&_nc_ht=scontent-gru2-1.xx&oh=18871ececa64f74498c2a64ef0a9dcb1&oe=5EAEA277,2004,10,12,2,10,504,True
2016-09-12T17:00:00+0000,904277726319518_1156037224476899,alo heliopolis tamo junto transformacao heliopolis prova governo sociedade podem devem caminhar juntos implantacao led surgiu partir reivindicacoes mulheres regiao atras melhor tecnologia atender demanda hoje projeto led todos bairros comecando periferia,alo heliopolis tamo junto transformacao heliopolis prova governo sociedade podem devem caminhar juntos implantacao led surgiu partir reivindicacoes mulheres regiao atras melhor tecnologia atender demanda hoje projeto led todos bairros comecando periferia,218,added_video,https://scontent-gru2-2.xx.fbcdn.net/v/t15.5256-10/14173790_1156056077808347_1200105371_n.jpg?_nc_cat=102&_nc_sid=ad6a45&_nc_ohc=ro625u_zXeYAX9qDlJO&_nc_ht=scontent-gru2-2.xx&oh=c5e085afcb1cdfb003185697f4db1eeb&oe=5EAC3B2A,546,0,2,0,2,38,True
2016-09-12T12:00:01+0000,904277726319518_1161134517300503,nao vamos esmorecer luta democracia manutencao direitos conquistados educacao criancas jovens preservacao vida transito seguranca populacao acesso cidade servicos prestados governo disseminacao variadas culturas lazer igualdade oportunidades mulheres lgbts negros pessoas deficiencia continuanao vamos esmorecer outras batalhas assumi vida publica nao pretendo largar junto nessa bom dia boa semana todos,nao vamos esmorecer luta democracia manutencao direitos conquistados educacao criancas jovens preservacao vida transito seguranca populacao acesso cidade servicos prestados governo disseminacao variadas culturas lazer igualdade oportunidades mulheres lgbts negros pessoas deficiencia continuanao vamos esmorecer outras batalhas assumi vida publica nao pretendo largar junto nessa bom dia boa semana todos,445,added_photos,https://scontent-gru1-1.xx.fbcdn.net/v/t31.0-0/p480x480/14324346_1161134517300503_8858313196877707255_o.jpg?_nc_cat=104&_nc_sid=2d5d41&_nc_ohc=w5UoU9lr0igAX9lpYE2&_nc_ht=scontent-gru1-1.xx&_nc_tp=6&oh=722233036011cee25b2758c476887e6a&oe=5EAFB8CE,2511,5,2,0,2,193,True
2016-09-12T00:00:00+0000,904277726319518_1157645504316071,caminho seguro heliopolis jardim monte azul jardim helena jardim angela sapopemba brasilandia lajeado distrito raposo tavares ja contam led proposta proxima gestao levar led toda cidade acoplada cameras monitoramento contribuir seguranca cidade,caminho seguro heliopolis jardim monte azul jardim helena jardim angela sapopemba brasilandia lajeado distrito raposo tavares ja contam led proposta proxima gestao levar led toda cidade acoplada cameras monitoramento contribuir seguranca cidade,288,added_video,https://scontent-gru2-2.xx.fbcdn.net/v/t15.5256-10/14299396_1157677930979495_1147208105_n.jpg?_nc_cat=106&_nc_sid=ad6a45&_nc_ohc=Aw6k-6nuYokAX-xtYkV&_nc_ht=scontent-gru2-2.xx&oh=89e9158d9812f2b62ec4bc9f507da15d&oe=5EADE05D,1054,0,4,0,1,80,True
2016-09-11T22:34:25+0000,904277726319518_1160943870652901,nenhum direito menos tanta luta conquistar direitos nao podemos deixar tirados preciso acordar ver acontecendo brasil nenhum direito menos,nenhum direito menos tanta luta conquistar direitos nao podemos deixar tirados preciso acordar ver acontecendo brasil nenhum direito menos,280,added_photos,https://scontent-gru1-1.xx.fbcdn.net/v/t31.0-8/p720x720/14352030_1160943870652901_2652672686963019628_o.png?_nc_cat=104&_nc_sid=2d5d41&_nc_ohc=uNIGyn7aLw8AX_s0ipE&_nc_ht=scontent-gru1-1.xx&oh=b8e571b4060fa5b338566ea07c0b9286&oe=5EAD9F31,2299,4,2,0,1,141,True
2016-09-11T20:30:53+0000,904277726319518_1160862257327729,continuo paulista aberta lindo ver famosa avenida tomada sonhos esperanca,continuo paulista aberta lindo ver famosa avenida tomada sonhos esperanca,561,added_video,https://scontent-gru2-2.xx.fbcdn.net/v/t15.5256-10/14299452_1160870333993588_197951801_n.jpg?_nc_cat=106&_nc_sid=1055be&_nc_ohc=B8AYwri8GswAX-8Q4E7&_nc_ht=scontent-gru2-2.xx&oh=1852fed90365aad041dabe72b6458179&oe=5EAFEF07,3248,11,17,3,16,625,True
2016-09-11T19:56:47+0000,904277726319518_1160833193997302,participo ato defesa democracia contra retrocesso agora paulista,participo ato defesa democracia contra retrocesso agora paulista,1191,added_video,https://scontent-gru2-2.xx.fbcdn.net/v/t15.5256-10/14299574_1160852287328726_1093822847_n.jpg?_nc_cat=100&_nc_sid=1055be&_nc_ohc=9xaVhYagRmsAX-_k-To&_nc_ht=scontent-gru2-2.xx&oh=5e5ed3409b9cbcd760e25a147c2bace1&oe=5EAE0BD8,3773,33,16,6,34,862,True
2016-09-11T15:30:01+0000,904277726319518_1158874347526520,mapa transformacao sao paulo fizemos ultimos anos apresentamos mapa dessas mudancas ponto representa tipo transformacao vidas cidadaos acesse,mapa transformacao sao paulo fizemos ultimos anos apresentamos mapa dessas mudancas ponto representa tipo transformacao vidas cidadaos acesse,150,added_photos,https://scontent-gru1-1.xx.fbcdn.net/v/t31.0-8/p720x720/14206085_1158874347526520_8106339103901452556_o.jpg?_nc_cat=101&_nc_sid=2d5d41&_nc_ohc=kSVPqAnR-yQAX9nRGCi&_nc_ht=scontent-gru1-1.xx&_nc_tp=6&oh=157d2891029aed23ee2c92ff50b05c7b&oe=5EAF17BD,877,0,2,0,1,51,True
2016-09-11T13:00:00+0000,904277726319518_1157916124289009,ruas abertas cidades sao habitantes intuito criamos ruas abertas programa disponibiliza espaco urbano lazer interacao moradores confira ruas estao abertas hoje mapa verde rua aberta ativada amarelo rua aberta ativacao ressalvas vermelho rua aberta operacao,ruas abertas cidades sao habitantes intuito criamos ruas abertas programa disponibiliza espaco urbano lazer interacao moradores confira ruas estao abertas hoje mapa verde rua aberta ativada amarelo rua aberta ativacao ressalvas vermelho rua aberta operacao,90,added_photos,https://scontent-gru2-2.xx.fbcdn.net/v/t31.0-8/s720x720/14258224_1157912580956030_5185334995628289188_o.jpg?_nc_cat=106&_nc_sid=8024bb&_nc_ohc=Ki9RuH1X70AAX_yRRTn&_nc_ht=scontent-gru2-2.xx&_nc_tp=7&oh=83b4fee1c091f8e31adbf8cef9845a09&oe=5EACF1C1,645,1,2,0,0,49,True
2016-09-10T23:00:00+0000,904277726319518_1156224944458127,equipehaddad sistema cartao credito definicao extremamente transparente pois blinda doacao pessoal voce entra site doa instantaneamente registro virtual bancario contribuicao traz celeridade seguranca procedimento fernando haddad doar acesse,equipefh sistema cartao credito definicao extremamente transparente pois blinda doacao pessoal voce entra site doa instantaneamente registro virtual bancario contribuicao traz celeridade seguranca procedimento fh doar acesse,31,shared_story,https://external-gru1-1.xx.fbcdn.net/safe_image.php?url=http%3A%2F%2Fhaddadsp.com.br%2Fwp-content%2Fuploads%2F2016%2F09%2FMemeDoacao2.jpg&_nc_hash=AQAQdGxLT1DhMn7U,248,1,2,0,1,10,True
2016-09-10T20:30:00+0000,904277726319518_1159694480777840,sabatina record news nesta sabatina falei sobre investimento faremos seguranca led cameras monitoramento sobre questao cursos profissionalizantes ceus estagio prefeitura servicos publicos saude transporte publico tambem abordado via record news,sabatina record news nesta sabatina falei sobre investimento faremos seguranca led cameras monitoramento sobre questao cursos profissionalizantes ceus estagio prefeitura servicos publicos saude transporte publico tambem abordado via record news,454,added_video,https://scontent-gru2-2.xx.fbcdn.net/v/t15.5256-10/14173666_1159713957442559_177614609_n.jpg?_nc_cat=105&_nc_sid=ad6a45&_nc_ohc=Lwz5o_mASwEAX_IPjGz&_nc_ht=scontent-gru2-2.xx&oh=309022ba2c37e3ca8d4a88857543bde8&oe=5EAEC683,890,0,4,0,1,54,True
2016-09-10T17:00:15+0000,904277726319518_1159594900787798,voce analisar perto vai ver outros candidatos nao propostas comeco meio fim consistentes propoem vantajoso cidade ja fazemos apresentam inedito nao bom sao paulo nao duvidas vamos segundo turno,voce analisar perto vai ver outros candidatos nao propostas comeco meio fim consistentes propoem vantajoso cidade ja fazemos apresentam inedito nao bom sao paulo nao duvidas vamos segundo turno,181,added_photos,https://scontent-gru1-1.xx.fbcdn.net/v/t31.0-8/p720x720/14257556_1159594900787798_2218285655191609164_o.png?_nc_cat=101&_nc_sid=2d5d41&_nc_ohc=j5pOOp2QIpEAX-Zsi8l&_nc_ht=scontent-gru1-1.xx&oh=ff0953c790fd19a2f4e7677ab5793853&oe=5EAE57DC,1316,0,7,0,0,67,True
2016-09-10T13:30:00+0000,904277726319518_1158921227521832,precisamos ajuda grande vitoria mudanca eleicoes doacoes empresariais deram lugar doacoes pessoas fisicas agora precisamos nunca participacao voce identifica proposta cidade humana colabore conosco,precisamos ajuda grande vitoria mudanca eleicoes doacoes empresariais deram lugar doacoes pessoas fisicas agora precisamos nunca participacao voce identifica proposta cidade humana colabore conosco,383,added_video,https://scontent-gru2-1.xx.fbcdn.net/v/t15.5256-10/14299118_1158928697521085_335409808_n.jpg?_nc_cat=111&_nc_sid=ad6a45&_nc_ohc=r13V9xYN-y4AX_E-eCo&_nc_ht=scontent-gru2-1.xx&oh=8901296613295138afa2bc6beeba30c8&oe=5EAE3A09,1572,5,4,0,0,101,True
2016-09-10T11:30:02+0000,904277726319518_1158852584195363,centro municipal adocao caes gatos animais situacao maustratos sao cuidados centro municipal adocao caes gatos inauguramos inicio ano recebem todos cuidados ate cirurgicos recuperados podem ser adotados bom dia,centro municipal adocao caes gatos animais situacao maustratos sao cuidados centro municipal adocao caes gatos inauguramos inicio ano recebem todos cuidados ate cirurgicos recuperados podem ser adotados bom dia,759,added_photos,https://scontent-gru2-2.xx.fbcdn.net/v/t31.0-8/s720x720/14206043_1158852584195363_7447575146463653368_o.jpg?_nc_cat=105&_nc_sid=2d5d41&_nc_ohc=PF3atMJm4u4AX_y4YJk&_nc_ht=scontent-gru2-2.xx&_nc_tp=7&oh=9bf15c93f3bbc7a690ffcd8f18eed38e&oe=5EAD282F,3403,11,4,0,0,600,True
2016-09-09T23:38:56+0000,904277726319518_1158957917518163,lula fernando haddad falam ato defesa trabalhadores trabalhadoras nenhum direito menos,lula fh falam ato defesa trabalhadores trabalhadoras nenhum direito menos,1146,added_video,https://scontent-gru2-1.xx.fbcdn.net/v/t15.5256-10/14299694_1159032657510689_933943268_n.jpg?_nc_cat=107&_nc_sid=1055be&_nc_ohc=aPiKpQbwDMIAX9shzqk&_nc_ht=scontent-gru2-1.xx&oh=2ea052085406b929a5e96046930c41ad&oe=5EACC580,2594,25,23,2,41,724,True
2016-09-09T16:32:29+0000,904277726319518_1158639070883381,vou criar parque interlagos milhao m agora alem autodromo sao paulo tera parque interlagos outros autodromos mundo diante ameaca candidato psdb vender interlagos especulacao imobiliaria decidimos anunciar cerca milhao metros quadrados coracao zona sul cerca vezes maior parque augusta serao abertos parque vender interlagos opiniao crime ambiental grajau mboi cidade ademar santo amaro etc vao ser enormemente beneficiados novo parque equivalente quase metade ibirapuera revitalizacao parque carmo ceret novos parques tiete chacara jockey funcionarios publicos fundao sul sao paulo vai celebrar maior intervencao verde ultimas decadas,vou criar parque interlagos milhao m2 agora alem autodromo sao paulo tera parque interlagos outros autodromos mundo diante ameaca candidato psdb vender interlagos especulacao imobiliaria decidimos anunciar cerca milhao metros quadrados coracao zona sul cerca vezes maior parque augusta serao abertos parque vender interlagos opiniao crime ambiental grajau mboi cidade ademar santo amaro etc vao ser enormemente beneficiados novo parque equivalente quase metade ibirapuera revitalizacao parque carmo ceret novos parques tiete chacara jockey funcionarios publicos fundao sul sao paulo vai celebrar maior intervencao verde ultimas decadas,700,mobile_status_update,None,5007,20,85,1,8,706,True
2016-09-09T15:44:36+0000,904277726319518_1158604360886852,mercadao,mercadao,77,added_video,https://scontent-gru1-1.xx.fbcdn.net/v/t15.5256-10/14270856_1158605537553401_287829269_n.jpg?_nc_cat=101&_nc_sid=1055be&_nc_ohc=laczu7nKYbAAX_DD5r9&_nc_ht=scontent-gru1-1.xx&oh=a6076faaea8d72432f0128ec07076bc1&oe=5EADCA96,925,6,3,0,9,206,True
2016-09-09T14:49:36+0000,904277726319518_1158553787558576,convocado ato contra jornada h lula convocamos ato contra jornada h trabalho contra ameaca perda direitos trabalhistas hoje h quadra bancarios sao paulo presenca movimentos redes ativistas artistas nenhum direito menos,convocado ato contra jornada h lula convocamos ato contra jornada h trabalho contra ameaca perda direitos trabalhistas hoje h quadra bancarios sao paulo presenca movimentos redes ativistas artistas nenhum direito menos,599,added_photos,https://scontent-gru1-1.xx.fbcdn.net/v/t1.0-9/p720x720/14202653_1158553787558576_2743124998161231710_n.png?_nc_cat=103&_nc_sid=2d5d41&_nc_ohc=c01GT46wJ_YAX_JUUaP&_nc_ht=scontent-gru1-1.xx&oh=5ea23880edf2061558beb0ee7f977740&oe=5EAD8A15,2581,6,11,0,20,189,True
2016-09-09T12:00:00+0000,904277726319518_1157698610977427,cidade humana sempre falo sao paulo deve ser cada dia humana quer dizer colocar pessoas contato outras propria cidade apresentamos motivos quais sao paulo ganhou outros significados vida cada cidadao,cidade humana sempre falo sao paulo deve ser cada dia humana quer dizer colocar pessoas contato outras propria cidade apresentamos motivos quais sao paulo ganhou outros significados vida cada cidadao,572,shared_story,https://external-gru1-1.xx.fbcdn.net/safe_image.php?d=AQBCbdscZEPMi98i&url=http%3A%2F%2Fhaddadsp.com.br%2Fwp-content%2Fuploads%2F2016%2F08%2FCarnavalBlocoAgoraVaiFlickrForadoEixo.jpg&_nc_hash=AQB8E80l8588lihf,3538,5,9,0,4,407,True
2016-09-08T20:01:51+0000,904277726319518_1157811977632757,mapa mudanca sao paulo fato mudamos cidade neste mapa voce encontra tudo fizemos onde fizemos dividido areas educacao espaco publico habitacao mobilidade trabalho intenso pretendemos continuar neste ritmo,mapa mudanca sao paulo fato mudamos cidade neste mapa voce encontra tudo fizemos onde fizemos dividido areas educacao espaco publico habitacao mobilidade trabalho intenso pretendemos continuar neste ritmo,490,shared_story,https://external-gru1-1.xx.fbcdn.net/safe_image.php?d=AQAo87mV7VLQuk-0&url=fbstaging%3A%2F%2Fgraph.facebook.com%2Fstaging_resources%2FMDExMTU3ODA1Njg3NjMzMzg2OjI5MTEzNjQ1Mg%3D%3D&_nc_hash=AQDLhEtV6macoB_x,2657,4,23,0,6,200,True
2016-09-08T17:50:46+0000,904277726319518_1157725324308089,bracos abertos fico emocionado recebo relatos robson resolino conseguiu nascer novo arrumar novo sentido vida restabelecer lacos familiares motivo politica sao transformacoes incentivam fazer diferenca robson desejo toda forca determinacao continuar reconstruindo vida,bracos abertos fico emocionado recebo relatos robson resolino conseguiu nascer novo arrumar novo sentido vida restabelecer lacos familiares motivo politica sao transformacoes incentivam fazer diferenca robson desejo toda forca determinacao continuar reconstruindo vida,112,added_video,https://scontent-gru2-2.xx.fbcdn.net/v/t15.5256-10/14299686_1157750130972275_1688401331_n.jpg?_nc_cat=102&_nc_sid=ad6a45&_nc_ohc=6ZfAb_LrIR0AX_hznYt&_nc_ht=scontent-gru2-2.xx&oh=4ee5930348a380c8df1fa5ba1417f959&oe=5EACCEC6,579,0,2,0,3,49,True
2016-09-08T14:30:01+0000,904277726319518_1157577610989527,combate corrupcao sao paulo tornou exemplo combate corrupcao criacao cgm recuperamos recursos desviados somam r mi provenientes esquemas corrupcao agua espraiada gestao malufpitta mafia iss gestao serrakassab todo dinheiro sendo investido tambem construcao creches aquisicao terreno parque augusta,combate corrupcao sao paulo tornou exemplo combate corrupcao criacao cgm recuperamos recursos desviados somam r mi provenientes esquemas corrupcao agua espraiada gestao malufpitta mafia iss gestao serrakassab todo dinheiro sendo investido tambem construcao creches aquisicao terreno parque augusta,302,added_photos,https://scontent-gru2-1.xx.fbcdn.net/v/t31.0-8/p720x720/14195341_1157577610989527_3833302662421025662_o.png?_nc_cat=109&_nc_sid=2d5d41&_nc_ohc=If34rGuWuz0AX_2D7XD&_nc_ht=scontent-gru2-1.xx&oh=a9f1f7357acd9882fb049cc0776c4ab9&oe=5EAE44E3,1694,3,9,0,3,103,True
2016-09-08T12:05:34+0000,904277726319518_1156941887719766,hora participar lutamos campanhas eleitorais deixassem ser financiadas empresas agora chegou vez engajar ajudar financeiramente candidatos voce acredita voce deseja transformacao sao paulo continue acesse contribua,hora participar lutamos campanhas eleitorais deixassem ser financiadas empresas agora chegou vez engajar ajudar financeiramente candidatos voce acredita voce deseja transformacao sao paulo continue acesse contribua,355,added_video,https://scontent-gru2-1.xx.fbcdn.net/v/t15.5256-10/14299563_1156964507717504_743567868_n.jpg?_nc_cat=111&_nc_sid=ad6a45&_nc_ohc=DBIr4JGW6PsAX_9NHBD&_nc_ht=scontent-gru2-1.xx&oh=cc7f9d4084c965728f54389841500773&oe=5EAFE1FD,2149,4,6,0,5,132,True
2016-09-08T00:00:00+0000,904277726319518_1156869894393632,cursos profissionalizantes ceus faculdades cinemas melhoramos ceus queremos ir alem proxima gestao vamos inserir cursos profissionalizantes aluno aprende teoria desenvolve pratica ubs centros culturais centros desportivos vamos garantir tempo formacao profissional experiencia trabalho remuneracao assim jovens periferia vao estar preparados entrar mercado trabalho porta frente educacao muda pessoas pessoas mudam mundo transformacao queremos sao paulo,cursos profissionalizantes ceus faculdades cinemas melhoramos ceus queremos ir alem proxima gestao vamos inserir cursos profissionalizantes aluno aprende teoria desenvolve pratica ubs centros culturais centros desportivos vamos garantir tempo formacao profissional experiencia trabalho remuneracao assim jovens periferia vao estar preparados entrar mercado trabalho porta frente educacao muda pessoas pessoas mudam mundo transformacao queremos sao paulo,410,added_video,https://scontent-gru2-1.xx.fbcdn.net/v/t15.5256-10/14299345_1156900754390546_1080241533_n.jpg?_nc_cat=107&_nc_sid=ad6a45&_nc_ohc=alp5pEZu53cAX9MiY08&_nc_ht=scontent-gru2-1.xx&oh=4f96224f376de6436a11b7be4a2c6b1b&oe=5EAF5264,901,0,3,0,7,74,True
2016-09-07T19:21:59+0000,904277726319518_1156903044390317,nenhum direito menos grito excluidos tradicao pacifica importante democracia usa dia independencia avancar agenda social pais outros anos participei dia hoje objetivo combater ameacas pairam sobre direitos sociais nenhum direito menos direitos consagrados constituicao,nenhum direito menos grito excluidos tradicao pacifica importante democracia usa dia independencia avancar agenda social pais outros anos participei dia hoje objetivo combater ameacas pairam sobre direitos sociais nenhum direito menos direitos consagrados constituicao,1368,added_video,https://scontent-gru2-1.xx.fbcdn.net/v/t15.5256-10/14299278_1156916414388980_1682445543_n.jpg?_nc_cat=111&_nc_sid=ad6a45&_nc_ohc=clD3wjI4n-AAX_YyaSA&_nc_ht=scontent-gru2-1.xx&oh=6f750d9a1504fad9a07ff74e3e681e49&oe=5EAC68B2,3076,5,10,1,5,312,True
2016-09-07T15:08:01+0000,904277726319518_1156709861076302,grito excluidos democracia foto midia ninja,grito excluidos democracia foto midia ninja,202,added_photos,https://scontent-gru1-1.xx.fbcdn.net/v/t31.0-8/s720x720/14188174_1156709861076302_3838712494472337822_o.jpg?_nc_cat=104&_nc_sid=2d5d41&_nc_ohc=P7uLXO-K758AX8s82_O&_nc_ht=scontent-gru1-1.xx&_nc_tp=7&oh=dd0b2122d9b02123e549b52e61c61069&oe=5EAFBDE5,3873,5,7,1,8,282,True
2016-09-07T14:48:37+0000,904277726319518_1156698754410746,led traz economia seguranca inicialmente heliopolis reivindicou atras melhor tecnologia implantamos led regiao expandimos outros bairros jardim monte azul jardim helena jardim angela sapopemba brasilandia lajeado distrito raposo tavares proposta proxima gestao levar led toda cidade acoplada cameras monitoramento,led traz economia seguranca inicialmente heliopolis reivindicou atras melhor tecnologia implantamos led regiao expandimos outros bairros jardim monte azul jardim helena jardim angela sapopemba brasilandia lajeado distrito raposo tavares proposta proxima gestao levar led toda cidade acoplada cameras monitoramento,77,shared_story,https://external-gru1-1.xx.fbcdn.net/safe_image.php?d=AQA0E6nPyBRf9cf1&url=http%3A%2F%2Fhaddadsp.com.br%2Fwp-content%2Fuploads%2F2016%2F08%2FILUMINA%C3%87%C3%83O_LED_AGENCIA_PT_2-1-e1471452420148.jpg&_nc_hash=AQCT1nbXBNFzepCa,931,0,8,0,2,51,True
2016-09-07T11:35:04+0000,904277726319518_1156211021126186,alo ingrid guzeloto alo vila guilherme bom dia hoje universitaria ingrid guzeloto moradora zona norte apresenta transformacoes wifi livre casa cultura passe livre fizeram regiao,alo ingrid guzeloto alo vila guilherme bom dia hoje universitaria ingrid guzeloto moradora zona norte apresenta transformacoes wifi livre casa cultura passe livre fizeram regiao,84,added_video,https://scontent-gru2-2.xx.fbcdn.net/v/t15.5256-10/14270657_1156216644458957_990579375_n.jpg?_nc_cat=100&_nc_sid=ad6a45&_nc_ohc=BwpbR-FPoMMAX9Tb-pM&_nc_ht=scontent-gru2-2.xx&oh=ab044150601441fa85d6c10906ca4104&oe=5EAC93A4,696,0,3,0,3,43,True
2016-09-06T21:28:51+0000,904277726319518_1156128011134487,pense diferente tudo altera rotina desafiador sao desafios movem pessoas causam transformacao desafio sao paulo motivou mudamos cidade melhor voce pensa diferente quer continuar transformando sao paulo ponto encontro wwwpensediferentespcombr pense diferente sp,pense diferente tudo altera rotina desafiador sao desafios movem pessoas causam transformacao desafio sao paulo motivou mudamos cidade melhor voce pensa diferente quer continuar transformando sao paulo ponto encontro wwwpensediferentespcombr pense diferente sp,458,added_video,https://scontent-gru1-1.xx.fbcdn.net/v/t15.5256-10/14173215_1156142287799726_1484895878_n.jpg?_nc_cat=103&_nc_sid=ad6a45&_nc_ohc=eQE1e_wzDKsAX8lNM65&_nc_ht=scontent-gru1-1.xx&oh=ba169915ebfdfd60d76bfb7fd05a7a93&oe=5EAF19F5,1443,0,7,0,5,134,True
2016-09-06T20:30:00+0000,904277726319518_1156093761137912,politicas populacao lgbt avancamos ultimos anos construcao politicas publicas populacao lgbt transcidadania centros lgbt unidades moveis outras acoes garantir igualdade oportunidades transformacao sao paulo,politicas populacao lgbt avancamos ultimos anos construcao politicas publicas populacao lgbt transcidadania centros lgbt unidades moveis outras acoes garantir igualdade oportunidades transformacao sao paulo,308,shared_story,https://external-gru1-1.xx.fbcdn.net/safe_image.php?d=AQDkzaZAlJCEApkC&url=http%3A%2F%2Fhaddadsp.com.br%2Fwp-content%2Fuploads%2F2016%2F09%2F2013-06-02-HB-parada5.jpg&_nc_hash=AQCXpbFU87eGlGed,3344,5,9,0,1,454,True
2016-09-06T14:42:00+0000,904277726319518_1155848651162423,educacao combate racismo liderancas negras reforcamos importancia combater racismo ha ser feito porque seculos escravidao nao desaparecem constante intenso enfrentamento ultimos anos atuamos tambem educacao criancas meio aplicacao lei federal obriga ensino historia cultura africa afrobrasileiras hoje contamos mil professores capacitados alem mil exemplares livro voce sabe sobre africa proximos anos queremos intensificar dialogo movimento liderancas negras juntos construirmos politicas publicas certeiras combate racismo promovam igualdade etnicoracial,educacao combate racismo liderancas negras reforcamos importancia combater racismo ha ser feito porque seculos escravidao nao desaparecem constante intenso enfrentamento ultimos anos atuamos tambem educacao criancas meio aplicacao lei federal obriga ensino historia cultura africa afrobrasileiras hoje contamos mil professores capacitados alem mil exemplares livro voce sabe sobre africa proximos anos queremos intensificar dialogo movimento liderancas negras juntos construirmos politicas publicas certeiras combate racismo promovam igualdade etnicoracial,196,added_photos,https://scontent-gru1-1.xx.fbcdn.net/v/t31.0-0/p480x480/14188600_1155848651162423_6697343551019181173_o.jpg?_nc_cat=104&_nc_sid=2d5d41&_nc_ohc=YxOW_0u0_jYAX9zDeAi&_nc_ht=scontent-gru1-1.xx&_nc_tp=6&oh=603a2d1c89f3560910d001b9ee6cfe26&oe=5EAF93D3,1446,1,5,0,1,144,True
2016-09-05T19:15:34+0000,904277726319518_1155182771229011,nao violencia cidade democratica parte participou ato ontem reportou nao nenhum gesto parte manifestantes justificasse acao violenta policia militar momento todos registros inclusive jornalistas vao mesma direcao ato terminou pacifico ja momento dispersao manifestantes observaram todos pedidos secretaria seguranca publica mudanca horario trajeto,nao violencia cidade democratica parte participou ato ontem reportou nao nenhum gesto parte manifestantes justificasse acao violenta policia militar momento todos registros inclusive jornalistas vao mesma direcao ato terminou pacifico ja momento dispersao manifestantes observaram todos pedidos secretaria seguranca publica mudanca horario trajeto,3461,added_video,https://scontent-gru2-2.xx.fbcdn.net/v/t15.5256-10/14270773_1155184751228813_2034005453_n.jpg?_nc_cat=100&_nc_sid=ad6a45&_nc_ohc=bIqN--_YFfoAX92S6Nc&_nc_ht=scontent-gru2-2.xx&oh=9a31152eccb03c48b5e8f417cb3b73ac&oe=5EAECACF,3393,5,8,75,14,195,True
2016-09-05T13:19:13+0000,904277726319518_1154934061253882,politica mudar vida pessoas gente so politica satisfacao ver bolsista prouni alunos uniceu trabalhador chegar cedo casa cuidar filhos gosto politica so vale,politica mudar vida pessoas gente so politica satisfacao ver bolsista prouni alunos uniceu trabalhador chegar cedo casa cuidar filhos gosto politica so vale,169,added_photos,https://scontent-gru1-1.xx.fbcdn.net/v/t31.0-8/p720x720/14241608_1154934061253882_217791352676759790_o.jpg?_nc_cat=101&_nc_sid=2d5d41&_nc_ohc=8z0fuCweXCkAX_CHwPT&_nc_ht=scontent-gru1-1.xx&_nc_tp=6&oh=a0a9c6e93109ff9f94bfa1cdd43ee5ce&oe=5EAE6A62,1082,2,5,0,3,115,True
2016-09-04T19:05:58+0000,904277726319518_1154317617982193,alo pirituba estudantes lara deus carol bueno falam onibus noturno passe livre estudantil bilhete unico mensal direito descerem ponto onibus apos horas transformou mobilidade cidade tipo resultado queremos sao paulo avancaremos nesse sentido conectando acoes publicas necessidade cidadaos quer participar reporterhaddad acesse,alo pirituba estudantes lara deus carol bueno falam onibus noturno passe livre estudantil bilhete unico mensal direito descerem ponto onibus apos horas transformou mobilidade cidade tipo resultado queremos sao paulo avancaremos nesse sentido conectando acoes publicas necessidade cidadaos quer participar reporterfh acesse,162,added_video,https://scontent-gru2-1.xx.fbcdn.net/v/t15.5256-10/14173270_1154338691313419_123044420_n.jpg?_nc_cat=107&_nc_sid=ad6a45&_nc_ohc=SVOi33sWyCQAX_L6OoH&_nc_ht=scontent-gru2-1.xx&oh=9ea3b23affc135de54cbe5b5f35f8027&oe=5EAE1785,1029,0,5,0,2,78,True
2016-09-04T14:45:00+0000,904277726319518_1153547184725903,fazer acontecer ultimos anos trabalhamos sao paulo planejada articulada conectada implantamos passe livre estudantes bilhete unico mensal onibus madrugada ciclovia ciclofaixas outras melhorias vamos avancar neste compasso cidade merece,fazer acontecer ultimos anos trabalhamos sao paulo planejada articulada conectada implantamos passe livre estudantes bilhete unico mensal onibus madrugada ciclovia ciclofaixas outras melhorias vamos avancar neste compasso cidade merece,162,added_video,https://scontent-gru1-1.xx.fbcdn.net/v/t15.5256-10/14146182_1153549921392296_1266135229_n.jpg?_nc_cat=108&_nc_sid=ad6a45&_nc_ohc=pkFoJ8NZM9UAX-bi30b&_nc_ht=scontent-gru1-1.xx&oh=aaa24b010525e8eccef8e9b3ecebb48a&oe=5EAEC560,722,1,2,0,3,44,True
2016-09-04T12:30:03+0000,904277726319518_1153511144729507,ruas abertas espaco publico deve ser ocupado publico abrir vias populacao forma interacao morador cidade oferecer melhor muitos ja sabem av paulista fica aberta populacao todos domingos outras ruas avenidas voce clique aqui confira mapa verde rua aberta ativada amarelo rua aberta ativacao ressalvas vermelho rua aberta operacao,ruas abertas espaco publico deve ser ocupado publico abrir vias populacao forma interacao morador cidade oferecer melhor muitos ja sabem av paulista fica aberta populacao todos domingos outras ruas avenidas voce clique aqui confira mapa verde rua aberta ativada amarelo rua aberta ativacao ressalvas vermelho rua aberta operacao,278,added_photos,https://scontent-gru1-1.xx.fbcdn.net/v/t31.0-8/s720x720/14231274_1153507664729855_8632592509337232952_o.jpg?_nc_cat=104&_nc_sid=8024bb&_nc_ohc=Ul5am5l-9RwAX_-4i9J&_nc_ht=scontent-gru1-1.xx&_nc_tp=7&oh=a16609d1b9fbb0b85aa63b3672826872&oe=5EAE05A7,2042,2,8,0,2,176,True
2016-09-03T23:39:50+0000,904277726319518_1153519958061959,saude nao pode parar sao paulo complexa precisa tempo maturacao trabalho vem sendo feito saude publica nao pode parar grandes hospitais estao sendo construidos hospitais dia rede hora certa sendo fixos moveis alem novas upas construcao apostando neste caminho investindo vamos reduzir gradualmente tempo espera saude,saude nao pode parar sao paulo complexa precisa tempo maturacao trabalho vem sendo feito saude publica nao pode parar grandes hospitais estao sendo construidos hospitais dia rede hora certa sendo fixos moveis alem novas upas construcao apostando neste caminho investindo vamos reduzir gradualmente tempo espera saude,236,added_video,https://scontent-gru2-1.xx.fbcdn.net/v/t15.5256-10/14173690_1153545341392754_1967237274_n.jpg?_nc_cat=107&_nc_sid=ad6a45&_nc_ohc=kJ0VRtXCwr0AX-0gcEN&_nc_ht=scontent-gru2-1.xx&oh=91b393cb80c6bf43e00bd0dcdc50be15&oe=5EAD18C6,1094,0,2,0,3,78,True
2016-09-03T17:51:37+0000,904277726319518_1153346711412617,dois minutos nao valem vida muitas vezes pergunto ouco pessoal critica reducao limite velocidade principais avenidas cidade quanto sera vale vida,dois minutos nao valem vida muitas vezes pergunto ouco pessoal critica reducao limite velocidade principais avenidas cidade quanto sera vale vida,1759,added_photos,https://scontent-gru2-2.xx.fbcdn.net/v/t31.0-8/p720x720/14257617_1153346711412617_4473385010268362048_o.jpg?_nc_cat=106&_nc_sid=2d5d41&_nc_ohc=fnl9feM3X3wAX_cZRuh&_nc_ht=scontent-gru2-2.xx&_nc_tp=6&oh=876486e04bcfb9d4946234f2be6da437&oe=5EAFF29F,6346,3,35,3,13,452,True
2016-09-03T13:06:54+0000,904277726319518_1153089818104973,durante debateredetv falei sobre lampada led contribuicao combate violencia reducao uso energia pretendemos colocar led todos bairros ja iniciamos implementacao periferia sao prioridade alem disso vamos acoplar cameras inteligentes monitoramento apurar imagens merecam atencao autoridade publica,durante debateredetv falei sobre lampada led contribuicao combate violencia reducao uso energia pretendemos colocar led todos bairros ja iniciamos implementacao periferia sao prioridade alem disso vamos acoplar cameras inteligentes monitoramento apurar imagens merecam atencao autoridade publica,109,added_photos,https://scontent-gru2-2.xx.fbcdn.net/v/t1.0-9/14183813_1153089818104973_5416861958344240709_n.png?_nc_cat=105&_nc_sid=2d5d41&_nc_ohc=hJXZVt5Y0jsAX_29chb&_nc_ht=scontent-gru2-2.xx&oh=56ca6e7d6c19332547827e9601e3b1be&oe=5EAF6399,1152,1,6,0,4,74,True
2016-09-03T04:02:53+0000,904277726319518_1152779821469306,eduardo suplicy ana estela haddad debateredetv,eduardo suplicy ana estela fh debateredetv,523,added_video,https://scontent-gru2-2.xx.fbcdn.net/v/t15.5256-10/14146475_1152784928135462_1348215217_n.jpg?_nc_cat=105&_nc_sid=1055be&_nc_ohc=AR3T21tK1mYAX8c0oRP&_nc_ht=scontent-gru2-2.xx&oh=6a65de8ac15152c78a1504397a2b1c59&oe=5EAFDB9F,2082,20,9,1,8,831,True
2016-09-03T00:39:36+0000,904277726319518_1152665468147408,redetv,redetv,263,added_video,https://scontent-gru2-1.xx.fbcdn.net/v/t15.5256-10/14173679_1152668618147093_329692947_n.jpg?_nc_cat=107&_nc_sid=1055be&_nc_ohc=wddk_7JPtSkAX9XQogN&_nc_ht=scontent-gru2-1.xx&oh=6c03ed5f1538348b6c8d42c53c56cbe0&oe=5EAEC3EF,2090,31,7,2,12,547,True
2016-09-03T00:00:00+0000,904277726319518_1152590614821560,hoje h vou estar debate rede tv oportunidade apresentar fizemos ultimos anos propostas continuar construindo sao paulo justa humana acompanhe twitter haddadfernando use tag voudehaddad alem disso debate vai ser transmitido vivo,hoje h vou estar debate rede tv oportunidade apresentar fizemos ultimos anos propostas continuar construindo sao paulo justa humana acompanhe twitter fhfh use tag voudefh alem disso debate vai ser transmitido vivo,93,added_photos,https://scontent-gru2-2.xx.fbcdn.net/v/t31.0-8/p720x720/14138684_1152590614821560_1599330171154400940_o.jpg?_nc_cat=100&_nc_sid=2d5d41&_nc_ohc=p6wy-RvUloIAX9W2mwK&_nc_ht=scontent-gru2-2.xx&_nc_tp=6&oh=c90db877755cca7aa1a224d5841e0ab6&oe=5EAC3F02,820,1,3,0,0,39,True
2016-09-02T20:40:58+0000,904277726319518_1152540824826539,nao violencia cidade democratica consternado cenas violencia ultimos dias mediei nesta tarde entendimento organizadores manifestacoes domingo secretaria seguranca publica estado sao paulo acordo firmado ato ocorre previsto domingo paulista organizadores atenderam apelo iniciar concentracao partir preservando seguranca passagem tocha paralimpica garantindo direito democratico livre manifestacao espero tudo transcorra bem,nao violencia cidade democratica consternado cenas violencia ultimos dias mediei nesta tarde entendimento organizadores manifestacoes domingo secretaria seguranca publica estado sao paulo acordo firmado ato ocorre previsto domingo paulista organizadores atenderam apelo iniciar concentracao partir preservando seguranca passagem tocha paralimpica garantindo direito democratico livre manifestacao espero tudo transcorra bem,2088,mobile_status_update,None,5884,7,4,41,8,639,True
2016-09-02T15:17:38+0000,904277726319518_1151686838245271,tamo junto comunidade propostas caminham sentido iluminar ainda sao paulo led diminuir tempo transito garantir mobilidade acesso cidade valorizar ainda educacao sobretudo infantil alem modernizar conectar sao paulo moradores,tamo junto comunidade propostas caminham sentido iluminar ainda sao paulo led diminuir tempo transito garantir mobilidade acesso cidade valorizar ainda educacao sobretudo infantil alem modernizar conectar sao paulo moradores,178,added_video,https://scontent-gru2-2.xx.fbcdn.net/v/t15.5256-10/14173283_1151694991577789_403716529_n.jpg?_nc_cat=106&_nc_sid=ad6a45&_nc_ohc=EC4WsDF-vfIAX8iVSol&_nc_ht=scontent-gru2-2.xx&oh=21046866e07f6d932869b3abf43a253d&oe=5EAE7715,881,1,7,0,3,45,True
2016-09-01T23:16:59+0000,904277726319518_1151686331578655,moradia neste ultimo fim semana ocupacao nova palestina zona sul cidade conversando moradores movimento popular questao moradia fundamental desenvolvimento cidade enganam tentam dissociar moradia meio ambiente coisa ligada outra coloca preservacao meio ambiente frente precisa casa visao equivocada sobre deve ser cidade justa equilibrada melhor maneira preservar verde ajudando precisam,moradia neste ultimo fim semana ocupacao nova palestina zona sul cidade conversando moradores movimento popular questao moradia fundamental desenvolvimento cidade enganam tentam dissociar moradia meio ambiente coisa ligada outra coloca preservacao meio ambiente frente precisa casa visao equivocada sobre deve ser cidade justa equilibrada melhor maneira preservar verde ajudando precisam,198,added_video,https://scontent-gru1-1.xx.fbcdn.net/v/t15.5256-10/14146192_1151705814910040_937370273_n.jpg?_nc_cat=110&_nc_sid=ad6a45&_nc_ohc=kjLLo9uFiIgAX9yJJtE&_nc_ht=scontent-gru1-1.xx&oh=a1522af0d342c3116c229834a62e6203&oe=5EACB4F6,864,2,2,0,3,65,True
2016-09-01T18:38:35+0000,904277726319518_1151480301599258,numeros nao contam historias pessoas sim emocionante ver transformacao heliopolis mariana maria conta instalacao led construcao ceu heliopolis uniceu criacao creches tornou regiao diferente principalmente vida mulheres,numeros nao contam historias pessoas sim emocionante ver transformacao heliopolis mariana maria conta instalacao led construcao ceu heliopolis uniceu criacao creches tornou regiao diferente principalmente vida mulheres,224,added_video,https://scontent-gru2-2.xx.fbcdn.net/v/t15.5256-10/14173736_1151537851593503_868672712_n.jpg?_nc_cat=106&_nc_sid=ad6a45&_nc_ohc=wfaUpUSv1YoAX90tNtA&_nc_ht=scontent-gru2-2.xx&oh=1386fa93cfccc8e410b05f9e22bf81cb&oe=5EACAAAA,653,0,6,0,2,53,True
2016-09-01T14:09:25+0000,904277726319518_1151323114948310,ontem concedi entrevista cbn ressaltei importancia prevalencia interesse publico sobre todos outros abordei tambem assuntos impeachment theatro municipal combate corrupcao desigualdade social arco futuro investimentos publicidade mobilidade via cbn sao paulo,ontem concedi entrevista cbn ressaltei importancia prevalencia interesse publico sobre todos outros abordei tambem assuntos impeachment theatro municipal combate corrupcao desigualdade social arco futuro investimentos publicidade mobilidade via cbn sao paulo,168,added_video,https://scontent-gru2-1.xx.fbcdn.net/v/t15.5256-10/14146219_1151343481612940_1984753276_n.jpg?_nc_cat=111&_nc_sid=ad6a45&_nc_ohc=VECGIsC4zDUAX87xngj&_nc_ht=scontent-gru2-1.xx&oh=4b89c20550290f44fa3ef613c0ddd0fe&oe=5EAF24E0,748,0,3,0,2,49,True
2016-09-01T12:41:14+0000,904277726319518_1151284254952196,reduziram uso crack apos passar bracos abertos diz estudo independente contestado representantes governo estado programa bracos abertos avaliado pesquisa plataforma brasileira politica droga financiado open society organizacao fundada megainvestidor george soros estudo aponta iniciativa atinge objetivos resgatar cidadania usuarios conseguir reduzam consumo droga googlhmhbh,reduziram uso crack apos passar bracos abertos diz estudo independente contestado representantes governo estado programa bracos abertos avaliado pesquisa plataforma brasileira politica droga financiado open society organizacao fundada megainvestidor george soros estudo aponta iniciativa atinge objetivos resgatar cidadania usuarios conseguir reduzam consumo droga googlhmhbh,201,shared_story,https://scontent-gru1-1.xx.fbcdn.net/v/t1.0-1/p200x200/39067693_1890872174326730_929144109233340416_o.jpg?_nc_ohc=AVBfKWUotnMAX8G4T3U&_nc_ht=scontent-gru1-1.xx&oh=38cb70017b1f9d352a423262f33caf0b&oe=5EAD7D0B,1311,0,9,1,0,103,True
2016-08-31T21:48:20+0000,904277726319518_1150754845005137,acabei falar telefone presidenta eleita dilma rousseff prestar solidariedade neste triste dia historia democracia brasil,acabei falar telefone presidenta eleita dilma rousseff prestar solidariedade neste triste dia historia democracia brasil,455,mobile_status_update,None,10805,84,6,1410,46,590,True
2016-08-31T00:24:31+0000,904277726319518_1149988815081740,prioridades proporcionar oportunidades iguais todos desde primeira infancia criamos novas escolas educacao infantil sendo creches preescolas hoje mil criancas matriculadas encantador disso tudo poder oferecer educacao qualidade,prioridades proporcionar oportunidades iguais todos desde primeira infancia criamos novas escolas educacao infantil sendo creches preescolas hoje mil criancas matriculadas encantador disso tudo poder oferecer educacao qualidade,420,added_video,https://scontent-gru1-1.xx.fbcdn.net/v/t15.5256-10/14104536_1150018645078757_1817106075_n.jpg?_nc_cat=104&_nc_sid=ad6a45&_nc_ohc=0AU2FbtBSkAAX-77tlS&_nc_ht=scontent-gru1-1.xx&oh=6258e070d43a4a6a0902be3afaff8f5e&oe=5EAD7F3D,1495,3,6,0,12,126,True
2016-08-30T20:55:30+0000,904277726319518_1149896548424300,ultimos anos avancamos garantir igualdade oportunidades populacao sao paulo centros cidadania lgbt auxiliamos populacao situacao vulnerabilidade social vitimas violencia fisica psicologica motivada discriminacao sao oferecidos servicos atendimento psicologico assessoria juridica assistencia social encaminhamento politicas publicas prefeitura centro acolhimento imigrante contribui aulas portugues auxilio emissao documentos busca trabalho vem reconstruir vidas sao paulo programa transcidadania foco educacao capacitacao profissional saude garantia direitos travestis transsexuais situacao vulnerabilidade ja programa bracos abertos abarca moradia trabalho alimentacao capacitacao cidadaos chamada regiao cracolandia objetivo resgatar reinserir usuarios sociedade fim lei representacao feminina garante minimo mulheres conselhos municipais vagas sistema transporte prefeitura reconhecemos ainda ha ser feito buscando tipos realizacoes queremos deixar cidade cada dia humana,ultimos anos avancamos garantir igualdade oportunidades populacao sao paulo centros cidadania lgbt auxiliamos populacao situacao vulnerabilidade social vitimas violencia fisica psicologica motivada discriminacao sao oferecidos servicos atendimento psicologico assessoria juridica assistencia social encaminhamento politicas publicas prefeitura centro acolhimento imigrante contribui aulas portugues auxilio emissao documentos busca trabalho vem reconstruir vidas sao paulo programa transcidadania foco educacao capacitacao profissional saude garantia direitos travestis transsexuais situacao vulnerabilidade ja programa bracos abertos abarca moradia trabalho alimentacao capacitacao cidadaos chamada regiao cracolandia objetivo resgatar reinserir usuarios sociedade fim lei representacao feminina garante minimo mulheres conselhos municipais vagas sistema transporte prefeitura reconhecemos ainda ha ser feito buscando tipos realizacoes queremos deixar cidade cada dia humana,253,added_photos,https://scontent-gru1-1.xx.fbcdn.net/v/t31.0-8/p720x720/14188237_1149896548424300_8526695020854600520_o.jpg?_nc_cat=110&_nc_sid=2d5d41&_nc_ohc=6HKRCkkIGIwAX_i0raa&_nc_ht=scontent-gru1-1.xx&_nc_tp=6&oh=0c66acffdfdf87e7ca02f750d3ecf19a&oe=5EAD4217,1750,3,8,1,2,208,True
2016-08-30T13:59:06+0000,904277726319518_1149617738452181,diz repente ultimos anos focamos construir cidade fraterna melhor viver resultados dessas inumeras acoes sao paulo tempo novo tempo voce pensediferentesp,diz repente ultimos anos focamos construir cidade fraterna melhor viver resultados dessas inumeras acoes sao paulo tempo novo tempo voce pensediferentesp,0,shared_story,https://scontent-gru2-2.xx.fbcdn.net/v/t15.5256-10/14146102_980135958762288_1268025953_n.jpg?_nc_cat=100&_nc_sid=ad6a45&_nc_ohc=Zf-g5rWoK3oAX-Xtpax&_nc_ht=scontent-gru2-2.xx&oh=c7c9891d56e316c11216a584e0681d0f&oe=5EAC51CF,493,0,4,0,2,37,True
2016-08-29T22:03:00+0000,904277726319518_1148990275181594,nesses anos busquei integrar todo transporte publico cidade ampliacao terminal onibus itaquera exemplo disso desafogou linhas metro proporcionou maior conforto passageiros passageiras distribuindo melhor fluxo usuarios usuarias destinos ampliacao serviu tambem auxiliar acesso arena corinthians conta inclusive elevadores cadeirantes acessiveis estadio,nesses anos busquei integrar todo transporte publico cidade ampliacao terminal onibus itaquera exemplo disso desafogou linhas metro proporcionou maior conforto passageiros passageiras distribuindo melhor fluxo usuarios usuarias destinos ampliacao serviu tambem auxiliar acesso arena corinthians conta inclusive elevadores cadeirantes acessiveis estadio,137,added_photos,https://scontent-gru1-1.xx.fbcdn.net/v/t31.0-8/p720x720/14138834_1148990275181594_4681587237096827968_o.jpg?_nc_cat=104&_nc_sid=2d5d41&_nc_ohc=HYg49cI2YZcAX-9zZ_Y&_nc_ht=scontent-gru1-1.xx&_nc_tp=6&oh=01b6c1b62f1ec50ecebf77899555082d&oe=5EADE017,959,1,1,0,3,61,True
2016-08-29T20:51:01+0000,904277726319518_1149060711841217, , ,71,added_photos,https://scontent-gru2-2.xx.fbcdn.net/v/t1.0-9/s720x720/14141636_1149060381841250_6319898928212819605_n.png?_nc_cat=100&_nc_sid=05277f&_nc_ohc=fUZ7guiVfkgAX_A2tU2&_nc_ht=scontent-gru2-2.xx&oh=8d9f8065b04e8c11c5494a3771762d96&oe=5EADD766,949,0,5,0,6,88,False
2016-08-29T19:04:10+0000,904277726319518_1148939378520017,melhorar transito sao paulo tambem garantir seguranca pedestres ciclistas motoristas plano mobilidade reduzir quantidade mortes transito sempre estara objetivos ano relacao conseguimos diminuir numero vitimas fatais ruas preservando vida garantimos cidade humana saiba,melhorar transito sao paulo tambem garantir seguranca pedestres ciclistas motoristas plano mobilidade reduzir quantidade mortes transito sempre estara objetivos ano relacao conseguimos diminuir numero vitimas fatais ruas preservando vida garantimos cidade humana saiba,185,added_photos,https://scontent-gru1-1.xx.fbcdn.net/v/t31.0-8/p720x720/14195430_1148939378520017_3222558553280496036_o.jpg?_nc_cat=108&_nc_sid=2d5d41&_nc_ohc=FbxS-P-gnkQAX8kYlWI&_nc_ht=scontent-gru1-1.xx&_nc_tp=6&oh=2d0392b548e3403a4ef1c1d7e9a86554&oe=5EAE319C,1649,0,4,0,2,118,True
2016-08-28T22:28:10+0000,904277726319518_1148167061930582,bilhete unico mensal implantamos bilhete unico mensal intuito tratar trabalhador cidadao nao so faz trajeto casa trabalho trabalho casa tambem cidadao pode usufruir cidade parques cinemas vias abertas populacao domingos bilhete maos nao preocupacao carregar dinheiro ter carregar cartao frequentemente fica livre aproveitar cidade oferece importante porque pensamos cidade cada vez voltada pessoas uso cidadaos ideia diferente moderna aprofunda vinculo morador sao paulo,bilhete unico mensal implantamos bilhete unico mensal intuito tratar trabalhador cidadao nao so faz trajeto casa trabalho trabalho casa tambem cidadao pode usufruir cidade parques cinemas vias abertas populacao domingos bilhete maos nao preocupacao carregar dinheiro ter carregar cartao frequentemente fica livre aproveitar cidade oferece importante porque pensamos cidade cada vez voltada pessoas uso cidadaos ideia diferente moderna aprofunda vinculo morador sao paulo,191,added_photos,https://scontent-gru2-2.xx.fbcdn.net/v/t31.0-8/p720x720/14115609_1148167061930582_2056768300075078657_o.jpg?_nc_cat=100&_nc_sid=2d5d41&_nc_ohc=SWmxBDW604gAX8COQhF&_nc_ht=scontent-gru2-2.xx&_nc_tp=6&oh=4a017d215057ce794356e0b58656a3b1&oe=5EAC9D15,1127,2,4,1,0,83,True
2016-08-28T00:49:41+0000,904277726319518_1147380385342583,apresentamos novas ideias fizemos muitas obras coragem encarar problemas outros nao enfrentaram gracas tudo passamos posicao cidades congestionadas a confira acoes mobilidade urbana,apresentamos novas ideias fizemos muitas obras coragem encarar problemas outros nao enfrentaram gracas tudo passamos posicao cidades congestionadas a confira acoes mobilidade urbana,574,added_video,https://scontent-gru1-1.xx.fbcdn.net/v/t15.5256-10/14173224_1147386122008676_1234721768_n.jpg?_nc_cat=108&_nc_sid=ad6a45&_nc_ohc=V5dtKnA5VwAAX_4kSSt&_nc_ht=scontent-gru1-1.xx&oh=70fb3082054d98340bd801a4399f5f67&oe=5EAC1F74,1880,1,7,0,5,153,True
2016-08-27T18:03:51+0000,904277726319518_1147096238704331,sao paulo cidade incrivel antes nao conhecia potencial transformacao hoje sabe capacidade sabe cidade dinamica incrivel onde pessoas podem sentir casa conheca muitas acoes neste segundo programa compartilhe,sao paulo cidade incrivel antes nao conhecia potencial transformacao hoje sabe capacidade sabe cidade dinamica incrivel onde pessoas podem sentir casa conheca muitas acoes neste segundo programa compartilhe,505,added_video,https://scontent-gru1-1.xx.fbcdn.net/v/t15.5256-10/14104489_1147147792032509_1216491831_n.jpg?_nc_cat=101&_nc_sid=ad6a45&_nc_ohc=jZDoXOOK8DkAX8YRPjn&_nc_ht=scontent-gru1-1.xx&oh=65d86f176971a32c998370e36d218006&oe=5EAC46FE,2090,1,9,0,7,187,True
2016-08-27T14:01:21+0000,904277726319518_1146987925381829,plano mobilidade diferente prioriza transporte publico detrimento individual motorizado tendencia alinhada ha inovador mundo mobilidade urbana hoje trabalhadores motoristas cobradores dispoem conforto onibus arcondicionado wifi somados faixas corredores onibus criamos ambiente favoravel atraente uso transporte publico iniciativa moderna acrescenta qualidade trajeto tornandoo rapido util,plano mobilidade diferente prioriza transporte publico detrimento individual motorizado tendencia alinhada ha inovador mundo mobilidade urbana hoje trabalhadores motoristas cobradores dispoem conforto onibus arcondicionado wifi somados faixas corredores onibus criamos ambiente favoravel atraente uso transporte publico iniciativa moderna acrescenta qualidade trajeto tornandoo rapido util,182,added_photos,https://scontent-gru1-1.xx.fbcdn.net/v/t31.0-8/p720x720/14115069_1146987925381829_6644457574393246648_o.jpg?_nc_cat=104&_nc_sid=2d5d41&_nc_ohc=Z2E7xoo2EaYAX8WsR2f&_nc_ht=scontent-gru1-1.xx&_nc_tp=6&oh=629fa376595e7d1fbe0bea344ed35802&oe=5EAE378A,1356,2,5,2,2,91,True
2016-08-26T17:58:29+0000,904277726319518_1146291288784826,pessoal comecando nova campanha grande oportunidade conversarmos sobre cidade vou contar fizemos nestes quatros anos mobilidade urbana transporte educacao saude todas areas todas regioes cidade vou poder provar apesar crise entregamos muita coisa varios avancos hoje sao paulo cidade melhor cidade humana funcional amigavel cidade rumo sobre quero falar voce,pessoal comecando nova campanha grande oportunidade conversarmos sobre cidade vou contar fizemos nestes quatros anos mobilidade urbana transporte educacao saude todas areas todas regioes cidade vou poder provar apesar crise entregamos muita coisa varios avancos hoje sao paulo cidade melhor cidade humana funcional amigavel cidade rumo sobre quero falar voce,695,added_video,https://scontent-gru1-1.xx.fbcdn.net/v/t15.5256-10/14073559_1146294838784471_745354386_n.jpg?_nc_cat=104&_nc_sid=ad6a45&_nc_ohc=MhkVkw3xi0EAX8vDGT4&_nc_ht=scontent-gru1-1.xx&oh=025fb8de95515a0c87d9ecba0d3dae26&oe=5EAE5AC6,2459,3,6,0,6,255,True
2016-08-26T15:23:57+0000,904277726319518_1146183452128943,numeros nao contam historias pessoas sim historia priscila valentina integrante programa transcidadania tantas vidas sao assistidas todos dias politicas publicas implementamos porque conhecer melhor julgar via pense diferente sp,numeros nao contam historias pessoas sim historia priscila valentina integrante programa transcidadania tantas vidas sao assistidas todos dias politicas publicas implementamos porque conhecer melhor julgar via pense diferente sp,403,added_video,https://scontent-gru2-2.xx.fbcdn.net/v/t15.5256-10/14073392_1146184188795536_1304883444_n.jpg?_nc_cat=102&_nc_sid=ad6a45&_nc_ohc=26puVZryPysAX9H4Iit&_nc_ht=scontent-gru2-2.xx&oh=039d9d0a7653211c0ec42518043c598c&oe=5EAF7834,986,1,4,0,2,190,True
2016-08-25T13:07:00+0000,904277726319518_1144782482269040,passe livre estudantes conta quase mil beneficiarios estudante escola publica universidade publica beneficiario programas incentivo educacao fies prouni passagem integralmente custeada prefeitura beneficio aproxima estudante tambem clubes comunidade cdcs museus parques outros aparelhos publicos estimulo educacao lazer,passe livre estudantes conta quase mil beneficiarios estudante escola publica universidade publica beneficiario programas incentivo educacao fies prouni passagem integralmente custeada prefeitura beneficio aproxima estudante tambem clubes comunidade cdcs museus parques outros aparelhos publicos estimulo educacao lazer,375,added_photos,https://scontent-gru1-1.xx.fbcdn.net/v/t31.0-8/p720x720/14138125_1144782482269040_4706029677445417729_o.jpg?_nc_cat=108&_nc_sid=2d5d41&_nc_ohc=S7zw6hf7NO4AX9jnYc_&_nc_ht=scontent-gru1-1.xx&_nc_tp=6&oh=d01f6d7020fc86c3ef15a7d6a5a3dfeb&oe=5EACEDE5,1852,3,10,0,5,192,True
2016-08-24T22:30:00+0000,904277726319518_1144781782269110,pensamos sao paulo forma diferente cidade cada vez pessoas moradores voce democratizamos acesso educacao abertura recorde vagas ensino infantil implantacao ensino superior tecnico jovens baixa renda criando uniceu equipamos agilizamos transporte publico aproximamos voce cidade voce pode conferir muitas outras acoes propostas novo site wwwhaddadspcombr confira comente compartilhe ideia,pensamos sao paulo forma diferente cidade cada vez pessoas moradores voce democratizamos acesso educacao abertura recorde vagas ensino infantil implantacao ensino superior tecnico jovens baixa renda criando uniceu equipamos agilizamos transporte publico aproximamos voce cidade voce pode conferir muitas outras acoes propostas novo site wwwfhspcombr confira comente compartilhe ideia,162,added_photos,https://scontent-gru2-2.xx.fbcdn.net/v/t31.0-8/p720x720/14138024_1144781782269110_457089709045022196_o.png?_nc_cat=102&_nc_sid=2d5d41&_nc_ohc=AzReCdQ9seUAX8bZGtb&_nc_ht=scontent-gru2-2.xx&oh=29d354e1e14f5382e8de652de5ed8852&oe=5EADAA55,1085,5,3,0,1,79,True
2016-08-24T15:05:00+0000,904277726319518_1144519182295370,abrimos numero recorde vagas ensino infantil expansao rede mil novas vagas abertura novas creches atendemos primeiramente criancas tambem maes mulheres precisam ter direito trabalhar estudar cuidar familia,abrimos numero recorde vagas ensino infantil expansao rede mil novas vagas abertura novas creches atendemos primeiramente criancas tambem maes mulheres precisam ter direito trabalhar estudar cuidar familia,305,added_photos,https://scontent-gru2-2.xx.fbcdn.net/v/t31.0-8/p720x720/14124362_1144519182295370_497437566278498324_o.jpg?_nc_cat=106&_nc_sid=2d5d41&_nc_ohc=5SMff4N6MAAAX-BKvR0&_nc_ht=scontent-gru2-2.xx&_nc_tp=6&oh=22b3165dbf2e3b913ee372505b51a7ff&oe=5EAC80B6,1463,1,5,1,5,120,True
2016-08-23T22:56:01+0000,904277726319518_1143998015680820,participo ato defesa democracia casa portugal,participo ato defesa democracia casa portugal,372,added_video,https://scontent-gru2-1.xx.fbcdn.net/v/t15.5256-10/14030416_1144022949011660_1828361489_n.jpg?_nc_cat=109&_nc_sid=1055be&_nc_ohc=-BAPe09dfXMAX-DYFsF&_nc_ht=scontent-gru2-1.xx&oh=038a709450240e801fb3bff163dc6e4d&oe=5EAE58E7,2377,3,8,2,23,368,True
2016-08-23T18:56:43+0000,904277726319518_1143865875694034,qualidade ensino melhora remuneracao professor ser professor nao facil alem gigantesca responsabilidade carrega profissional dentro sala aula atualizarse sempre segurar turma dentro sala aula muitas vezes desafio sei porque professor tambem sei trabalho ensinar importantes sociedade tudo professor sabe falando reconhecimento vida ensinar nao pode ser menor sendo assim aumentamos piso salarial professor rede municipal r representa maiores pisos salariais pais area,qualidade ensino melhora remuneracao professor ser professor nao facil alem gigantesca responsabilidade carrega profissional dentro sala aula atualizarse sempre segurar turma dentro sala aula muitas vezes desafio sei porque professor tambem sei trabalho ensinar importantes sociedade tudo professor sabe falando reconhecimento vida ensinar nao pode ser menor sendo assim aumentamos piso salarial professor rede municipal r representa maiores pisos salariais pais area,180,added_photos,https://scontent-gru2-2.xx.fbcdn.net/v/t31.0-8/p720x720/14086359_1143865875694034_7589606067307433510_o.jpg?_nc_cat=105&_nc_sid=2d5d41&_nc_ohc=OUyoAHbPf-wAX_xNOYW&_nc_ht=scontent-gru2-2.xx&_nc_tp=6&oh=47dab6f78d1a1956db851864e0068c0c&oe=5EAE8576,1220,3,1,1,3,83,True
2016-08-23T03:34:58+0000,904277726319518_1143315385749083,fim debate band,fim debate band,1581,added_video,https://scontent-gru2-1.xx.fbcdn.net/v/t15.5256-10/14030392_1143318299082125_788483437_n.jpg?_nc_cat=107&_nc_sid=1055be&_nc_ohc=3z8YtYoQ6xkAX87X741&_nc_ht=scontent-gru2-1.xx&oh=ee0fa5d1bf9c0a8b1cf96215d5b7fa4d&oe=5EAF9A20,5689,41,23,4,74,1821,True
2016-08-23T00:47:44+0000,904277726319518_1143218752425413,h comeca debate band candidatos prefeitura sao paulo durante anos frente prefeitura sao paulo pensamos cidade forma diferente moderna humana voltada pessoas continuarmos avancando precisamos apoio todos todas acompanharam ate aqui participe haddadtmj twitter aqui facebook haddad tamo junto equipe haddad,h comeca debate band candidatos prefeitura sao paulo durante anos frente prefeitura sao paulo pensamos cidade forma diferente moderna humana voltada pessoas continuarmos avancando precisamos apoio todos todas acompanharam ate aqui participe fhtmj twitter aqui facebook fh tamo junto equipe fh,132,added_photos,https://scontent-gru1-1.xx.fbcdn.net/v/t31.0-8/p720x720/14102875_1143218752425413_775866939663566157_o.jpg?_nc_cat=108&_nc_sid=2d5d41&_nc_ohc=4wN9ODfUrS4AX9fVcRV&_nc_ht=scontent-gru1-1.xx&_nc_tp=6&oh=33bae4ff8bc855a2180ab02f96a87f8f&oe=5EAE2FB3,1647,4,5,0,9,136,True
2016-08-22T23:23:22+0000,904277726319518_1143170202430268,suplicy,suplicy,194,added_video,https://scontent-gru2-1.xx.fbcdn.net/v/t15.5256-10/14073652_1143173865763235_156759037_n.jpg?_nc_cat=107&_nc_sid=1055be&_nc_ohc=19D2uwqlnYIAX_ohisU&_nc_ht=scontent-gru2-1.xx&oh=eb59e49851a467e6652b99125dcbd71a&oe=5EAC1FEC,1336,8,6,1,6,421,True
2016-08-22T17:35:28+0000,904277726319518_1142924132454875,implantacao km corredores faixas onibus sao paulo politica sintonia ha moderno mundo incomum paises desenvolvidos pessoas usarem carros rotina ir trabalho escolas porque criou rede alternativa privilegiamos transporte coletivo estudos mostram eficiencia acao hoje passageiro economiza media quatro horas semanais durante transporte usuario ganha quatro horas estar familia estudar exercitar,implantacao km corredores faixas onibus sao paulo politica sintonia ha moderno mundo incomum paises desenvolvidos pessoas usarem carros rotina ir trabalho escolas porque criou rede alternativa privilegiamos transporte coletivo estudos mostram eficiencia acao hoje passageiro economiza media quatro horas semanais durante transporte usuario ganha quatro horas estar familia estudar exercitar,408,added_photos,https://scontent-gru2-1.xx.fbcdn.net/v/t31.0-8/p720x720/14067816_1142924132454875_3577417085772153201_o.jpg?_nc_cat=107&_nc_sid=2d5d41&_nc_ohc=psualiMv4m4AX_aF9Zt&_nc_ht=scontent-gru2-1.xx&_nc_tp=6&oh=862ad7bd0b8f96d1d9a2afb869918418&oe=5EAE17DD,2795,7,6,0,18,197,True
2016-08-21T19:48:18+0000,904277726319518_1142094022537886,algumas pessoas receio tomar medidas visao longo prazo medo reacoes instantaneas privilegiamos planejamento pensando sao paulo deve ser pensada metropole dinamica hoje cidade investimentos programados ate mobilidade habitacao educacao outros setores tornando sao paulo cidade referencia mundial obra acao governo isolada forma diferente governar garantir cidade legado duradouro sao paulo,algumas pessoas receio tomar medidas visao longo prazo medo reacoes instantaneas privilegiamos planejamento pensando sao paulo deve ser pensada metropole dinamica hoje cidade investimentos programados ate mobilidade habitacao educacao outros setores tornando sao paulo cidade referencia mundial obra acao governo isolada forma diferente governar garantir cidade legado duradouro sao paulo,1253,added_video,https://scontent-gru2-1.xx.fbcdn.net/v/t15.5256-10/14073398_1142103969203558_1946310513_n.jpg?_nc_cat=109&_nc_sid=ad6a45&_nc_ohc=Zzct1YsYbacAX-8kFw_&_nc_ht=scontent-gru2-1.xx&oh=4475d877c76f4af32a85e7e9469e00cd&oe=5EAF1320,3453,5,12,0,2,303,True
2016-08-20T16:26:55+0000,904277726319518_1141005832646705, , ,464,added_photos,https://scontent-gru2-1.xx.fbcdn.net/v/t1.0-9/14054939_1141005782646710_6844006920986263989_n.jpg?_nc_cat=109&_nc_sid=7aed08&_nc_ohc=q46SOgLQ7BoAX_VhK5_&_nc_ht=scontent-gru2-1.xx&oh=ed42a4cbbf5fe7a0e6e7745762709dfd&oe=5EAD70B6,10040,9,78,3,28,1090,False
2016-08-19T23:42:52+0000,904277726319518_1140404492706839, , ,99,added_photos,https://scontent-gru2-2.xx.fbcdn.net/v/t1.0-9/s720x720/13903160_1140404449373510_1453339882256995023_n.png?_nc_cat=105&_nc_sid=05277f&_nc_ohc=4lr2snnt0D8AX8vsxrb&_nc_ht=scontent-gru2-2.xx&oh=7a0cad98fa74afd10db456d811787f74&oe=5EAF8625,1498,2,1,0,1,98,False
2016-08-19T15:09:22+0000,904277726319518_1139921636088458,violencia transito pessoa deficiencia vantagem campanha deixar claras eventuais divergencias uns defendem extincao secretaria pessoa deficiencia ja outros criticam ideia defendem aumento velocidade maxima ruas cidade sera nao sabem acidentes transito sao causa casos paraplegia tetraplegia sera nao sabem numero vitimas transito invalidez permanente aumentou vezes nao pra entender,violencia transito pessoa deficiencia vantagem campanha deixar claras eventuais divergencias uns defendem extincao secretaria pessoa deficiencia ja outros criticam ideia defendem aumento velocidade maxima ruas cidade sera nao sabem acidentes transito sao causa casos paraplegia tetraplegia sera nao sabem numero vitimas transito invalidez permanente aumentou vezes nao pra entender,115,shared_story,https://external-gru1-1.xx.fbcdn.net/safe_image.php?d=AQAN7tw_zpLPfH8x&url=http%3A%2F%2Fwww.estadao.com.br%2Festadao%2Fnovo%2Fimg%2Festadao.gif&_nc_hash=AQCLXVYM9tIcICxy,672,1,8,5,2,20,True
2016-08-18T14:10:01+0000,904277726319518_1139128312834457,obrigado dom angelico cafe manha brasilandia apoio declarado senhor referencia moral social importante todos,obrigado dom angelico cafe manha brasilandia apoio declarado senhor referencia moral social importante todos,325,added_photos,https://scontent-gru2-2.xx.fbcdn.net/v/t31.0-8/s720x720/13975557_1139128312834457_2094244252361053287_o.jpg?_nc_cat=106&_nc_sid=2d5d41&_nc_ohc=PJTAX5u6irkAX8UlFhl&_nc_ht=scontent-gru2-2.xx&_nc_tp=7&oh=a9ec81f94d9714b51e70cfb790914210&oe=5EAE9075,2328,2,8,0,4,128,True
2016-08-17T18:46:46+0000,904277726319518_1138532679560687,perfil instagram alguns canais comunicacao voces redes sociais agora tambem instagram so seguir acompanhar fotos vou postar haddadfernando,perfil instagram alguns canais comunicacao voces redes sociais agora tambem instagram so seguir acompanhar fotos vou postar fhfh,163,added_photos,https://scontent-gru1-1.xx.fbcdn.net/v/t1.0-9/p720x720/14022132_1138532679560687_5434382553538303081_n.jpg?_nc_cat=101&_nc_sid=2d5d41&_nc_ohc=hHpAVTsWINkAX-0LY3Q&_nc_ht=scontent-gru1-1.xx&_nc_tp=6&oh=4165f1a7f16f83f6e47190621f824d6b&oe=5EAD1811,895,0,0,0,4,43,True
2016-08-17T13:31:59+0000,904277726319518_1136649599748995,vezes perguntam sobre chalita conheco ha anos grande quadro vem aproximando campo progressista ha tempos somou projeto mudando partido epoca facil ficar partido voce sabe poucos politicos tomariam atitude vale pena assistir video saber pouco penso sobre via podemos,vezes perguntam sobre chalita conheco ha anos grande quadro vem aproximando campo progressista ha tempos somou projeto mudando partido epoca facil ficar partido voce sabe poucos politicos tomariam atitude vale pena assistir video saber pouco penso sobre via podemos,230,added_video,https://scontent-gru2-2.xx.fbcdn.net/v/t15.5256-10/13935845_1136658533081435_649645914_n.jpg?_nc_cat=106&_nc_sid=ad6a45&_nc_ohc=cbX655km4CYAX8lSyIW&_nc_ht=scontent-gru2-2.xx&oh=699c1149080c48afded9e3ea83dd83f5&oe=5EAE2E3A,1236,5,3,18,15,59,True
2016-08-15T19:13:55+0000,904277726319518_1136865046394117,texto reflexao sobre escola partido golpe,texto reflexao sobre escola partido golpe,670,shared_story,https://external-gru1-1.xx.fbcdn.net/safe_image.php?d=AQBUjoXdL33ku4C0&url=http%3A%2F%2Fimguol.com%2Fc%2Fnoticias%2F23%2F2016%2F07%2F20%2Fprofessores-tem-se-posicionado-contra-as-ideias-do-escola-sem-partido-1469038029656_615x470.jpg&_nc_hash=AQAzgWCMpepfVkxM,3058,2,4,58,16,124,True
2016-08-14T18:34:45+0000,904277726319518_1136024636478158,nesse dia pais entrevista mae filhos,nesse dia pais entrevista mae filhos,540,shared_story,https://external-gru1-1.xx.fbcdn.net/safe_image.php?d=AQDKSkJ7DIgOt4t_&url=http%3A%2F%2Fwww.diariodocentrodomundo.com.br%2Fwp-content%2Fuploads%2F2016%2F08%2Fana-estela2.jpg&_nc_hash=AQCc6rCL32Co3br9,6569,1,24,0,3,568,True
2016-08-13T18:16:17+0000,904277726319518_1134285009985454,nesses quase anos administracao preferimos diminuir gastos publicidade atender areas precisavam recursos realmente mudassem vida paulistanos continuar atendendo precisa trabalho serio erros acertos criticas sao bemvindas possamos corrigir erros trabalhar construir politicas publicas atendam cada vez cidadaos sao paulo,nesses quase anos administracao preferimos diminuir gastos publicidade atender areas precisavam recursos realmente mudassem vida paulistanos continuar atendendo precisa trabalho serio erros acertos criticas sao bemvindas possamos corrigir erros trabalhar construir politicas publicas atendam cada vez cidadaos sao paulo,252,added_video,https://scontent-gru2-2.xx.fbcdn.net/v/t15.5256-10/13936252_1134288653318423_1961001998_n.jpg?_nc_cat=102&_nc_sid=ad6a45&_nc_ohc=5mz0c2sVfcMAX-V-pWx&_nc_ht=scontent-gru2-2.xx&oh=bd7ac047a110dc2c1fe68f3dd59c5e35&oe=5EADD3CE,1901,2,3,0,3,145,True
2016-08-11T20:51:18+0000,904277726319518_1132951413452147,monumento zumbi novembro mes consciencia negra vamos homenagear zumbi palmares simbolo luta populacao negra brasil monumento ontem recebi jose maria santos conhecido jofe artista venceu concurso criar escultura obra sera instalada proximidades antiga igreja rosario homens pretos centro cidade gente nunca esqueca historia resistencia escravidao,monumento zumbi novembro mes consciencia negra vamos homenagear zumbi palmares simbolo luta populacao negra brasil monumento ontem recebi jose maria santos conhecido jofe artista venceu concurso criar escultura obra sera instalada proximidades antiga igreja rosario homens pretos centro cidade gente nunca esqueca historia resistencia escravidao,219,added_photos,https://scontent-gru2-2.xx.fbcdn.net/v/t31.0-8/s720x720/13988125_1132951413452147_8048225295350450392_o.jpg?_nc_cat=100&_nc_sid=2d5d41&_nc_ohc=VEOYpELt2CYAX8t0jF3&_nc_ht=scontent-gru2-2.xx&_nc_tp=7&oh=5dad92c33ec642c840b53d289777ed8a&oe=5EAEF985,1756,0,22,0,2,177,True
2016-08-09T22:22:41+0000,904277726319518_1132114536869168,amanha horas vou participar sabatina radio tv estadao sera oportunidade conversar sobre acoes governo sobre futuro cidade acompanhe site,amanha horas vou participar sabatina radio tv estadao sera oportunidade conversar sobre acoes governo sobre futuro cidade acompanhe site,36,mobile_status_update,None,1184,0,2,1,11,54,True
2016-08-07T16:15:51+0000,904277726319518_1128167993930489,nesta semana comite olimpico internacional anunciou inclusao quatro novas modalidades proximos jogos olimpicos toquio skate fico feliz saber governo criamos melhores condicoes pratica desse esporte construimos skate park chacara jockey pista parque dom pedro ii centro esportes radicais bom retiro vai contar ate outubro segundo maior skate park brasil reestruturacao praca roosevelt alem diversas pistas skate espalhadas bairros cidade,nesta semana comite olimpico internacional anunciou inclusao quatro novas modalidades proximos jogos olimpicos toquio skate fico feliz saber governo criamos melhores condicoes pratica desse esporte construimos skate park chacara jockey pista parque dom pedro ii centro esportes radicais bom retiro vai contar ate outubro segundo maior skate park brasil reestruturacao praca roosevelt alem diversas pistas skate espalhadas bairros cidade,238,added_photos,https://scontent-gru1-1.xx.fbcdn.net/v/t31.0-8/s720x720/13909048_1128167993930489_3018519474782290108_o.jpg?_nc_cat=104&_nc_sid=2d5d41&_nc_ohc=52SQ2mkZXi8AX9hxYpO&_nc_ht=scontent-gru1-1.xx&_nc_tp=7&oh=2757e85a35d3a41b64923a52a9398ae3&oe=5EADACAE,2437,3,9,0,2,161,True
2016-08-06T14:59:47+0000,904277726319518_1129603873786901,cinema periferia feliz anunciar batemos marca mil espectadores salas publicas cinema circuito spcine hoje salas facil acesso moradores periferia todas regioes cidade porque acreditamos populacao direito ver todo tipo producao cinematografica graca equipamentos ponta,cinema periferia feliz anunciar batemos marca mil espectadores salas publicas cinema circuito spcine hoje salas facil acesso moradores periferia todas regioes cidade porque acreditamos populacao direito ver todo tipo producao cinematografica graca equipamentos ponta,187,shared_story,https://external-gru1-1.xx.fbcdn.net/safe_image.php?d=AQD3m9YVHo7LNO9a&url=http%3A%2F%2Fwww.circuitospcine.com.br%2Fimg%2Fpost.jpg&_nc_hash=AQAWYC9CmnMWlBSF,1064,3,9,0,0,84,True
2016-08-05T17:37:07+0000,904277726319518_1128733913873897,deem olhada resultados politica mobilidade privilegia transporte coletivo ultimo ano velocidade media onibus aumentou modo expressivo corredores faixas exclusivas ate vias compartilhadas melhora nao precedente historia sao paulo caminho certo,deem olhada resultados politica mobilidade privilegia transporte coletivo ultimo ano velocidade media onibus aumentou modo expressivo corredores faixas exclusivas ate vias compartilhadas melhora nao precedente historia sao paulo caminho certo,564,added_photos,https://scontent-gru2-2.xx.fbcdn.net/v/t31.0-8/s720x720/13958258_1128733913873897_3880178832667564828_o.jpg?_nc_cat=100&_nc_sid=2d5d41&_nc_ohc=WCS2XRfUJsAAX_HlVYq&_nc_ht=scontent-gru2-2.xx&_nc_tp=7&oh=7ba50848b6c9e2bf4d2d13ef370c9991&oe=5EAFF967,3102,2,22,0,3,223,True
2016-08-04T17:43:29+0000,904277726319518_1128133873933901,orgulhoso trabalho recuperacao r milhoes recursos desviados gestao passada montante expressivo vai ser devolvido sociedade forma creches parques gestao ja recuperou cofres publicos cerca milhoes reais gracas acoes combinadas controladoria ministerio publico procuradoria geral municipio relativas operacao agua espraiada mafia iss alem disso bloqueamos equivalente r milhoes imoveis servidores ja exonerados bem servico publico tudo somado sao r milhoes devolvemos direito voce,orgulhoso trabalho recuperacao r milhoes recursos desviados gestao passada montante expressivo vai ser devolvido sociedade forma creches parques gestao ja recuperou cofres publicos cerca milhoes reais gracas acoes combinadas controladoria ministerio publico procuradoria geral municipio relativas operacao agua espraiada mafia iss alem disso bloqueamos equivalente r milhoes imoveis servidores ja exonerados bem servico publico tudo somado sao r milhoes devolvemos direito voce,1433,shared_story,https://external-gru1-1.xx.fbcdn.net/safe_image.php?d=AQAKU3Mn3LSa6igo&url=https%3A%2F%2Fs03.video.glbimg.com%2Fx720%2F5209874.jpg&_nc_hash=AQBNwmMHyi6OlvjC,5916,7,80,0,4,605,True
2016-08-03T14:43:22+0000,904277726319518_1127276224019666,numero aceitavel mortes transito cidade sao paulo video responde pergunta cientificamente,numero aceitavel mortes transito cidade sao paulo video responde pergunta cientificamente,21070,added_video,https://scontent-gru2-2.xx.fbcdn.net/v/t15.5256-10/13896556_1127278504019438_1190115612_n.jpg?_nc_cat=100&_nc_sid=ad6a45&_nc_ohc=PWMbh1xoC-oAX--Ri5n&_nc_ht=scontent-gru2-2.xx&oh=814207d3a34edb94522eeeae66e92f69&oe=5EAD4539,7525,3,71,328,9,777,True
2016-08-01T19:22:23+0000,904277726319518_1125849637495658,sp sempre tentando estar vanguarda gestao quer sempre aproximar pessoas espacos publicos conquistem cada vez direito cidade nessa linha tentamos implantar sao paulo projeto aproveitasse cemiterios espacos lazer cultura parque memoria vezes dificil mudar forma pensar jamais perderemos iniciativa aplicar sao paulo politicas inovadoras reconhecidas estruturadas outras cidades mundo,sp sempre tentando estar vanguarda gestao quer sempre aproximar pessoas espacos publicos conquistem cada vez direito cidade nessa linha tentamos implantar sao paulo projeto aproveitasse cemiterios espacos lazer cultura parque memoria vezes dificil mudar forma pensar jamais perderemos iniciativa aplicar sao paulo politicas inovadoras reconhecidas estruturadas outras cidades mundo,275,added_photos,https://scontent-gru1-1.xx.fbcdn.net/v/t31.0-8/s720x720/13652890_1125849637495658_8505002562737803423_o.jpg?_nc_cat=103&_nc_sid=2d5d41&_nc_ohc=4mVlT8ndbP4AX8q2RjJ&_nc_ht=scontent-gru1-1.xx&_nc_tp=7&oh=d631a1035c294a9e4d0821d25f5a30ec&oe=5EAF41CE,2566,9,6,166,14,88,True
2016-08-01T13:42:28+0000,904277726319518_1125652170848738,ontem visitei ocupacao douglas rodrigues vila maria ha duas semanas atingida incendio conversar moradores acompanhar trabalho subprefeitura fazendo obras seguranca regiao,ontem visitei ocupacao douglas rodrigues vila maria ha duas semanas atingida incendio conversar moradores acompanhar trabalho subprefeitura fazendo obras seguranca regiao,37,added_photos,https://scontent-gru2-1.xx.fbcdn.net/v/t31.0-8/s720x720/13920193_1125652170848738_3089594795171895215_o.jpg?_nc_cat=109&_nc_sid=2d5d41&_nc_ohc=LweZ0PHqJPIAX9KWG65&_nc_ht=scontent-gru2-1.xx&_nc_tp=7&oh=fde95144d858a51da9314965e11ca254&oe=5EAD3E2B,782,0,0,9,2,38,True
2016-08-01T00:18:57+0000,904277726319518_1125205740893381,imperdivel nelson cavaquinho voz israelense noa peled gian correa violao cordas faz acontecer,imperdivel nelson cavaquinho voz israelense noa peled gian correa violao cordas faz acontecer,177,shared_story,https://external-gru1-1.xx.fbcdn.net/safe_image.php?d=AQARcdUoQLi9hQH_&w=1920&h=1080&url=https%3A%2F%2Fi.ytimg.com%2Fvi%2FtyAIIKk1qwo%2Fmaxresdefault.jpg&crop&sx=0&sy=0&sw=1920&sh=1080&_nc_hash=AQCQLOgfYYGOASpk,632,0,0,0,0,51,True
2016-07-29T21:22:10+0000,904277726319518_1123544887726133,africa escolas durante anos unesco reuniu especialistas historia continente africano produziu obra monumental consolidada oito volumes chamada historia geral africa ministro educacao tomamos iniciativa traduzir toda obra lingua portuguesa seguida sintetizamos todos volumes dois livros acessiveis toda comunidade academica agora prefeito transformamos material riquissimo livro didatico primeiro baseado naquela obra fico feliz ver projeto concretizado ver trabalho dessa envergadura fazer parte formacao basica estudantes rede municipal maior interesse segue link obra completa,africa escolas durante anos unesco reuniu especialistas historia continente africano produziu obra monumental consolidada oito volumes chamada historia geral africa ministro educacao tomamos iniciativa traduzir toda obra lingua portuguesa seguida sintetizamos todos volumes dois livros acessiveis toda comunidade academica agora prefeito transformamos material riquissimo livro didatico primeiro baseado naquela obra fico feliz ver projeto concretizado ver trabalho dessa envergadura fazer parte formacao basica estudantes rede municipal maior interesse segue link obra completa,48526,added_video,https://scontent-gru2-1.xx.fbcdn.net/v/t15.5256-10/13896152_1123547321059223_1061929818_n.jpg?_nc_cat=111&_nc_sid=ad6a45&_nc_ohc=bzPCwv-2xAUAX_Ksuv_&_nc_ht=scontent-gru2-1.xx&oh=d72f7f9f491288ed36709fa16901aad4&oe=5EAEE4D3,31319,21,544,4,14,8858,True
2016-07-27T15:40:06+0000,904277726319518_1121867101227245, , ,66,added_photos,https://scontent-gru1-1.xx.fbcdn.net/v/t1.0-9/s720x720/13627116_1121867087893913_2131675666601788783_n.jpg?_nc_cat=104&_nc_sid=05277f&_nc_ohc=KCYHEOn2wrEAX_RKuDl&_nc_ht=scontent-gru1-1.xx&_nc_tp=7&oh=407b9f4b62c038764007b5cdfd7a5502&oe=5EAE7084,2159,0,10,0,4,161,False
2016-07-26T22:20:54+0000,904277726319518_1121298641284091,domingo julho convencao homologacao candidatura fernando haddad prefeitura sao paulo,domingo julho convencao homologacao candidatura fh prefeitura sao paulo,84,added_photos,https://scontent-gru1-1.xx.fbcdn.net/v/t31.0-8/s720x720/13767274_1121298641284091_3209191986090223628_o.jpg?_nc_cat=101&_nc_sid=e007fa&_nc_ohc=JJZppPxRr3QAX9oyh3j&_nc_ht=scontent-gru1-1.xx&_nc_tp=7&oh=f376554a78b303cd1113dcd927053540&oe=5EACC5C1,1724,3,5,0,6,153,True
2016-07-26T19:38:41+0000,904277726319518_1121192061294749,lei fomento periferias semana passada sancionei lei fomento periferias vai destinar verbas iniciativas culturais bairros sao paulo alta vulnerabilidade social demanda antiga coletivos cultura periferia agora contam fonte financiamento exclusiva,lei fomento periferias semana passada sancionei lei fomento periferias vai destinar verbas iniciativas culturais bairros sao paulo alta vulnerabilidade social demanda antiga coletivos cultura periferia agora contam fonte financiamento exclusiva,1054,added_video,https://scontent-gru2-1.xx.fbcdn.net/v/t15.5256-10/13601487_1121193271294628_1861399733_n.jpg?_nc_cat=109&_nc_sid=ad6a45&_nc_ohc=xtQqfXRFrCoAX_F6MWt&_nc_ht=scontent-gru2-1.xx&oh=93b918c97be7452331eff4da2bde37e3&oe=5EAEBACC,1692,1,10,0,3,155,True
2016-07-23T12:03:04+0000,904277726319518_1118857078194914,pessoal entrei snapchat voces possam acompanhar pouco dia dia so adicionar haddadfernando,pessoal entrei snapchat voces possam acompanhar pouco dia dia so adicionar fhfh,37,added_photos,https://scontent-gru2-1.xx.fbcdn.net/v/t1.0-9/13700086_1118857078194914_7868197201627997462_n.jpg?_nc_cat=107&_nc_sid=2d5d41&_nc_ohc=y_tykKcByAwAX_A7MC4&_nc_ht=scontent-gru2-1.xx&oh=7d11cb9666e2ed6f2ce9f35719993d31&oe=5EAD6814,1130,12,1,1,3,167,True
2016-07-22T20:11:46+0000,904277726319518_1118236854923603,honra ser convidado patrono turma formandos ecausp ontem cerimonia colacao grau muita energia boa sucesso todos voces,honra ser convidado patrono turma formandos ecausp ontem cerimonia colacao grau muita energia boa sucesso todos voces,199,added_photos,https://scontent-gru1-1.xx.fbcdn.net/v/t31.0-0/p180x540/13708318_1118230521590903_5678367107829256374_o.jpg?_nc_cat=108&_nc_sid=8024bb&_nc_ohc=yTY18NZ328AAX9wZjq3&_nc_ht=scontent-gru1-1.xx&_nc_tp=6&oh=3b712e857c5f51615b97ba7f10ead8d1&oe=5EAC495E,3839,2,22,0,1,418,True
2016-07-22T11:01:47+0000,904277726319518_1117634934983795,novo parque municipal fundao zona sul acabamos adquirir area mil m fundao m boi beira represa guarapiranga novo parque municipal contara centro cultural escola esportes nauticos alem enorme area lazer ja consolidada investimento oferecera lazer populacao trabalhadora ate agora desprovida equipamentos publicos esporte cultura ate agosto sera aberto publico tudo fotos equipamento,novo parque municipal fundao zona sul acabamos adquirir area mil m2 fundao m boi beira represa guarapiranga novo parque municipal contara centro cultural escola esportes nauticos alem enorme area lazer ja consolidada investimento oferecera lazer populacao trabalhadora ate agora desprovida equipamentos publicos esporte cultura ate agosto sera aberto publico tudo fotos equipamento,1643,added_video,https://scontent-gru2-1.xx.fbcdn.net/v/t15.5256-10/13700272_1117635784983710_2098039565_n.jpg?_nc_cat=107&_nc_sid=ad6a45&_nc_ohc=riamq8J-S0EAX9w7jKA&_nc_ht=scontent-gru2-1.xx&oh=11e0aede4dd2f96f9c8bf1bffedc44f6&oe=5EAD7662,2846,2,54,2,5,270,True
2016-07-21T23:00:00+0000,904277726319518_1117603424986946,proximo domingo dia vai ocorrer convencao homologacao candidatura prefeitura sao paulo dia intensificar luta sao paulo melhor moderna humana convido todas todos participar desse momento gente vai ser quadra bancarios manha,proximo domingo dia vai ocorrer convencao homologacao candidatura prefeitura sao paulo dia intensificar luta sao paulo melhor moderna humana convido todas todos participar desse momento gente vai ser quadra bancarios manha,764,added_video,https://scontent-gru2-2.xx.fbcdn.net/v/t15.5256-10/13697322_1117603971653558_456488139_n.jpg?_nc_cat=105&_nc_sid=ad6a45&_nc_ohc=xjyADgTgtF0AX9JfWAI&_nc_ht=scontent-gru2-2.xx&oh=a36063850d9760a333e596259aa34d66&oe=5EAD9361,3683,12,4,2,20,455,True
2016-07-21T12:18:34+0000,904277726319518_1117134861700469,obra viaria sp comeco semana fiz ultima vistoria obras ponte itapaiuna faz parte grande projeto viario zona sul complexo chucri zaidan obra vai aliviar transito ponte joao dias regiao vila andrade paraisopolis facilita vida vem estrada itapecerica obra viaria grande importancia pro arco pinheiros compoe arco futuro,obra viaria sp comeco semana fiz ultima vistoria obras ponte itapaiuna faz parte grande projeto viario zona sul complexo chucri zaidan obra vai aliviar transito ponte joao dias regiao vila andrade paraisopolis facilita vida vem estrada itapecerica obra viaria grande importancia pro arco pinheiros compoe arco futuro,548,added_video,https://scontent-gru2-2.xx.fbcdn.net/v/t15.5256-10/13700367_1117138618366760_1958521804_n.jpg?_nc_cat=106&_nc_sid=ad6a45&_nc_ohc=iL8AMsuZ77kAX9_GdxB&_nc_ht=scontent-gru2-2.xx&oh=2d92bcb0479c9e20e447887e8d842daa&oe=5EAD522D,1671,1,11,0,2,96,True
2016-07-19T18:02:22+0000,904277726319518_1116166838463938,sobre incendio vila maria hoje primeira hora dia recebemos representantes comunidade vila maria onde infelizmente aconteceu incendio dia ontem alem prestar solidariedade vitimas alinhamos estrategias minimizar estragos provocados fogo mobilizando equipes emergencia responsaveis apesar reducao incendios favelas sao paulo longo mandato fatos ainda ocorrem cidade exigem total dedicacao,sobre incendio vila maria hoje primeira hora dia recebemos representantes comunidade vila maria onde infelizmente aconteceu incendio dia ontem alem prestar solidariedade vitimas alinhamos estrategias minimizar estragos provocados fogo mobilizando equipes emergencia responsaveis apesar reducao incendios favelas sao paulo longo mandato fatos ainda ocorrem cidade exigem total dedicacao,39,added_photos,https://scontent-gru1-1.xx.fbcdn.net/v/t31.0-8/s720x720/13724022_1116166838463938_4409685286472497706_o.jpg?_nc_cat=104&_nc_sid=2d5d41&_nc_ohc=L4Um3FA2aa4AX__1md4&_nc_ht=scontent-gru1-1.xx&_nc_tp=7&oh=cff2df6b1229d7787f5d7f4ea616a9d9&oe=5EAEC320,525,1,0,17,1,12,True
2016-07-18T20:38:32+0000,904277726319518_1115531358527486,inovacao limpeza urbana visitar bigtainer brasilandia container subterraneo coleta lixo conta sistema mecanizado bastante avancado cartoes magneticos acionam abertura recipiente atinge maximo armazenamento sinal emitido limpeza capacidade toneladas recebe residuos domiciliares organicos embalagens residuos banheiro sao paulo conta experiencias inovadoras limpeza urbana,inovacao limpeza urbana visitar bigtainer brasilandia container subterraneo coleta lixo conta sistema mecanizado bastante avancado cartoes magneticos acionam abertura recipiente atinge maximo armazenamento sinal emitido limpeza capacidade toneladas recebe residuos domiciliares organicos embalagens residuos banheiro sao paulo conta experiencias inovadoras limpeza urbana,9136,added_video,https://scontent-gru1-1.xx.fbcdn.net/v/t15.5256-10/13722471_1115535041860451_231948341_n.jpg?_nc_cat=110&_nc_sid=ad6a45&_nc_ohc=bkJT2R_HXJAAX9aM8N-&_nc_ht=scontent-gru1-1.xx&oh=ee80bec233939051988869154f918826&oe=5EACC72D,7002,5,250,0,4,423,True
2016-07-16T14:49:44+0000,904277726319518_1114094975337791,desembarque seguro ontem sancionei lei autoriza motoristas onibus parar pontos mulheres idosos possam descer locais acessiveis seguros medida vale periodo noturno horas horas,desembarque seguro ontem sancionei lei autoriza motoristas onibus parar pontos mulheres idosos possam descer locais acessiveis seguros medida vale periodo noturno horas horas,1163,mobile_status_update,None,9035,5,43,0,4,1107,True
2016-07-15T18:04:30+0000,904277726319518_1113500428730579,assedio sexual jamais pode ser naturalizado contrario ser enfrentado punido aprovamos lei combate assedio administracao municipal marco medida assegura canal seguro denuncia apoio mostra quanto governo comprometido demanda historica sobretudo mulheres enfrentamento tipo violencia,assedio sexual jamais pode ser naturalizado contrario ser enfrentado punido aprovamos lei combate assedio administracao municipal marco medida assegura canal seguro denuncia apoio mostra quanto governo comprometido demanda historica sobretudo mulheres enfrentamento tipo violencia,104,shared_story,https://external-gru1-1.xx.fbcdn.net/safe_image.php?d=AQCu5MU_IbxAMG0L&url=fbstaging%3A%2F%2Fgraph.facebook.com%2Fstaging_resources%2FMDE1MzM4ODIzMjY4MTAyMDk6MTAxNTQzMDczNw%3D%3D&_nc_hash=AQCsx_9nZoYOJr48,475,0,4,0,2,41,True
2016-07-14T11:15:45+0000,904277726319518_1054103068003649,merenda organica enquanto alguns governos oferecem merenda seca criancas jovens cidade sao paulo inova vez ministro educacao aprovei lei federal obriga uso verba alimentacao escolar aquisicao produtos provenientes agricultura familiar prefeito aprovei lei municipal ainda avancada propondo substituicao gradativa produtos organicos,merenda organica enquanto alguns governos oferecem merenda seca criancas jovens cidade sao paulo inova vez ministro educacao aprovei lei federal obriga uso verba alimentacao escolar aquisicao produtos provenientes agricultura familiar prefeito aprovei lei municipal ainda avancada propondo substituicao gradativa produtos organicos,2983,added_video,https://scontent-gru1-1.xx.fbcdn.net/v/t15.5256-10/12496775_1054103548003601_1883703446_n.jpg?_nc_cat=103&_nc_sid=ad6a45&_nc_ohc=QrLUDGuKLkMAX8OJ553&_nc_ht=scontent-gru1-1.xx&oh=77772bcd5beeaac4502487062a81bc06&oe=5EAFB320,4053,7,33,0,7,574,True
2016-07-13T21:24:54+0000,904277726319518_1112062265541062,ceagesp perus novo bairro vila leopoldina recebemos hoje manifestacao interesse construcao novo entreposto perus vantagens economicas sociais ambientais urbanisticas projeto sao formidaveis gera empregos perus area atendida cptm duas rodovias anhanguera bandeirantes rodoanel futuro ferroanel recupera area mananciais perus cria area institucional pracas equipamentos sociais mil m cria novo bairro misto vila leopoldina abrindo espaco polo desenvolvimento integrado vizinho usp servido duas linhas cptm dois parques villalobos vilasboas cria vila leopoldina area institucional mil m retira mil caminhoesdia regiao poluida congestionada cidade abre caminho desenvolvimento urbano entroncamento duas marginais criando condicoes arco tiete qualifique longo eixo lapacentro dois sitios previsao criacao mil novos empregos investimentos r bilhoes reais,ceagesp perus novo bairro vila leopoldina recebemos hoje manifestacao interesse construcao novo entreposto perus vantagens economicas sociais ambientais urbanisticas projeto sao formidaveis gera empregos perus area atendida cptm duas rodovias anhanguera bandeirantes rodoanel futuro ferroanel recupera area mananciais perus cria area institucional pracas equipamentos sociais mil m2 cria novo bairro misto vila leopoldina abrindo espaco polo desenvolvimento integrado vizinho usp servido duas linhas cptm dois parques villalobos vilasboas cria vila leopoldina area institucional mil m2 retira mil caminhoesdia regiao poluida congestionada cidade abre caminho desenvolvimento urbano entroncamento duas marginais criando condicoes arco tiete qualifique longo eixo lapacentro dois sitios previsao criacao mil novos empregos investimentos r bilhoes reais,418,added_video,https://scontent-gru2-2.xx.fbcdn.net/v/t15.5256-10/13697315_1112068938873728_1294227716_n.jpg?_nc_cat=106&_nc_sid=ad6a45&_nc_ohc=vjXEtd99ucQAX9bvpPF&_nc_ht=scontent-gru2-2.xx&oh=f4e009c8041b8f62748358d345713a45&oe=5EAEFAEA,1405,2,26,0,1,84,True
2016-07-13T17:17:07+0000,904277726319518_1111945832219372,imigrante aqui cidadao semana passada abertura vii forum social mundial migracoes assinei lei garante direitos populacao imigrante presente sao paulo longo gestao desempenhamos papel vanguarda pais questao imigrantes reconhecendoos cidadaos promover integracao social cultural economica cidade sao paulo modo pioneiro criamos coordenadoria politicas imigrantes inauguramos primeiro centro referencia atendimento imigrante garantimos espaco imigrantes conselhos participativos municipais proporcionamos bancarizacao comunidade imigrante mediante acordo bancos publicos fizemos mutiroes emissao documentos carteiras trabalho valorizamos regularizamos feiras ruas coimbra rosario demos apoio atividades culturais festa alasitas outras acoes importantes varias dessas conquistas agora estao garantidas lei,imigrante aqui cidadao semana passada abertura vii forum social mundial migracoes assinei lei garante direitos populacao imigrante presente sao paulo longo gestao desempenhamos papel vanguarda pais questao imigrantes reconhecendoos cidadaos promover integracao social cultural economica cidade sao paulo modo pioneiro criamos coordenadoria politicas imigrantes inauguramos primeiro centro referencia atendimento imigrante garantimos espaco imigrantes conselhos participativos municipais proporcionamos bancarizacao comunidade imigrante mediante acordo bancos publicos fizemos mutiroes emissao documentos carteiras trabalho valorizamos regularizamos feiras ruas coimbra rosario demos apoio atividades culturais festa alasitas outras acoes importantes varias dessas conquistas agora estao garantidas lei,116,added_photos,https://scontent-gru1-1.xx.fbcdn.net/v/t1.0-9/s720x720/13631642_1111945832219372_1234491714602918_n.jpg?_nc_cat=110&_nc_sid=2d5d41&_nc_ohc=yFBQXghBMhMAX-l0zeY&_nc_ht=scontent-gru1-1.xx&_nc_tp=7&oh=4c0e9f5406194f0eab04fc254d4153b5&oe=5EAC6AB8,911,0,3,0,1,95,True
2016-07-12T20:55:05+0000,904277726319518_1111208885626400,numero acidentes vitimas cem mil habitantes diminuiu consideravelmente sao paulo enquanto aumentou resto estado sao paulo definitivamente cai terra argumento repetido alguns especialistas acentuada queda numero mortos feridos cidade ver crise economica nao crise politica publica calcadas ciclovias faixas exclusivas reducao velocidade maxima etc,numero acidentes vitimas cem mil habitantes diminuiu consideravelmente sao paulo enquanto aumentou resto estado sao paulo definitivamente cai terra argumento repetido alguns especialistas acentuada queda numero mortos feridos cidade ver crise economica nao crise politica publica calcadas ciclovias faixas exclusivas reducao velocidade maxima etc,603,added_photos,https://scontent-gru2-2.xx.fbcdn.net/v/t1.0-0/p180x540/13612384_1111208885626400_7905304351763404084_n.jpg?_nc_cat=105&_nc_sid=2d5d41&_nc_ohc=9k1wGqixf54AX_qUvYC&_nc_ht=scontent-gru2-2.xx&_nc_tp=6&oh=a2a503c67bd8b2b8bcc23a60fc2012f9&oe=5EADDE1F,2883,1,28,0,2,163,True
2016-07-11T21:38:10+0000,904277726319518_1110427629037859,sabado levei cachorro sticky pra tomar vacina virada animal centro controle zoonoses santana zona norte centro oferece servicos registro castracao vacinacao tambem varios animais estimacao adocao vale pena visita cuidar bichinho sabe levar casa lembro ainda construimos hospital veterinario gratuito parada inglesa zona norte sempre populacao pobre cidade condicoes dar tratamento gostaria entao agora populacao servico publico importante porque envolve sentimento muitas criancas jovens idosos familias,sabado levei cachorro sticky pra tomar vacina virada animal centro controle zoonoses santana zona norte centro oferece servicos registro castracao vacinacao tambem varios animais estimacao adocao vale pena visita cuidar bichinho sabe levar casa lembro ainda construimos hospital veterinario gratuito parada inglesa zona norte sempre populacao pobre cidade condicoes dar tratamento gostaria entao agora populacao servico publico importante porque envolve sentimento muitas criancas jovens idosos familias,2158,added_video,https://scontent-gru1-1.xx.fbcdn.net/v/t15.5256-10/13671044_1110430399037582_1493584214_n.jpg?_nc_cat=103&_nc_sid=ad6a45&_nc_ohc=XhRxI_zJRnoAX9D4lcZ&_nc_ht=scontent-gru1-1.xx&oh=025f9dcd363774f1a794ffc58238771a&oe=5EAC65A4,5750,12,26,0,5,1000,True
2016-07-09T11:39:55+0000,904277726319518_1108901785857110,praca sol manchete hoje folha gestao haddad vai cercar praca sol falsa nada contra debate realmente existe dentro administracao ate porque transformei parque visava criacao conselho gestor discutisse melhorias inclusive acesso fonte especifica financiamento toda logica desta administracao remocao muros grades onde possivel liberacao espacos publicos uso gozo pessoas ate grades sob viadutos sido removidas entendo papel prefeitura nesse outros casos mediacao propondo alternativas nao comprometam paisagem convivio tempo garantam bemestar moradores entorno cercamento nao parece melhor caminho menos ainda necessario debate interessados,praca sol manchete hoje folha gestao fh vai cercar praca sol falsa nada contra debate realmente existe dentro administracao ate porque transformei parque visava criacao conselho gestor discutisse melhorias inclusive acesso fonte especifica financiamento toda logica desta administracao remocao muros grades onde possivel liberacao espacos publicos uso gozo pessoas ate grades sob viadutos sido removidas entendo papel prefeitura nesse outros casos mediacao propondo alternativas nao comprometam paisagem convivio tempo garantam bemestar moradores entorno cercamento nao parece melhor caminho menos ainda necessario debate interessados,944,shared_story,https://external-gru1-1.xx.fbcdn.net/safe_image.php?d=AQCZ7TeEY78sQo0x&url=http%3A%2F%2Ff.i.uol.com.br%2Ffotografia%2F2016%2F07%2F08%2F621444-970x600-1.jpeg&_nc_hash=AQBwVXAtR9ytMNAi,5975,11,13,10,132,241,True
2016-07-08T13:50:11+0000,904277726319518_1108309895916299,triade urbanistica primeira gestao consegue aprovar novo plano diretor elogiado onuhabitat novo zonamento novo codigo obras mandato leis garantem ate desenvolvimento equilibrado ponto vista socioambiental meta cumprida talvez importante futuro sao paulo,triade urbanistica primeira gestao consegue aprovar novo plano diretor elogiado onuhabitat novo zonamento novo codigo obras mandato leis garantem ate desenvolvimento equilibrado ponto vista socioambiental meta cumprida talvez importante futuro sao paulo,326,shared_story,https://external-gru1-1.xx.fbcdn.net/safe_image.php?d=AQCbqJlyBm1ykjGO&url=http%3A%2F%2Ff.i.uol.com.br%2Ffolha%2Fcotidiano%2Fimages%2F16189590.jpeg&_nc_hash=AQChkmcKPP2q1hH4,1910,1,12,0,0,83,True
2016-07-07T20:01:00+0000,904277726319518_1107766835970605,assucena assucena raquel virginia vocalistas banda bahias cozinha mineira clara averbuck escritora editora site lugar mulher silvio almeida professor direito mackenzie instituto luiz gama rosane borges colunista boitempo mayara silva gestora conselheira projeto plano menina coletivo poetas tiete brenno tardelli diretor redacao portal justificando,assucena assucena raquel virginia vocalistas banda bahias cozinha mineira clara averbuck escritora editora site lugar mulher silvio almeida professor direito mackenzie instituto luiz gama rosane borges colunista boitempo mayara silva gestora conselheira projeto plano menina coletivo poetas tiete brenno tardelli diretor redacao portal justificando,51,added_photos,https://scontent-gru1-1.xx.fbcdn.net/v/t31.0-8/s720x720/13569029_1107766532637302_8506194593313430462_o.jpg?_nc_cat=103&_nc_sid=05277f&_nc_ohc=YE7NXjPmAsIAX-5Yath&_nc_ht=scontent-gru1-1.xx&_nc_tp=7&oh=d32a80dff606df16b2bdc055953f50f8&oe=5EAEA0AA,2320,2,7,0,0,241,True
2016-07-07T19:50:01+0000,904277726319518_1107762819304340,tomei cafe assucena assucena raquel virginia vocalistas banda bahias cozinha mineira clara averbuck escritora editora site lugar mulher silvio almeida professor direito mackenzie instituto luiz gama rosane borges colunista boitempo mayara silva gestora conselheira projeto plano menina coletivo poetas tiete brenno tardelli diretor redacao portal justificando,tomei cafe assucena assucena raquel virginia vocalistas banda bahias cozinha mineira clara averbuck escritora editora site lugar mulher silvio almeida professor direito mackenzie instituto luiz gama rosane borges colunista boitempo mayara silva gestora conselheira projeto plano menina coletivo poetas tiete brenno tardelli diretor redacao portal justificando,29,shared_story,https://external-gru1-1.xx.fbcdn.net/safe_image.php?d=AQCNCbgcExPJgAt9&w=3000&h=2000&url=https%3A%2F%2Fi.ytimg.com%2Fvi%2FSJTbYNCbkRg%2Fmaxresdefault.jpg&crop&sx=0&sy=0&sw=3000&sh=2000&_nc_hash=AQDVjwCTypVFhuep,540,0,1,0,0,51,True
2016-07-07T11:47:17+0000,904277726319518_1107543062659649,enem usp determinei integral reformulacao enem criacao sisu elegantemente criticado antecessor desaprovou mudanca bom debate paulo renato souza exministro educacao governo fhc intencao acabar vestibular decoreba ter base comum nacional ensino medio ancorada matriz conteudos competencias novo exame universidades federais gestao dobraram tamanho aderiram massa proposta querida usp relutou hoje noticia vagas serao oferecidas sisu anima lutam igualdade oportunidades nesse pais ainda tao injusto,enem usp determinei integral reformulacao enem criacao sisu elegantemente criticado antecessor desaprovou mudanca bom debate paulo renato souza exministro educacao governo fhc intencao acabar vestibular decoreba ter base comum nacional ensino medio ancorada matriz conteudos competencias novo exame universidades federais gestao dobraram tamanho aderiram massa proposta querida usp relutou hoje noticia vagas serao oferecidas sisu anima lutam igualdade oportunidades nesse pais ainda tao injusto,1359,shared_story,https://external-gru1-1.xx.fbcdn.net/safe_image.php?d=AQCBzzuZkmFpCWRO&url=http%3A%2F%2Ff.i.uol.com.br%2Ffotografia%2F2016%2F05%2F20%2F610468-970x600-1.jpeg&_nc_hash=AQDtHEzEg2IrtIfL,4999,7,36,3,1,387,True
2016-07-05T21:36:36+0000,904277726319518_1106585949422027, , ,389,added_photos,https://scontent-gru2-2.xx.fbcdn.net/v/t1.0-9/13239916_1080165685397387_9027109300862238577_n.jpg?_nc_cat=106&_nc_sid=05277f&_nc_ohc=OJbqSavYXP8AX-qg6xL&_nc_ht=scontent-gru2-2.xx&oh=4d3f8bca9be5c0e74f57701abeeec4bf&oe=5EAE47F3,13466,15,50,1,6,1298,False
2016-07-04T18:01:26+0000,904277726319518_1105719182842037,resolucao conflitos ultima sextafeira prefeitura sao paulo inaugurou primeiro posto centro judiciario solucao conflitos cidadania cejusc localizado avenida liberdade centro cidade parceria tribunal justica sao paulo espaco servira mediar conflitos judicializacao muitas vezes cidadao quer encontrar solucao rapida problema estado sempre prove cejusc contribui melhorar pois desonera judiciario serie questoes podem ser resolvidas apenas mediacao conforme experiencia mostrar exitosa podemos espalhar servico toda cidade,resolucao conflitos ultima sextafeira prefeitura sao paulo inaugurou primeiro posto centro judiciario solucao conflitos cidadania cejusc localizado avenida liberdade centro cidade parceria tribunal justica sao paulo espaco servira mediar conflitos judicializacao muitas vezes cidadao quer encontrar solucao rapida problema estado sempre prove cejusc contribui melhorar pois desonera judiciario serie questoes podem ser resolvidas apenas mediacao conforme experiencia mostrar exitosa podemos espalhar servico toda cidade,163,added_photos,https://scontent-gru1-1.xx.fbcdn.net/v/t31.0-8/s720x720/13603366_1105719182842037_393299679055482464_o.jpg?_nc_cat=110&_nc_sid=2d5d41&_nc_ohc=0Fuf6tB9V0YAX_dNE-Y&_nc_ht=scontent-gru1-1.xx&_nc_tp=7&oh=6cf84f5183b408ba79515c6a81ace2cf&oe=5EAEE4EF,1001,0,7,0,2,53,True
2016-07-03T15:10:21+0000,904277726319518_1105126962901259,panorama sao paulo materia nao vai ficar velha tao cedo pra gosta sao paulo pra nao gosta quer gostar,panorama sao paulo materia nao vai ficar velha tao cedo pra gosta sao paulo pra nao gosta quer gostar,3324,shared_story,https://external-gru1-1.xx.fbcdn.net/safe_image.php?d=AQDczHBa8-mwf5G-&url=https%3A%2F%2Fimg.buzzfeed.com%2Fbuzzfeed-static%2Fstatic%2F2016-03%2F4%2F15%2Fcampaign_images%2Fwebdr09%2F150-coisas-para-fazer-em-sao-paulo-pelo-menos-uma-2-28958-1457121783-6_dblbig.jpg&_nc_hash=AQA_BgW93StHjNFZ,6091,5,34,0,0,437,True
2016-07-02T15:42:37+0000,904277726319518_1104111306336158,candidatei prefeitura apresentei tres compromissos educacao superior colocar universidade publica ceus trazer universidade federal zona leste instalar dois campi instituto federal cidade todos totalmente cumpridos ontem inauguramos campus unifesp itaquera ifsp sao miguel paulista segundo campus ifsp pirituba fase final vai ser aberto mes,candidatei prefeitura apresentei tres compromissos educacao superior colocar universidade publica ceus trazer universidade federal zona leste instalar dois campi instituto federal cidade todos totalmente cumpridos ontem inauguramos campus unifesp itaquera ifsp sao miguel paulista segundo campus ifsp pirituba fase final vai ser aberto mes,1236,added_photos,https://scontent-gru1-1.xx.fbcdn.net/v/t31.0-8/s720x720/13558762_1104107873003168_3705576270654861012_o.jpg?_nc_cat=103&_nc_sid=8024bb&_nc_ohc=KzOrbb0nenkAX_jnVlS&_nc_ht=scontent-gru1-1.xx&_nc_tp=7&oh=156e7c1c827ea8c9f8b6f4fb00dd63a6&oe=5EAC4BF5,5242,2,45,1,1,442,True
2016-07-01T18:23:19+0000,904277726319518_1103504163063539,ontem aniversario menino kelvin morador centro cidade veio conhecer sala onde prefeito trabalha mostrei pedaco gabinete ja candidato prefeito,ontem aniversario menino kelvin morador centro cidade veio conhecer sala onde prefeito trabalha mostrei pedaco gabinete ja candidato prefeito,727,added_video,https://scontent-gru1-1.xx.fbcdn.net/v/t15.5256-10/13573197_1103507326396556_1244810140_n.jpg?_nc_cat=104&_nc_sid=ad6a45&_nc_ohc=qUl7y1p1jOkAX_F1r85&_nc_ht=scontent-gru1-1.xx&oh=06773e289e597c862b275c94e425fec3&oe=5EAD3D2E,3282,12,12,0,1,359,True
2016-07-01T13:28:46+0000,904277726319518_1103854409695181,sao paulo verde fiquei feliz mapeamento inedito lancamos ontem mostra area cidade sao paulo coberta mata atlantica alem conhecidas manchas verdes zonas norte sul existem varios pedacos mata preservada espalhados capital so possivel preservar acoes reconhecam riqueza ambiental cidade plano diretor aprovamos restitui zona rural sao paulo havia sido eliminada plano anterior nesse sentido criamos polo ecoturismo extremo sul ainda demarcamos duas terras indigenas zonas norte sul tudo contribui sao paulo verde maior qualidade vida,sao paulo verde fiquei feliz mapeamento inedito lancamos ontem mostra area cidade sao paulo coberta mata atlantica alem conhecidas manchas verdes zonas norte sul existem varios pedacos mata preservada espalhados capital so possivel preservar acoes reconhecam riqueza ambiental cidade plano diretor aprovamos restitui zona rural sao paulo havia sido eliminada plano anterior nesse sentido criamos polo ecoturismo extremo sul ainda demarcamos duas terras indigenas zonas norte sul tudo contribui sao paulo verde maior qualidade vida,230,shared_story,https://external-gru1-1.xx.fbcdn.net/safe_image.php?d=AQCRhRZBFCv-AOTv&url=http%3A%2F%2Fsustentabilidade.estadao.com.br%2Fblogs%2Fambiente-se%2Fwp-content%2Fuploads%2Fsites%2F92%2F2016%2F06%2Frepublica.jpg&_nc_hash=AQCnTHrTpTv4igJi,2252,2,18,0,1,151,True
2016-06-30T22:17:48+0000,904277726319518_1103376846409604,piscinao coberto cordeiro apos anos luta moradores cidade ademar entregamos piscinao corrego cordeiro obra vai ajudar evitar enchentes atingem regiao avenida cupece nao deixar buraco aberto enfeiaria cidade construimos praca sobre escavacao piscinao area esporte lazer faz toda diferenca segundo piscinao coberto historia cidade primeiro periferia entao comemoracao moradores dupla,piscinao coberto cordeiro apos anos luta moradores cidade ademar entregamos piscinao corrego cordeiro obra vai ajudar evitar enchentes atingem regiao avenida cupece nao deixar buraco aberto enfeiaria cidade construimos praca sobre escavacao piscinao area esporte lazer faz toda diferenca segundo piscinao coberto historia cidade primeiro periferia entao comemoracao moradores dupla,181,added_photos,https://scontent-gru1-1.xx.fbcdn.net/v/t31.0-0/p480x480/13585178_1103375529743069_1178862305784954967_o.jpg?_nc_cat=110&_nc_sid=8024bb&_nc_ohc=2ATpBrw7yk0AX-ZEBxj&_nc_ht=scontent-gru1-1.xx&_nc_tp=6&oh=a2225ac41c2d3674955224e5d96668cd&oe=5EAD56F6,1196,0,13,0,0,67,True
2016-06-30T13:20:19+0000,904277726319518_1103208586426430,vivo sao paulo carinhosa promove seminario grandes cidades politicas intersetoriais primeira infancia exposicoes sobre politicas publicas prefeitura sao paulo voltadas desenvolvimento integral crianca conferencia abertura grandes cidades politicas intersetoriais podem fazer primeira infancia falei sobre necessidade desenvolver olhar tema infancia maneira integrada veja programacao completa seminario,vivo sao paulo carinhosa promove seminario grandes cidades politicas intersetoriais primeira infancia exposicoes sobre politicas publicas prefeitura sao paulo voltadas desenvolvimento integral crianca conferencia abertura grandes cidades politicas intersetoriais podem fazer primeira infancia falei sobre necessidade desenvolver olhar tema infancia maneira integrada veja programacao completa seminario,21,shared_story,https://external-gru1-1.xx.fbcdn.net/safe_image.php?d=AQCBeDggl_dzBzYt&w=480&h=360&url=https%3A%2F%2Fi.ytimg.com%2Fvi%2FD6IC6J-Sn6A%2Fhqdefault_live.jpg&crop&sx=0&sy=0&sw=480&sh=360&_nc_hash=AQApwbS62ZBFKV69,267,0,0,0,0,4,True
2016-06-29T22:05:42+0000,904277726319518_1102830713130884,hoje dei primeiras entrevistas precandidato prefeitura sao paulo compartilho voces possam acompanhar pouco fizemos governo primeiras ideias proximos quatro anos band news tv radio band news radio bandeirantes,hoje dei primeiras entrevistas precandidato prefeitura sao paulo compartilho voces possam acompanhar pouco fizemos governo primeiras ideias proximos quatro anos band news tv radio band news radio bandeirantes,216,mobile_status_update,None,3294,3,15,1,5,244,True
2016-06-29T19:46:47+0000,904277726319518_1102778273136128,longo governo investimos obras melhorar vida paulistano especialmente vivem periferia cidade ultimos dois dias prefeitura sao paulo inaugurou nova iluminacao led distrito pedreira zona sul cidade ligacao local avenidas lino moraes leme pedro bueno vai agilizar acesso avenida roberto marinho primeiro piscinao obras canalizacao corrego cordeiro extremo sul ajudara evitar enchentes atingem regiao avenida cupece cidade ademar praca comunitaria ligia maria salgado nobrega area lazer esporte fica sobre piscinao cordeiro unidades habitacao interesse social parque jabaquara zona sul cidade alem disso aproveitei vistoriar obras duplicacao estrada alvarenga cidade ademar parque sete campos area lazer moradores regiao cidade ademar parque chuvisco implantacao area antigo clube funcionarios varig proximo vila santa catarina,longo governo investimos obras melhorar vida paulistano especialmente vivem periferia cidade ultimos dois dias prefeitura sao paulo inaugurou nova iluminacao led distrito pedreira zona sul cidade ligacao local avenidas lino moraes leme pedro bueno vai agilizar acesso avenida roberto marinho primeiro piscinao obras canalizacao corrego cordeiro extremo sul ajudara evitar enchentes atingem regiao avenida cupece cidade ademar praca comunitaria ligia maria salgado nobrega area lazer esporte fica sobre piscinao cordeiro unidades habitacao interesse social parque jabaquara zona sul cidade alem disso aproveitei vistoriar obras duplicacao estrada alvarenga cidade ademar parque sete campos area lazer moradores regiao cidade ademar parque chuvisco implantacao area antigo clube funcionarios varig proximo vila santa catarina,99,added_photos,https://scontent-gru1-1.xx.fbcdn.net/v/t31.0-8/s720x720/13576843_1102777306469558_6869930925528435018_o.jpg?_nc_cat=110&_nc_sid=8024bb&_nc_ohc=AkgKQWXlABkAX_aGC13&_nc_ht=scontent-gru1-1.xx&_nc_tp=7&oh=ff89a6bec97fcfe850c0d816a498c57e&oe=5EAC5BCD,1151,3,5,0,0,64,True
2016-06-28T22:38:46+0000,904277726319518_1102115906535698,dia internacional orgulho lgbt compartilho voces foto encontro recentemente deputado jean wyllys vozes combativas favor direitos lgbt pais nunca podemos esquecer lgbtfobia mata nao somente orlando aconteceu recentemente mata aqui lado todo canto onde tolerancia nao regra onde nao reconhecimento diversidade devemos lutar incansavelmente contra todo tipo preconceito discriminacao violencia contra comunidade lgbt jean luta direitos lgbt luta juntos,dia internacional orgulho lgbt compartilho voces foto encontro recentemente deputado jean wyllys vozes combativas favor direitos lgbt pais nunca podemos esquecer lgbtfobia mata nao somente orlando aconteceu recentemente mata aqui lado todo canto onde tolerancia nao regra onde nao reconhecimento diversidade devemos lutar incansavelmente contra todo tipo preconceito discriminacao violencia contra comunidade lgbt jean luta direitos lgbt luta juntos,851,added_photos,https://scontent-gru1-1.xx.fbcdn.net/v/t31.0-8/s720x720/13559144_1102115906535698_5552006798346216743_o.jpg?_nc_cat=104&_nc_sid=2d5d41&_nc_ohc=pFV-QmRrhCYAX8qFUlQ&_nc_ht=scontent-gru1-1.xx&_nc_tp=7&oh=7c41bf2b67d2321219cc228a9ed38592&oe=5EAE414F,9158,6,28,5,75,1359,True
2016-06-28T19:50:38+0000,904277726319518_1101891053224850,ontem parque jabaquara zona sul cidade inaugurando unidades habitacao interesse social melhor coisa obra combina infraestrutura bairro expulsar moradores baixa renda porque ninguem sendo convidado sair contrario pessoas estao sendo convidadas ficar bairro nao assim antes muitas cidades vizinhas ganhavam moradores sao paulo expulsos obras publicas pecado nao podemos cometer nunca,ontem parque jabaquara zona sul cidade inaugurando unidades habitacao interesse social melhor coisa obra combina infraestrutura bairro expulsar moradores baixa renda porque ninguem sendo convidado sair contrario pessoas estao sendo convidadas ficar bairro nao assim antes muitas cidades vizinhas ganhavam moradores sao paulo expulsos obras publicas pecado nao podemos cometer nunca,1321,added_video,https://scontent-gru1-1.xx.fbcdn.net/v/t15.5256-10/12594526_1101895173224438_2122907755_n.jpg?_nc_cat=101&_nc_sid=ad6a45&_nc_ohc=l1JMy_nnKxoAX8bZbbG&_nc_ht=scontent-gru1-1.xx&oh=4fd2ea9b8fefcb8e958788c0da6b159e&oe=5EAE73DA,2410,3,12,1,2,175,True
2016-06-28T15:56:54+0000,904277726319518_1088779227869366,melhora tempo escoamento alagamentos cidade tropical sao paulo invariavelmente chove alagamentos causados chuva acabam atrapalhando transito obras drenagem realizadas gestao ajudaram diminuir tempo escoamento alagamentos vale pena gastar minutos entender prefeitura sao paulo minimizou danos medida melhoria transito cidade periodo chuvoso meses novembro abril queda ocorrencias alagamentos intransitaveis comparado periodo anterior ainda nao possivel apontar tendencia queda considerando serie historica ultimos anos pra afirmar sombra duvida hoje escoamento alagamentos tempo menor ha crescente otimizacao desempenho drenagem pode ver grafico neste ano ocorrencias alagamentos intransitaveis escoadas tempo abaixo minutos indice comeco gestao subindo gradativamente ate estagio atual deve investimentos realizados programa reducao alagamentos prefeitura sao paulo vem realizando obras microdrenagem limpeza bueiros desobstrucao reconstrucao galerias implantacao novas tubulacoes construcao bocas lobo obras aumentam captacao aguas chuva trechos pontos alagamento,melhora tempo escoamento alagamentos cidade tropical sao paulo invariavelmente chove alagamentos causados chuva acabam atrapalhando transito obras drenagem realizadas gestao ajudaram diminuir tempo escoamento alagamentos vale pena gastar minutos entender prefeitura sao paulo minimizou danos medida melhoria transito cidade periodo chuvoso meses novembro abril queda ocorrencias alagamentos intransitaveis comparado periodo anterior ainda nao possivel apontar tendencia queda considerando serie historica ultimos anos pra afirmar sombra duvida hoje escoamento alagamentos tempo menor ha crescente otimizacao desempenho drenagem pode ver grafico neste ano ocorrencias alagamentos intransitaveis escoadas tempo abaixo minutos indice comeco gestao subindo gradativamente ate estagio atual deve investimentos realizados programa reducao alagamentos prefeitura sao paulo vem realizando obras microdrenagem limpeza bueiros desobstrucao reconstrucao galerias implantacao novas tubulacoes construcao bocas lobo obras aumentam captacao aguas chuva trechos pontos alagamento,63,added_photos,https://scontent-gru2-1.xx.fbcdn.net/v/t31.0-8/s720x720/13411950_1088779227869366_7937538324842492766_o.jpg?_nc_cat=107&_nc_sid=2d5d41&_nc_ohc=MiZ7H19m4wAAX8Y9JBY&_nc_ht=scontent-gru2-1.xx&_nc_tp=7&oh=26cdb2bdc2042f9af2bfb9be9047c8fa&oe=5EAD2FD0,519,1,4,0,1,15,True
2016-06-27T20:02:03+0000,904277726319518_1100850256662263,neste fim semana visitei jardim paranapanema extremo sul sao paulo oficializar vias bairro velha demanda moradores aguardavam medida desde decada acesso endereco oficial vida cidadao melhora pessoas viviam casas ha anos sequer podiam receber correspondencias carteiro nao conhecia bem regiao nao achava casa contar constrangimentos preencher cadastro buscar emprego nao ter cep minimo dar dignidade pessoas alem disso nomes ruas escolhidos participacao proprios moradores total oficializacao logradouros vai beneficiar aproximadamente mil familias paulistanas,neste fim semana visitei jardim paranapanema extremo sul sao paulo oficializar vias bairro velha demanda moradores aguardavam medida desde decada acesso endereco oficial vida cidadao melhora pessoas viviam casas ha anos sequer podiam receber correspondencias carteiro nao conhecia bem regiao nao achava casa contar constrangimentos preencher cadastro buscar emprego nao ter cep minimo dar dignidade pessoas alem disso nomes ruas escolhidos participacao proprios moradores total oficializacao logradouros vai beneficiar aproximadamente mil familias paulistanas,155,added_photos,https://scontent-gru2-2.xx.fbcdn.net/v/t31.0-8/s720x720/13528625_1100849939995628_5466889282017909906_o.jpg?_nc_cat=106&_nc_sid=8024bb&_nc_ohc=drd_fF6f9JwAX9vzEb1&_nc_ht=scontent-gru2-2.xx&_nc_tp=7&oh=4b6f120fea27e041cbe2377bbeb24b77&oe=5EAD4635,1385,1,1,0,3,94,True
2016-06-27T15:41:31+0000,904277726319518_1101317529948869,dia mundial skate entregamos pista parque dom pedro ii video vale pena,dia mundial skate entregamos pista parque dom pedro ii video vale pena,66,shared_story,https://external-gru1-1.xx.fbcdn.net/safe_image.php?d=AQCCSe5kbZzLPija&url=http%3A%2F%2Funiversousstreet.com.br%2Fwp-content%2Fuploads%2F2016%2F06%2Fpadr%C3%A3o.jpg&_nc_hash=AQDZub6qZlVittiM,870,2,0,0,3,30,True
2016-06-26T22:53:44+0000,904277726319518_1100954469985175,rolezinho guaianazes,rolezinho guaianazes,243,added_video,https://scontent-gru1-1.xx.fbcdn.net/v/t15.5256-10/13481704_1100958336651455_1420701429_n.jpg?_nc_cat=110&_nc_sid=1055be&_nc_ohc=Umc2S8Y2RsMAX-pG5K7&_nc_ht=scontent-gru1-1.xx&oh=254798d3cf6ffb8f1e3e84c01600d6da&oe=5EADFB66,2041,40,14,1,14,391,True
2016-06-26T20:23:36+0000,904277726319518_1100886483325307,sp novo topo figurar topo cidades inteligentes recentes politicas mobilidade ranking consultoria urban systems publicado revista exame sao paulo eleita mesma consultoria cidade inovadora politicas conectividade pracas wifi fablabs ja instalados cidade,sp novo topo figurar topo cidades inteligentes recentes politicas mobilidade ranking consultoria urban systems publicado revista exame sao paulo eleita mesma consultoria cidade inovadora politicas conectividade pracas wifi fablabs ja instalados cidade,580,shared_story,https://external-gru1-1.xx.fbcdn.net/safe_image.php?d=AQBq_i2pNdk-bJ58&url=http%3A%2F%2Fassets2.exame.abril.com.br%2Fassets%2Fimages%2F2015%2F6%2F537920%2Fsize_960_16_9_ponte-estaiada.jpg&_nc_hash=AQDVwcV_gFCzB5Hv,2554,1,31,0,1,167,True
2016-06-25T17:38:07+0000,904277726319518_1100159813397974, , ,0,shared_story,https://scontent-gru1-1.xx.fbcdn.net/v/t31.0-8/p720x720/13483352_591781230982233_4585658837172345732_o.jpg?_nc_cat=101&_nc_sid=2d5d41&_nc_ohc=PHWOnMq8ZGwAX-bJq-a&_nc_ht=scontent-gru1-1.xx&_nc_tp=6&oh=bb35feb9ddbfa556d0d96828f740847e&oe=5EAF4E7D,3766,6,15,0,2,512,False
2016-06-24T20:06:41+0000,904277726319518_1099544053459550,mil feridos menos ano transito sp cet apresentou dados apontam queda significativa numero mortos feridos acidentes transito sao paulo inicio gestao numero acidentes ferimentos torno mil ano final numero caiu mil significa tres anos queda mil feridos menos ano cidade sao paulo veja aqui,mil feridos menos ano transito sp cet apresentou dados apontam queda significativa numero mortos feridos acidentes transito sao paulo inicio gestao numero acidentes ferimentos torno mil ano final numero caiu mil significa tres anos queda mil feridos menos ano cidade sao paulo veja aqui,596,added_photos,https://scontent-gru2-2.xx.fbcdn.net/v/t31.0-0/p180x540/13475096_1099544053459550_6563922933552357886_o.jpg?_nc_cat=105&_nc_sid=2d5d41&_nc_ohc=1mh01kkKyPQAX9BzkoN&_nc_ht=scontent-gru2-2.xx&_nc_tp=6&oh=cbf3fbf9452584c6290b383361f3c6c2&oe=5EAC4B6E,3338,2,49,1,3,192,True
2016-06-24T13:18:52+0000,904277726319518_1099327420147880,led bairros jardim helena agora vez jardim helena zona leste cidade receber nova iluminacao led la nesta semana inaugurando quase mil pontos terao nova tecnologia bairro periferia sao paulo ganha novas luminarias nao existe cidade vida noturna nao queremos bairros dormitorios sao paulo cidade viver noite bairro ter comercio aberto seguranca pessoas sairem casa tomar sorvete namorar cidade venho dizendo projeto revolucao sao paulo,led bairros jardim helena agora vez jardim helena zona leste cidade receber nova iluminacao led la nesta semana inaugurando quase mil pontos terao nova tecnologia bairro periferia sao paulo ganha novas luminarias nao existe cidade vida noturna nao queremos bairros dormitorios sao paulo cidade viver noite bairro ter comercio aberto seguranca pessoas sairem casa tomar sorvete namorar cidade venho dizendo projeto revolucao sao paulo,223,added_photos,https://scontent-gru1-1.xx.fbcdn.net/v/t31.0-8/s720x720/13528136_1099315826815706_1562082089875691649_o.jpg?_nc_cat=108&_nc_sid=8024bb&_nc_ohc=suVMiv10yl8AX-OpiBT&_nc_ht=scontent-gru1-1.xx&_nc_tp=7&oh=e48443b511016f3cccb2dcbab1c32a69&oe=5EADADBB,1437,2,4,0,2,99,True
2016-06-23T22:16:11+0000,904277726319518_1098884530192169,reciclagem sp quadruplica gestao quadruplicou porcentagem reciclagem cidade atingimos residuos produzidos sao paulo avanco aconteceu nesses tres anos meio gestao gracas instalacao duas centrais mecanizadas triagem maiores america latina tambem credenciamento cooperativas catadores permitiu universalizacao servico coleta seletiva todos distritos sao paulo desafio atingir reciclagem ate final ano divulgando site prefeitura possivel verificar dia horario coleta seletiva site ja capacidade instalada superar meta precisamos agora apoio populacao juntos gente construa cidade sustentavel,reciclagem sp quadruplica gestao quadruplicou porcentagem reciclagem cidade atingimos residuos produzidos sao paulo avanco aconteceu nesses tres anos meio gestao gracas instalacao duas centrais mecanizadas triagem maiores america latina tambem credenciamento cooperativas catadores permitiu universalizacao servico coleta seletiva todos distritos sao paulo desafio atingir reciclagem ate final ano divulgando site prefeitura possivel verificar dia horario coleta seletiva site ja capacidade instalada superar meta precisamos agora apoio populacao juntos gente construa cidade sustentavel,1494,added_video,https://scontent-gru1-1.xx.fbcdn.net/v/t15.5256-10/13537876_1098890570191565_2074302251_n.jpg?_nc_cat=108&_nc_sid=ad6a45&_nc_ohc=cM30XMJsWvMAX8pqqrP&_nc_ht=scontent-gru1-1.xx&oh=2eb24b90df5733fdfe4197fdde2f0448&oe=5EAFEDFD,2923,0,19,1,1,205,True
2016-06-22T21:42:26+0000,904277726319518_1098221276925161,programa bracos abertos construido dialogo populacao esquecida desde sempre ganhou prestigio internacional depoimento sarah evans open society foundations renomadas instituicoes lidam questao drogas ambiente vulnerabilidade social,programa bracos abertos construido dialogo populacao esquecida desde sempre ganhou prestigio internacional depoimento sarah evans open society foundations renomadas instituicoes lidam questao drogas ambiente vulnerabilidade social,337,added_video,https://scontent-gru2-1.xx.fbcdn.net/v/t15.5256-10/13481716_1098222753591680_270263801_n.jpg?_nc_cat=107&_nc_sid=ad6a45&_nc_ohc=o13QyPYhUvYAX87L6Gr&_nc_ht=scontent-gru2-1.xx&oh=4ac2beb922350a1a0f246463e0204172&oe=5EADEB8F,1037,1,0,0,4,76,True
2016-06-22T18:48:50+0000,904277726319518_1098084970272125,melhor gestao financeira historia recente sp nesse momento varios municipios estados passam enormes dificuldades financeiras entenda minutos passa financas cidade compartilho voces tres graficos dao visibilidade gestao fez nesse sentido divida uniao renegociamos divida publica sao paulo so crescia desde ano divida atualmente baixa historia recente caiu r bilhoes r bilhoes reais gestao eficiente cortamos gastos auditamos revisamos contratos recuperamos recursos desviados renegociacao divida devolve autonomia cidade perdeu ha anos inclusive financiar linhas credito investimento recorde meio crise tempo cenario retracao economica recorde investimentos devemos superar r bilhoes quadrienio encerra apesar retracao pib periodo governos anteriores investiram menos periodos bonanca economica governo investiu pesado infraestrutura sobretudo periferia cidade equipamentos saude educacao desapropriamos terras habitacao social ha nao fazia pagamento precatorios calote alem disso cumprimos decisoes judiciais pagamos precatorios divida precatorios vinha acumulando ultimos mandatos agora pagamos alem valor minimo estipulado constituicao federal porque honramos compromissos assumidos credores paulistanos seguro afirmar governo fez melhor trabalho gestao financeira historia cidade reorganizacao financas circunstancias adversas devolve sao paulo merecido horizonte grandeza administrar responsabilidade permite sao paulo colher frutos agora futuro,melhor gestao financeira historia recente sp nesse momento varios municipios estados passam enormes dificuldades financeiras entenda minutos passa financas cidade compartilho voces tres graficos dao visibilidade gestao fez nesse sentido divida uniao renegociamos divida publica sao paulo so crescia desde ano divida atualmente baixa historia recente caiu r bilhoes r bilhoes reais gestao eficiente cortamos gastos auditamos revisamos contratos recuperamos recursos desviados renegociacao divida devolve autonomia cidade perdeu ha anos inclusive financiar linhas credito investimento recorde meio crise tempo cenario retracao economica recorde investimentos devemos superar r bilhoes quadrienio encerra apesar retracao pib periodo governos anteriores investiram menos periodos bonanca economica governo investiu pesado infraestrutura sobretudo periferia cidade equipamentos saude educacao desapropriamos terras habitacao social ha nao fazia pagamento precatorios calote alem disso cumprimos decisoes judiciais pagamos precatorios divida precatorios vinha acumulando ultimos mandatos agora pagamos alem valor minimo estipulado constituicao federal porque honramos compromissos assumidos credores paulistanos seguro afirmar governo fez melhor trabalho gestao financeira historia cidade reorganizacao financas circunstancias adversas devolve sao paulo merecido horizonte grandeza administrar responsabilidade permite sao paulo colher frutos agora futuro,878,added_photos,https://scontent-gru1-1.xx.fbcdn.net/v/t31.0-8/s720x720/13522714_1098092323604723_4587180995716818959_o.jpg?_nc_cat=104&_nc_sid=8024bb&_nc_ohc=C1Z5cAMG8ycAX_K0oIv&_nc_ht=scontent-gru1-1.xx&_nc_tp=7&oh=2a94c4d71d148c81533c2ac6bd8da988&oe=5EAF54C2,3770,9,30,0,1,266,True
2016-06-21T12:13:33+0000,904277726319518_1097309523683003,hoje aniversario anos querido eduardo suplicy valorosos quadros politica brasileira privilegio conviver ha tantos anos todo mundo sabe nunca demais repetir eterno senador exemplo integridade simplicidade serve inspiracao todos todas desejam sociedade justica liberdade grande orgulho telo secretario direitos humanos cidadania gestao parabens suplicy pode contar sempre comigo siga firme luta diz musica racionais mcs voce nessa guerra,hoje aniversario anos querido eduardo suplicy valorosos quadros politica brasileira privilegio conviver ha tantos anos todo mundo sabe nunca demais repetir eterno senador exemplo integridade simplicidade serve inspiracao todos todas desejam sociedade justica liberdade grande orgulho telo secretario direitos humanos cidadania gestao parabens suplicy pode contar sempre comigo siga firme luta diz musica racionais mcs voce nessa guerra,352,added_photos,https://scontent-gru2-2.xx.fbcdn.net/v/t1.0-9/13435341_1097309523683003_8441354701286101468_n.jpg?_nc_cat=102&_nc_sid=2d5d41&_nc_ohc=VDGmcW79OG0AX9oDdEG&_nc_ht=scontent-gru2-2.xx&oh=d51ffb2d56b8ed85a40d9b869c2b56df&oe=5EAF299E,8743,7,13,0,1,962,True
2016-06-20T23:15:23+0000,904277726319518_1096977110382911,led bairros jardim angela semana passada jardim angela zona sul cidade inaugurando mil pontos iluminacao led vao beneficiar mil pessoas moram regiao falta iluminacao maior inibidora ocupacao espaco publico periferia sobretudo mulheres criancas idosos nao sentem seguranca rua escura agora voce vai bairro percebe mudanca voce inibe praticas pessoas aproveitam cidade projeto verdadeira revolucao sao paulo,led bairros jardim angela semana passada jardim angela zona sul cidade inaugurando mil pontos iluminacao led vao beneficiar mil pessoas moram regiao falta iluminacao maior inibidora ocupacao espaco publico periferia sobretudo mulheres criancas idosos nao sentem seguranca rua escura agora voce vai bairro percebe mudanca voce inibe praticas pessoas aproveitam cidade projeto verdadeira revolucao sao paulo,116,added_photos,https://scontent-gru2-2.xx.fbcdn.net/v/t31.0-8/s720x720/13443112_1096976210383001_3256029198294123164_o.jpg?_nc_cat=106&_nc_sid=8024bb&_nc_ohc=TM4RZc8sp0MAX8oCUUD&_nc_ht=scontent-gru2-2.xx&_nc_tp=7&oh=3c45f5720b6924c4e4ac1a75021b57dc&oe=5EAE5238,1352,0,7,0,1,66,True
2016-06-20T20:31:45+0000,904277726319518_1096917380388884,semana passada reuni liderancas feministas negras conversamos sobre avancos perspectivas agenda genero igualdade racial sao paulo felizmente gracas luta muitas muitos militantes pautas ganham cada vez espaco sociedade ainda ha construir,semana passada reuni liderancas feministas negras conversamos sobre avancos perspectivas agenda genero igualdade racial sao paulo felizmente gracas luta muitas muitos militantes pautas ganham cada vez espaco sociedade ainda ha construir,98,added_photos,https://scontent-gru2-1.xx.fbcdn.net/v/t31.0-8/s720x720/13442700_1096866630393959_3005804563923429336_o.jpg?_nc_cat=109&_nc_sid=8024bb&_nc_ohc=eNmFwvzD7s8AX-5OGNW&_nc_ht=scontent-gru2-1.xx&_nc_tp=7&oh=472a1293571d048b0e886af8d54af5d8&oe=5EAF258D,1476,0,7,0,1,130,True
2016-06-17T11:10:43+0000,904277726319518_1094795073934448,mentira hipocrisia grande imprensa tomada inedita preocupacao higienismo moradores situacao rua tanto melhor tratase populacao extremamente vulneravel ha pessoas todo tipo trabalhadores desempregados usuarios dependentes drogas egressos sistema prisional pessoas enfermidades criamos programa bracos abertos dba dois principais jornais cidade adotaram posicao editorial contraria programa visa sabe diversificar atendimento assistencia atrair morador situacao rua dependente crack servicos oferecidos prefeitura momento programa recebe reconhecimento internacional jornal globo noticia hoje imprensa acusa querer isentar prefeitura responsabilidade obitos ultima frente fria nao verdade gcm acusada provocalas mediante retirada ilegal cobertores durante toda semana investigamos obitos procurando cruzar duas informacoes causa morte rotina guarda nao encontramos nenhuma correlacao acao guarda obitos entendessemos frio nao mata jamais teriamos aberto mil vagas provisorias durante inverno alem mil permanentes criadas desde aumento servicos ineditos criados alem dba lgbts transcidadania imigrantes familias familia foco etc nenhuma cobertura imprensa ouve redes sao referencias bolsacrack bolsatraveco expressoes sim desrespeito populacao vulneravel continuaremos diversificar atendimento assistencia combinacao saude seguranca urbana educacao trabalho proteger populacao melhor tradicao respeito direitos humanos romantiza permanencia rua situacao risco extremo nao nao hipocritas,mentira hipocrisia grande imprensa tomada inedita preocupacao higienismo moradores situacao rua tanto melhor tratase populacao extremamente vulneravel ha pessoas todo tipo trabalhadores desempregados usuarios dependentes drogas egressos sistema prisional pessoas enfermidades criamos programa bracos abertos dba dois principais jornais cidade adotaram posicao editorial contraria programa visa sabe diversificar atendimento assistencia atrair morador situacao rua dependente crack servicos oferecidos prefeitura momento programa recebe reconhecimento internacional jornal globo noticia hoje imprensa acusa querer isentar prefeitura responsabilidade obitos ultima frente fria nao verdade gcm acusada provocalas mediante retirada ilegal cobertores durante toda semana investigamos obitos procurando cruzar duas informacoes causa morte rotina guarda nao encontramos nenhuma correlacao acao guarda obitos entendessemos frio nao mata jamais teriamos aberto mil vagas provisorias durante inverno alem mil permanentes criadas desde aumento servicos ineditos criados alem dba lgbts transcidadania imigrantes familias familia foco etc nenhuma cobertura imprensa ouve redes sao referencias bolsacrack bolsatraveco expressoes sim desrespeito populacao vulneravel continuaremos diversificar atendimento assistencia combinacao saude seguranca urbana educacao trabalho proteger populacao melhor tradicao respeito direitos humanos romantiza permanencia rua situacao risco extremo nao nao hipocritas,4887,mobile_status_update,None,17410,7,139,20,42,1089,True
2016-06-09T18:32:42+0000,904277726319518_1090127681067854,cinemapublico hoje inaugurada ceu vila sol jardim angela sala cinema sao paulo ganha ate julho ate agora circuito spcine levou mil espectadores sessoes exibiram titulos salas vao constituir circuito alternativo publico facil acesso moradores periferia democratizar experiencia ir cinema forma fomentar imaginacao paulistana estimular producao exploracao novas linguagens veja aqui programacao leia sobre projeto googlqgevrm,cinemapublico hoje inaugurada ceu vila sol jardim angela sala cinema sao paulo ganha ate julho ate agora circuito spcine levou mil espectadores sessoes exibiram titulos salas vao constituir circuito alternativo publico facil acesso moradores periferia democratizar experiencia ir cinema forma fomentar imaginacao paulistana estimular producao exploracao novas linguagens veja aqui programacao leia sobre projeto googlqgevrm,261,added_photos,https://scontent-gru2-1.xx.fbcdn.net/v/t31.0-8/s720x720/13391440_1090127681067854_3489035552664842100_o.jpg?_nc_cat=109&_nc_sid=2d5d41&_nc_ohc=vvcACAR6Y_cAX8g1qxj&_nc_ht=scontent-gru2-1.xx&_nc_tp=7&oh=ca0ccc2f8f03b4c0fc0c85a25e2cc59a&oe=5EAC3415,1555,0,1,0,15,160,True
2016-06-08T21:38:27+0000,904277726319518_1089458641134758,hoje lapa inaugurando quinto centrodia idosos sao paulo centrosdia sao iniciativa inedita gestao dez funcionamento ate final deste ano sao espacos convivencia oferecem atividades cuidados populacao idosos garantindo alimentacao oficinas atividades fisicas ha envelhecimento natural populacao felizmente vivendo viver bem cuidar infraestrutura equipamentos sociais pessoas longevas possam garantir qualidade vida digna,hoje lapa inaugurando quinto centrodia idosos sao paulo centrosdia sao iniciativa inedita gestao dez funcionamento ate final deste ano sao espacos convivencia oferecem atividades cuidados populacao idosos garantindo alimentacao oficinas atividades fisicas ha envelhecimento natural populacao felizmente vivendo viver bem cuidar infraestrutura equipamentos sociais pessoas longevas possam garantir qualidade vida digna,533,added_photos,https://scontent-gru1-1.xx.fbcdn.net/v/t31.0-0/p480x480/13412062_1089458641134758_3042584588407834099_o.jpg?_nc_cat=108&_nc_sid=2d5d41&_nc_ohc=8G8Lm6g0U7cAX_NOb_-&_nc_ht=scontent-gru1-1.xx&_nc_tp=6&oh=365d0dad095f746b484a6f2925640c1b&oe=5EAF026A,2953,1,14,0,5,358,True
2016-06-06T17:09:49+0000,904277726319518_1088168801263742,centro referencia mulher capao redondo mulheres situacao violencia genero domestica cidade sao paulo porta aberta sao miguel paulista chegou vez capao redondo ter proprio centro referencia mulher crm inaugurado ultima sextafeira todo sao cinco equipamentos operacao cidade infelizmente ainda ha muitas mulheres agredidas sao paulo centros referencia sao importantissimos mulheres readquiram autonomia superar problemas alem equipamento acolhedor profissional dedicado ouvir historia cada centros oferecem tambem cursos palestras oficinas grupos reflexivos maneira dar sequencia atendimento emergencial oferecer melhores servicos mulheres paulistanas desde inicio atual gestao secretaria municipal politicas mulheres reformou totalmente crms casa brasilandia casa eliane grammont prefeitura tambem reformou cinco centros cidadania mulher ccms itaquera perus capela socorro parelheiros santo amaro consulte enderecos toda rede protecao aqui googledyjh leia sobre centro referencia maria lourdes rodrigues aqui googlhmi aqui googlfaiu,centro referencia mulher capao redondo mulheres situacao violencia genero domestica cidade sao paulo porta aberta sao miguel paulista chegou vez capao redondo ter proprio centro referencia mulher crm inaugurado ultima sextafeira todo sao cinco equipamentos operacao cidade infelizmente ainda ha muitas mulheres agredidas sao paulo centros referencia sao importantissimos mulheres readquiram autonomia superar problemas alem equipamento acolhedor profissional dedicado ouvir historia cada centros oferecem tambem cursos palestras oficinas grupos reflexivos maneira dar sequencia atendimento emergencial oferecer melhores servicos mulheres paulistanas desde inicio atual gestao secretaria municipal politicas mulheres reformou totalmente crms casa brasilandia casa eliane grammont prefeitura tambem reformou cinco centros cidadania mulher ccms itaquera perus capela socorro parelheiros santo amaro consulte enderecos toda rede protecao aqui googledyjh leia sobre centro referencia maria lourdes rodrigues aqui googlhmi aqui googlfaiu,624,added_video,https://scontent-gru1-1.xx.fbcdn.net/v/t15.5256-10/12719905_1088169921263630_1295449101_n.jpg?_nc_cat=104&_nc_sid=ad6a45&_nc_ohc=IqEF5DV_fYgAX-rPjXh&_nc_ht=scontent-gru1-1.xx&oh=e182c1a236f0e6320869993ea2826d97&oe=5EAFA14B,1894,1,5,0,4,187,True
2016-06-06T13:53:48+0000,904277726319518_1088062767941012, , ,152,added_photos,https://scontent-gru2-2.xx.fbcdn.net/v/t1.0-9/13082579_1060999723980650_1092637123638745543_n.jpg?_nc_cat=100&_nc_sid=7aed08&_nc_ohc=L7GLZkK-BSoAX-hgx7I&_nc_ht=scontent-gru2-2.xx&oh=e6ddf9759faa6758441241a566c86bae&oe=5EADC961,8973,11,89,2,22,873,False
2016-06-05T14:59:31+0000,904277726319518_1087402934673662,vem primeiro ciclista ciclovia revista saopaulo folha traz dados interessantes sobre programa bikesampa parceria prefeitura sao paulo itau compartilhamento bicicletas emprestimos aumentou apenas ano abril marco feitos mil emprestimos intervalo ano numero saltou mil ja usuarios aumentou periodo saldo usuarios laranjinhas aumentou mil atingindo mil pessoas conexao biketrilhos tambem sentiu mudanca linhas cptm ha embarques ciclistas mes ha dois anos metro cada domingo bicicletas sao levadas bordo media uso bicicletarios cptm cresceu desde so abril deste ano espacos receberam mil veiculos vem gente podemos atender bicicletarios estao abarrotados diz silas daniel lima gerente estacoes servicos companhia,vem primeiro ciclista ciclovia revista saopaulo folha traz dados interessantes sobre programa bikesampa parceria prefeitura sao paulo itau compartilhamento bicicletas emprestimos aumentou apenas ano abril marco feitos mil emprestimos intervalo ano numero saltou mil ja usuarios aumentou periodo saldo usuarios laranjinhas aumentou mil atingindo mil pessoas conexao biketrilhos tambem sentiu mudanca linhas cptm ha embarques ciclistas mes ha dois anos metro cada domingo bicicletas sao levadas bordo media uso bicicletarios cptm cresceu desde so abril deste ano espacos receberam mil veiculos vem gente podemos atender bicicletarios estao abarrotados diz silas daniel lima gerente estacoes servicos companhia,405,shared_story,https://scontent-gru1-1.xx.fbcdn.net/v/t1.0-1/p200x200/39067693_1890872174326730_929144109233340416_o.jpg?_nc_ohc=AVBfKWUotnMAX8G4T3U&_nc_ht=scontent-gru1-1.xx&oh=38cb70017b1f9d352a423262f33caf0b&oe=5EAD7D0B,3374,2,15,0,3,259,True
2016-06-04T22:41:50+0000,904277726319518_1087044871376135,sao paulo topo cidades inteligentes reportagem revista exame divulga estudo consultoria urban systems elege cidade inteligente brasil desempenho atribuido medidas tomadas area mobilidade urbanismo diz texto quatro anos cidade ganhou sistema km faixas onibus partindo marca inferior km ate fim deste ano meta prefeitura acrescentar km malha cicloviaria paulistana ha dois anos nao chegava km dado indica sao paulo pode estar rumo certo inicio deste ano relevantes rankings mundiais congestionamento elaborado holandesa tomtom fabricante sistemas navegacao carros revelou sao paulo passou setima posicao engarrafadas considerando quase metropoles paises estudo leva consideracao outras dez areas urbanismo meio ambiente energia tecnologia inovacao educacao saude seguranca empreendedorismo economia governanca outros destaques reportagem sao plano diretor revisto lei zoneamento neste ano documentos preveem grandes empreendimentos permitidos apenas areas servidas corredores importantes transporte publico alem disso desencorajam desenvolvimento bairros exclusivamente residenciais comerciais favorecendo areas funcoes mistas ideia todo morador encontre equipamentos basicos vida urbana distancia caminhavel casa levantamento completo sera divulgado durante evento connected smart cities dias junho rio janeiro,sao paulo topo cidades inteligentes reportagem revista exame divulga estudo consultoria urban systems elege cidade inteligente brasil desempenho atribuido medidas tomadas area mobilidade urbanismo diz texto quatro anos cidade ganhou sistema km faixas onibus partindo marca inferior km ate fim deste ano meta prefeitura acrescentar km malha cicloviaria paulistana ha dois anos nao chegava km dado indica sao paulo pode estar rumo certo inicio deste ano relevantes rankings mundiais congestionamento elaborado holandesa tomtom fabricante sistemas navegacao carros revelou sao paulo passou setima posicao engarrafadas considerando quase metropoles paises estudo leva consideracao outras dez areas urbanismo meio ambiente energia tecnologia inovacao educacao saude seguranca empreendedorismo economia governanca outros destaques reportagem sao plano diretor revisto lei zoneamento neste ano documentos preveem grandes empreendimentos permitidos apenas areas servidas corredores importantes transporte publico alem disso desencorajam desenvolvimento bairros exclusivamente residenciais comerciais favorecendo areas funcoes mistas ideia todo morador encontre equipamentos basicos vida urbana distancia caminhavel casa levantamento completo sera divulgado durante evento connected smart cities dias junho rio janeiro,540,mobile_status_update,None,3359,3,25,0,1,288,True
2016-06-03T14:09:31+0000,904277726319518_1086249611455661,ontem visitei cidade tiradentes extremo leste cidade acompanhar instalacao lampadas led bairro conversei moradores ajudei instalar duas bracadeiras novas luminarias ja instalamos quase mil pontos led sao paulo vamos instalar mil ate setembro deste ano significa belo horizonte inteira led dentro cidade duvida projetos relevantes gestao muda cara sao paulo comecamos periferia justamente porque moradores geral acordam cedo ainda escuro voltam casa tarde ja escureceu vai trazer seguranca sobretudo mulheres fazer paulistanos ocupem bairros verdadeira revolucao cidade,ontem visitei cidade tiradentes extremo leste cidade acompanhar instalacao lampadas led bairro conversei moradores ajudei instalar duas bracadeiras novas luminarias ja instalamos quase mil pontos led sao paulo vamos instalar mil ate setembro deste ano significa belo horizonte inteira led dentro cidade duvida projetos relevantes gestao muda cara sao paulo comecamos periferia justamente porque moradores geral acordam cedo ainda escuro voltam casa tarde ja escureceu vai trazer seguranca sobretudo mulheres fazer paulistanos ocupem bairros verdadeira revolucao cidade,1426,added_video,https://scontent-gru1-1.xx.fbcdn.net/v/t15.5256-10/12419960_1086251281455494_572868461_n.jpg?_nc_cat=103&_nc_sid=ad6a45&_nc_ohc=bUf0vW8gnpwAX80mjLf&_nc_ht=scontent-gru1-1.xx&oh=661445c988dda3c0c0cd2f3b010a2540&oe=5EAEFB57,5384,5,52,1,3,614,True
2016-06-01T12:01:18+0000,904277726319518_1084904354923520,tecnologia onibus maquinas recarga determinar instalacao arcondicionado wifi novos onibus cidade prefeitura sao paulo inicia agora instalacao maquinas recarga bilhete unico km novos corredores faixas exclusivas novas funcionalidades prefeitura continua investindo melhoria transporte publico,tecnologia onibus maquinas recarga determinar instalacao arcondicionado wifi novos onibus cidade prefeitura sao paulo inicia agora instalacao maquinas recarga bilhete unico km novos corredores faixas exclusivas novas funcionalidades prefeitura continua investindo melhoria transporte publico,1465,shared_story,https://external-gru1-1.xx.fbcdn.net/safe_image.php?d=AQCjor6eaA82K7UV&url=https%3A%2F%2Fwww.facebook.com%2Fads%2Fimage%2F%3Fd%3DAQIpoMjdX_Ux6b9C7BZK2f5fII3ocY3X_s1UGy-KMDp11aujWM6qmoUd5Yqy-mZVyPNhGhf_18sHjWRLNDdtZsKxs9FsmBIpqtf1Qy-mESFi0qP4ljinI7BDwWPbLCjAANRjTylQHXEGXjdFDXLBHpN4&_nc_hash=AQCAqAkIxRWAVkXq,7028,6,95,0,2,719,True
2016-05-31T15:31:14+0000,904277726319518_1084413654972590,incendio favelas comunidades angustias paulistanos quantidade incendios favelas comunidades quantidade tamanha alguns chegaram formular tese nada daquilo parecia casual fruto acoes orquestradas passamos acompanhar perto situacao falta extintores hidrantes inoperantes manutencao praticas improprias gama questoes levantada defesa civil mobilizada resultados ate aqui queda ocorrencias parecem animadores ainda situacao preocupante exija cuidados permanentes fica agradecimento secretaria habitacao defesa civil sao paulo bem corpo bombeiros parcerias ineditas firmadas nesta administracao,incendio favelas comunidades angustias paulistanos quantidade incendios favelas comunidades quantidade tamanha alguns chegaram formular tese nada daquilo parecia casual fruto acoes orquestradas passamos acompanhar perto situacao falta extintores hidrantes inoperantes manutencao praticas improprias gama questoes levantada defesa civil mobilizada resultados ate aqui queda ocorrencias parecem animadores ainda situacao preocupante exija cuidados permanentes fica agradecimento secretaria habitacao defesa civil sao paulo bem corpo bombeiros parcerias ineditas firmadas nesta administracao,851,added_photos,https://scontent-gru2-1.xx.fbcdn.net/v/t1.0-9/p720x720/13315569_1084413654972590_1544810859381954726_n.jpg?_nc_cat=109&_nc_sid=2d5d41&_nc_ohc=CiQvP07bsJwAX_yaCuo&_nc_ht=scontent-gru2-1.xx&_nc_tp=6&oh=63c456bbb4681dce02f301daf8958d0f&oe=5EAF3D20,3009,2,40,0,1,162,True
2016-05-30T18:20:04+0000,904277726319518_1083891015024854,semaforos razoes melhoria transito sao paulo duvida reducao velocidade maxima vias alem reducao acidentes preconizado organizacao mundial saude onu medida elimina efeito ondulatorio trafego veiculos aumentado velocidade media ha outras iniciativas explicam fenomeno sao paulo ter caido dois anos ranking congestionamento posicao segundo estudo empresa holandesa maior fabricante gps mundo reforma semaforica r milhoes investimento feita recursos multas apesar queda arrecadacao ultimos tres anos panes reduzidas saiba,semaforos razoes melhoria transito sao paulo duvida reducao velocidade maxima vias alem reducao acidentes preconizado organizacao mundial saude onu medida elimina efeito ondulatorio trafego veiculos aumentado velocidade media ha outras iniciativas explicam fenomeno sao paulo ter caido dois anos ranking congestionamento posicao segundo estudo empresa holandesa maior fabricante gps mundo reforma semaforica r milhoes investimento feita recursos multas apesar queda arrecadacao ultimos tres anos panes reduzidas saiba,406,added_photos,https://scontent-gru2-2.xx.fbcdn.net/v/t1.0-9/p720x720/13312797_1083891015024854_3642567226236490561_n.jpg?_nc_cat=106&_nc_sid=2d5d41&_nc_ohc=1nBjXFtCZl0AX_Ianq0&_nc_ht=scontent-gru2-2.xx&_nc_tp=6&oh=d487a53c41dfdcf6658096000e21175f&oe=5EAD0B39,2513,3,36,0,4,102,True
2016-05-29T15:29:49+0000,904277726319518_1083242175089738,orgulho tomei iniciativa incluir parada lgbt calendario oficial cidade anos minimo poderia fazer evento celebra diversidade tolerancia atrai tanta gente sao paulo ano parada tema central reivindicacoes segmento t anexo entrevista dei lado bi sobre tema,orgulho tomei iniciativa incluir parada lgbt calendario oficial cidade anos minimo poderia fazer evento celebra diversidade tolerancia atrai tanta gente sao paulo ano parada tema central reivindicacoes segmento t anexo entrevista dei lado bi sobre tema,1366,shared_story,https://external-gru1-1.xx.fbcdn.net/safe_image.php?d=AQCSFeQQ-t2iox0I&url=http%3A%2F%2Fladobi.uol.com.br%2Fwp-content%2Fuploads%2F2016%2F05%2FStill001-472x394.jpg&_nc_hash=AQCaDQ3F8M-EubVy,12551,7,31,1,4,1595,True
2016-05-27T18:20:19+0000,904277726319518_1082017665212189, , ,995,added_photos,https://scontent-gru2-2.xx.fbcdn.net/v/t1.0-9/13254270_1082017638545525_5318019033916289397_n.jpg?_nc_cat=106&_nc_sid=7aed08&_nc_ohc=HIc7xDCo9_4AX8ru2Cn&_nc_ht=scontent-gru2-2.xx&oh=0a9e894cf2fc7b86c48d8de4eb495400&oe=5EAC84F3,24190,2,7,223,14,1713,False
2016-05-25T15:21:08+0000,904277726319518_1080703318676957,industria multa falase criei industria multa sao paulo grafico abaixo traz informacoes sobre evolucao arrecadacao periodo realmente incremento termos reais ja descontada inflacao ninguem falou nada queda termos reais nunca pretendemos criar industria multa acabar industria morte conseguindo,industria multa falase criei industria multa sao paulo grafico abaixo traz informacoes sobre evolucao arrecadacao periodo realmente incremento termos reais ja descontada inflacao ninguem falou nada queda termos reais nunca pretendemos criar industria multa acabar industria morte conseguindo,4473,added_photos,https://scontent-gru1-1.xx.fbcdn.net/v/t1.0-9/p720x720/13241122_1080703318676957_8058429694707885498_n.jpg?_nc_cat=104&_nc_sid=2d5d41&_nc_ohc=M0rrB7LzmsYAX8t4YhJ&_nc_ht=scontent-gru1-1.xx&_nc_tp=6&oh=827a1ddd4c911e28f22dbd96e72ba75c&oe=5EAC5611,12044,61,27,1,12,797,True
2016-05-24T17:20:04+0000,904277726319518_1078972008850088,voce ja deve lembrar controlar lei obrigava veiculos cidade passarem inspecao veicular ocorre exigencia so existia cidade sao paulo resultado muitos proprietarios passaram licenciar veiculos outras cidades escapar taxa multas infografico abaixo podese ver evolucao frotas estadual municipal seguem paralelo ate cidade decresce subitamente so volta patamares proximos estado nesse periodo municipe perdeu duplamente pagou nova taxa contribuinte perdeu cidadao cotaparte ipva caberia arrecadado estado enviada outras cidades ficamos fumaca perdemos estimados r bilhao arrecadacao razao mundo controle poluentes atribuicao estadual federal,voce ja deve lembrar controlar lei obrigava veiculos cidade passarem inspecao veicular ocorre exigencia so existia cidade sao paulo resultado muitos proprietarios passaram licenciar veiculos outras cidades escapar taxa multas infografico abaixo podese ver evolucao frotas estadual municipal seguem paralelo ate cidade decresce subitamente so volta patamares proximos estado nesse periodo municipe perdeu duplamente pagou nova taxa contribuinte perdeu cidadao cotaparte ipva caberia arrecadado estado enviada outras cidades ficamos fumaca perdemos estimados r bilhao arrecadacao razao mundo controle poluentes atribuicao estadual federal,487,added_photos,https://scontent-gru1-1.xx.fbcdn.net/v/t31.0-8/s720x720/13217176_1078972008850088_4216334832625589209_o.png?_nc_cat=108&_nc_sid=2d5d41&_nc_ohc=grqS13-v_pMAX-9Z0iV&_nc_ht=scontent-gru1-1.xx&oh=4d0ebdffb6eb06d422998c2fc3811ca6&oe=5EAC8649,3156,5,15,9,27,87,True
2016-05-21T21:20:21+0000,904277726319518_1078306818916607, , ,282,added_video,https://scontent-gru1-1.xx.fbcdn.net/v/t15.5256-10/13176978_1078314848915804_479449344_n.jpg?_nc_cat=103&_nc_sid=1055be&_nc_ohc=QXHmTbIK8SkAX_rUo-d&_nc_ht=scontent-gru1-1.xx&oh=e56ccdf6192ad40146b9c5d11528a497&oe=5EAE0CB7,3143,26,19,1,7,832,False
2016-05-21T20:10:29+0000,904277726319518_1078271545586801,viradacultural hoje h ate amanha tambem h sao paulo transforma capital cultura convivio espaco publico tudo voce precisa saber aproveitar horas post organizado prefeitura sao paulo boa virada todos,viradacultural hoje h ate amanha tambem h sao paulo transforma capital cultura convivio espaco publico tudo voce precisa saber aproveitar horas post organizado prefeitura sao paulo boa virada todos,0,shared_story,https://scontent-gru1-1.xx.fbcdn.net/v/t1.0-9/p720x720/13232918_514054495459659_4539721410646721098_n.png?_nc_cat=101&_nc_sid=2d5d41&_nc_ohc=Cshfa41pN1IAX_1aohi&_nc_ht=scontent-gru1-1.xx&oh=64d7cf577c812de163b90d8e422182d1&oe=5EAEF541,1204,1,1,3,3,88,True
2016-05-20T19:58:21+0000,904277726319518_1076240245789931,led virada neste fim semana comeca edicao virada cultural ano evento deixa importante legado cidade trocamos lampadas sodio iluminacao led longo circuito central virada praca republica praca luz sao pontos iluminacao trazem sensacao seguranca maior importante circulacao palcos feita conforto assim desfrutem melhor experiencia viver final semana intenso atracoes culturais variadas hoje virada abre happy hour centro h programacao informacoes noticias sobre atracoes noticias aqui,led virada neste fim semana comeca edicao virada cultural ano evento deixa importante legado cidade trocamos lampadas sodio iluminacao led longo circuito central virada praca republica praca luz sao pontos iluminacao trazem sensacao seguranca maior importante circulacao palcos feita conforto assim desfrutem melhor experiencia viver final semana intenso atracoes culturais variadas hoje virada abre happy hour centro h programacao informacoes noticias sobre atracoes noticias aqui,170,added_photos,https://scontent-gru2-2.xx.fbcdn.net/v/t31.0-0/p480x480/13227671_1076239792456643_2162020667195245258_o.jpg?_nc_cat=100&_nc_sid=8024bb&_nc_ohc=-IK0QcN2l8AAX-uak0J&_nc_ht=scontent-gru2-2.xx&_nc_tp=6&oh=097bc1d26f2b46f9bce4f5642a73d713&oe=5EAC7CA1,2482,4,16,0,1,182,True
2016-05-19T20:00:17+0000,904277726319518_1077008609046428,djamila ribeiro nova secretariaadjunta secretaria municipal direitos humanos cidadania sao paulo feminista negra mestra filosofia politica bemvinda equipe,djamila ribeiro nova secretariaadjunta secretaria municipal direitos humanos cidadania sao paulo feminista negra mestra filosofia politica bemvinda equipe,2891,added_photos,https://scontent-gru2-1.xx.fbcdn.net/v/t31.0-8/s720x720/13217603_1077008565713099_4231034009884103798_o.jpg?_nc_cat=111&_nc_sid=05277f&_nc_ohc=qaxe_VJeOYAAX9-oq0D&_nc_ht=scontent-gru2-1.xx&_nc_tp=7&oh=2d6c99e8b4b4b9ae9106ba2b488dcedb&oe=5EADE2B1,20575,10,82,8,9,3142,True
2016-05-19T15:40:48+0000,904277726319518_1076850535728902,parabens ana estela companheira tantos anos aniversario achei foto sempre gostei conhecemos desde entao so cresce admiracao amor voce,parabens ana estela companheira tantos anos aniversario achei foto sempre gostei conhecemos desde entao so cresce admiracao amor voce,84,added_photos,https://scontent-gru2-2.xx.fbcdn.net/v/t31.0-8/s720x720/13268314_1076850535728902_1294739991680643963_o.jpg?_nc_cat=100&_nc_sid=7aed08&_nc_ohc=G9anpCfynMkAX8aZxTw&_nc_ht=scontent-gru2-2.xx&_nc_tp=7&oh=e4fc7702d604515d9bba71d4e1b9f495&oe=5EAC8F50,11710,6,50,0,3,2227,True
2016-05-17T23:39:37+0000,904277726319518_1075635505850405,cidade tamanho importancia global sao paulo so cumpre vocacao civilizatoria civilizadora todos cidadaos direitos nao apenas garantidos continuamente ampliados diainternacionalcontraahomofobia podese dizer sao paulo avancou nesses tres anos direcao cidade diversa tolerante inauguramos centro cidadania lgbt arouche intuito reestruturar expandir rede protecao social populacao lgbt alem sede fixa unidade movel cidadania lgbt percorre cidade tornando politicas publicas publico lgbt ainda acessiveis so ano programa transcidadania vagas dobradas beneficiando pessoas trans querem voltar estudar qualificar profissionalmente inaugurado centro acolhida especial mulheres transexuais brasil criado conselho municipal politicas publicas lgbt diversidade cidadania maisdireitos,cidade tamanho importancia global sao paulo so cumpre vocacao civilizatoria civilizadora todos cidadaos direitos nao apenas garantidos continuamente ampliados diainternacionalcontraahomofobia podese dizer sao paulo avancou nesses tres anos direcao cidade diversa tolerante inauguramos centro cidadania lgbt arouche intuito reestruturar expandir rede protecao social populacao lgbt alem sede fixa unidade movel cidadania lgbt percorre cidade tornando politicas publicas publico lgbt ainda acessiveis so ano programa transcidadania vagas dobradas beneficiando pessoas trans querem voltar estudar qualificar profissionalmente inaugurado centro acolhida especial mulheres transexuais brasil criado conselho municipal politicas publicas lgbt diversidade cidadania maisdireitos,1,shared_story,https://scontent-gru1-1.xx.fbcdn.net/v/t1.0-9/13226960_730595840416564_8697942076615570225_n.jpg?_nc_cat=108&_nc_sid=2d5d41&_nc_ohc=OPD9LeH_1gAAX-XD7AH&_nc_ht=scontent-gru1-1.xx&oh=1e792cdebb1bc0003d1e35f6e7424e28&oe=5EAD1B24,4181,1,30,0,3,403,True
2016-05-17T15:38:54+0000,904277726319518_1073567099390579,ultima sextafeira participei debate legal organizado quebrando tabu mediacao jout jout prazer discutimos temas relacionados area educacao paola carosella alice ribeiro rosane borges maria pilar wilson levy aqui integra,ultima sextafeira participei debate legal organizado quebrando tabu mediacao jout jout prazer discutimos temas relacionados area educacao paola carosella alice ribeiro rosane borges maria pilar wilson levy aqui integra,287,added_photos,https://scontent-gru2-2.xx.fbcdn.net/v/t1.0-9/s720x720/13177428_1073567099390579_2009017364806322415_n.jpg?_nc_cat=100&_nc_sid=2d5d41&_nc_ohc=Px4NoG2tBpQAX8Qo4Zr&_nc_ht=scontent-gru2-2.xx&_nc_tp=7&oh=c50ac246f5748a34043f367c9fcc45e4&oe=5EAEC323,8800,3,40,1,5,767,True
2016-05-17T00:07:15+0000,904277726319518_1075006699246619,peco desculpas entidades estudantis cancelamento ida evento comemorativo entrega cartao passe livre estudantil numero evento extremo cidade chuvas ventos fortes causaram grande transtornos infelizmente obito nao ha nada dolorido perdas defesa civil subprefeituras atingidas continuam prontidao seguem informacoes trabalhos prosseguem,peco desculpas entidades estudantis cancelamento ida evento comemorativo entrega cartao passe livre estudantil numero evento extremo cidade chuvas ventos fortes causaram grande transtornos infelizmente obito nao ha nada dolorido perdas defesa civil subprefeituras atingidas continuam prontidao seguem informacoes trabalhos prosseguem,96,shared_story,None,3136,3,8,441,5,60,True
2016-05-16T16:13:56+0000,904277726319518_1074807229266566,trote pseudointelectual alguns voces ja devem ter ouvido falar tal marco antonio villa jovem pan ultimamente comentado agenda publica conhecimento nunca administrou boteco acho graca hoje ouvintes palida ideia deste embuste resolvemos substituir algumas horas agenda outro politico apenas velo comentar vez vida diaadia lambe botas peco desculpas ofendo alguem procedimento sendo caluniado todos dias projeto intelectual imagino cidadaos direito saber desonra jornalismo anexo audio comentarios agenda entrevista dei ano passado talvez explique parte desequilibrio psicologico fica recado antes criticar livro recomendase leitura,trote pseudointelectual alguns voces ja devem ter ouvido falar tal marco antonio villa jovem pan ultimamente comentado agenda publica conhecimento nunca administrou boteco acho graca hoje ouvintes palida ideia deste embuste resolvemos substituir algumas horas agenda outro politico apenas velo comentar vez vida diaadia lambe botas peco desculpas ofendo alguem procedimento sendo caluniado todos dias projeto intelectual imagino cidadaos direito saber desonra jornalismo anexo audio comentarios agenda entrevista dei ano passado talvez explique parte desequilibrio psicologico fica recado antes criticar livro recomendase leitura,9402,shared_story,None,32209,3988,73,8,102,4096,True
2016-05-15T19:42:13+0000,904277726319518_1074275285986427,voce sabia ha ano sao paulo regulamentou lei determinando integrantes todos conselhos cidade mulheres empodera abre espaco incrivel participacao mulheres vida cidade tempos retrocesso bom lembrar outro mundo feminino melhor possivel,voce sabia ha ano sao paulo regulamentou lei determinando integrantes todos conselhos cidade mulheres empodera abre espaco incrivel participacao mulheres vida cidade tempos retrocesso bom lembrar outro mundo feminino melhor possivel,3058,shared_story,https://external-gru1-1.xx.fbcdn.net/safe_image.php?d=AQBvs3fFe7tzLjfW&url=http%3A%2F%2Fwww.capital.sp.gov.br%2Fstatic%2F2015%2F03%2F04y_c7_WFxUQTbTykbNQkQ.jpg&_nc_hash=AQClyG3Qh0zmbeXp,12370,11,56,0,10,1528,True
2016-05-13T17:51:47+0000,904277726319518_1072924662788156,semana vem comeca edicao virada cultural ano ja programacao sextafeira happy hour h h sextafeira tera pontos atracoes culturais centro avenida ipiranga praca destaques sera preinauguracao nova sede casa francisca palacete tereza toledo lara rua quintino bocaiuva dias virada tera atracoes todas subprefeituras utilizando estrutura ruas abertas bibliotecas centros culturais teatros municipais casas cultura ceus cinco palcos externos montados parelheiros mboi mirim parque carmo jardim helena pirituba veja abaixo destaques programacao shows,semana vem comeca edicao virada cultural ano ja programacao sextafeira happy hour h h sextafeira tera pontos atracoes culturais centro avenida ipiranga praca destaques sera preinauguracao nova sede casa francisca palacete tereza toledo lara rua quintino bocaiuva dias virada tera atracoes todas subprefeituras utilizando estrutura ruas abertas bibliotecas centros culturais teatros municipais casas cultura ceus cinco palcos externos montados parelheiros mboi mirim parque carmo jardim helena pirituba veja abaixo destaques programacao shows,0,shared_story,https://scontent-gru1-1.xx.fbcdn.net/v/t1.0-9/s720x720/13238894_511340299064412_1896578213003359276_n.jpg?_nc_cat=108&_nc_sid=74df0b&_nc_ohc=5cg7RNM50EgAX_70V_r&_nc_ht=scontent-gru1-1.xx&_nc_tp=7&oh=7760c5af10e1d52fbc36daa3ee67ba28&oe=5EAD5A13,1512,0,0,0,0,130,True
2016-05-12T13:30:59+0000,904277726319518_1072091646204791,assumi transito principais problema paulistanos prefeitura entao comecou tomar medidas duras pra mudar quadro nada acontece dia noite nenhuma mudanca acontece gerar consequencias muita gente reclamou esbravejou diziam mudancas mobilidade jamais poderiam dar certo sao paulo bom resultado ai posicao sao paulo obtem resultado positivo espetacular ranking mundial congestionamentos cidade vencendo maiores desafios hoje paulistano gasta menos tempo transito diversas opcoes locomover cidade descobre sao paulo antes escondida distancias estao curtas orgulho dessa conquista posso afirmar so comeco vem ai todos voces sao parte dessa mudanca,assumi transito principais problema paulistanos prefeitura entao comecou tomar medidas duras pra mudar quadro nada acontece dia noite nenhuma mudanca acontece gerar consequencias muita gente reclamou esbravejou diziam mudancas mobilidade jamais poderiam dar certo sao paulo bom resultado ai posicao sao paulo obtem resultado positivo espetacular ranking mundial congestionamentos cidade vencendo maiores desafios hoje paulistano gasta menos tempo transito diversas opcoes locomover cidade descobre sao paulo antes escondida distancias estao curtas orgulho dessa conquista posso afirmar so comeco vem ai todos voces sao parte dessa mudanca,2095,shared_story,https://external-gru1-1.xx.fbcdn.net/safe_image.php?d=AQDMEpfvnOXCmDBk&url=http%3A%2F%2Fwww.capital.sp.gov.br%2Fportal%2Fimg%2Fbase-paginas%2Flogo_prefeitura.jpg&_nc_hash=AQBN89kBlU_5M5OK,9165,10,122,0,7,830,True
2016-05-10T18:39:10+0000,904277726319518_1070312436382712,recentemente visitei regiao piritubajaragua recebido melhorias todos distritos desde inicio gestao area educacao entregamos novas creches conveniadas ceis indiretos alem emeis estrada corredor parque nacoes emef chacara turistica cieja pirituba polos uab ceus pera marmelo vila atlantica ceus estao fase final licitacao pinheirinho dagua taipas saude vale destacar equipamento importante entregue populacao hospital municipal jose soares hungria oferece atendimento areas clinica geral cirurgia ortopedia pediatria ginecologia psiquiatria alem contar maternidade cinco servicos saude estao obras ubs integrais brasilandia iii parque nacoes unidas upaama jose soares hungria upa city jaragua passa readequacao estrutura ja existente caps localizado raimundo pereira magalhaes relacao mobilidade regiao beneficiada implantacao km faixas exclusivas onibus km ciclovias ambos locais estrategicos circulacao avenidas elisio teixeira leite elisio cordeiro siqueira raimundo pereira magalhaes somase readequacao terminal pirituba facilita vida moradores regiao deslocamento centro cidade alem disso regiao ganhou pontos luz novos remodelados tecnologia led pontos wifi livre pracas coreto joao boldo vila turistica,recentemente visitei regiao piritubajaragua recebido melhorias todos distritos desde inicio gestao area educacao entregamos novas creches conveniadas ceis indiretos alem emeis estrada corredor parque nacoes emef chacara turistica cieja pirituba polos uab ceus pera marmelo vila atlantica ceus estao fase final licitacao pinheirinho dagua taipas saude vale destacar equipamento importante entregue populacao hospital municipal jose soares hungria oferece atendimento areas clinica geral cirurgia ortopedia pediatria ginecologia psiquiatria alem contar maternidade cinco servicos saude estao obras ubs integrais brasilandia iii parque nacoes unidas upaama jose soares hungria upa city jaragua passa readequacao estrutura ja existente caps localizado raimundo pereira magalhaes relacao mobilidade regiao beneficiada implantacao km faixas exclusivas onibus km ciclovias ambos locais estrategicos circulacao avenidas elisio teixeira leite elisio cordeiro siqueira raimundo pereira magalhaes somase readequacao terminal pirituba facilita vida moradores regiao deslocamento centro cidade alem disso regiao ganhou pontos luz novos remodelados tecnologia led pontos wifi livre pracas coreto joao boldo vila turistica,394,added_video,https://scontent-gru2-1.xx.fbcdn.net/v/t15.5256-10/13176966_1070313609715928_524373012_n.jpg?_nc_cat=111&_nc_sid=ad6a45&_nc_ohc=5q1lH21_UPMAX9UlS5T&_nc_ht=scontent-gru2-1.xx&oh=7a639aca982175c08b0147fc3bf4dc0a&oe=5EAE7C09,1695,1,12,1,5,116,True
2016-05-10T00:15:20+0000,904277726319518_1070283916385564,planetario parque carmo pleno funcionamento nove anos fechado devolvemos equipamento cidade condicoes funcionar muitos anos nenhuma interrupcao,planetario parque carmo pleno funcionamento nove anos fechado devolvemos equipamento cidade condicoes funcionar muitos anos nenhuma interrupcao,1425,added_video,https://scontent-gru1-1.xx.fbcdn.net/v/t15.5256-10/13179472_1070284553052167_1124131852_n.jpg?_nc_cat=104&_nc_sid=ad6a45&_nc_ohc=MsX34GKFXoMAX9r7MNB&_nc_ht=scontent-gru1-1.xx&oh=d1c3f91474c7bea9c48d5d6f068e008c&oe=5EAD8BD2,4231,3,12,0,4,340,True
2016-05-09T20:00:22+0000,904277726319518_1069098876504068,sabado reunido movimentos moradia jaragua zona norte cidade pra comemorar parceria prefeitura sao paulo governo federal vai viabilizar obras conjunto habitacional alexios jafet moradias serao construidas autogestao beneficiarao mil familias parceria atende reivindicacao antiga entidades regiao saiba aqui,sabado reunido movimentos moradia jaragua zona norte cidade pra comemorar parceria prefeitura sao paulo governo federal vai viabilizar obras conjunto habitacional alexios jafet moradias serao construidas autogestao beneficiarao mil familias parceria atende reivindicacao antiga entidades regiao saiba aqui,146,added_photos,https://scontent-gru2-2.xx.fbcdn.net/v/t31.0-8/s720x720/13112879_1069098876504068_7724768716667927453_o.jpg?_nc_cat=106&_nc_sid=2d5d41&_nc_ohc=UDRL9MfeoRcAX_T1iJK&_nc_ht=scontent-gru2-2.xx&_nc_tp=7&oh=5ad99da8d01f432401a0d720feeb33da&oe=5EAF26EB,1182,0,3,0,1,58,True
2016-05-06T21:46:08+0000,904277726319518_1068325449914744,ontem participei cerimonia demarcacao terra indigena tenonde pora beneficia quatro aldeias comunidades guarani mbya parelheiros extremo sul capital sao quase mil hectares somam hectares terra indigena jaragua zona norte delimitamos junho ano passado sendo maiores concentracoes urbanas planeta cidade sao paulo pode orgulhar ter dois territorios indigenas ocupando parte metropole pleno seculo xxi gesto necessario respeito povos originarios reconhecimento ancestralidade,ontem participei cerimonia demarcacao terra indigena tenonde pora beneficia quatro aldeias comunidades guarani mbya parelheiros extremo sul capital sao quase mil hectares somam hectares terra indigena jaragua zona norte delimitamos junho ano passado sendo maiores concentracoes urbanas planeta cidade sao paulo pode orgulhar ter dois territorios indigenas ocupando parte metropole pleno seculo xxi gesto necessario respeito povos originarios reconhecimento ancestralidade,2451,added_video,https://scontent-gru1-1.xx.fbcdn.net/v/t15.5256-10/13178438_1068327146581241_2011983127_n.jpg?_nc_cat=110&_nc_sid=ad6a45&_nc_ohc=jEP7F698GQAAX_WjIfh&_nc_ht=scontent-gru1-1.xx&oh=e474c921b67896a60ba8ecebe9f6fd08&oe=5EAD84D8,4084,2,11,1,1,370,True
2016-05-06T17:39:09+0000,904277726319518_1067110706702885,proximo domingo vamos reabrir planetario parque carmo itaquera equipamento alta tecnologia nove anos fechado recolocamos disposicao paulistanos junto planetario ibirapuera permite comunidade desfrutar experiencia unica contemplacao conhecimento cientifico reflexao vale visita,proximo domingo vamos reabrir planetario parque carmo itaquera equipamento alta tecnologia nove anos fechado recolocamos disposicao paulistanos junto planetario ibirapuera permite comunidade desfrutar experiencia unica contemplacao conhecimento cientifico reflexao vale visita,1184,added_video,https://scontent-gru2-2.xx.fbcdn.net/v/t15.5256-10/12378309_1067111373369485_1202284786_n.jpg?_nc_cat=102&_nc_sid=ad6a45&_nc_ohc=Jp2x9-Mal2MAX9mWbvj&_nc_ht=scontent-gru2-2.xx&oh=5c8896a54204f7800cf99c4303fc017e&oe=5EAF3FE8,3837,2,41,0,0,291,True
2016-05-05T23:18:27+0000,904277726319518_1067779193302703,sarau cooperifa,sarau cooperifa,10,added_photos,https://scontent-gru2-2.xx.fbcdn.net/v/t1.0-0/p180x540/13173805_1067779176636038_7251348618557049343_n.jpg?_nc_cat=100&_nc_sid=05277f&_nc_ohc=56ecOsA4MQwAX8iB2O3&_nc_ht=scontent-gru2-2.xx&_nc_tp=6&oh=85108ba1444dfec6b06283f1413bbf51&oe=5EAEF38B,909,0,4,0,1,40,True
2016-05-05T17:21:47+0000,904277726319518_1067561513324471,ontem inaugurei ponte laguna zona sul cidade vai aliviar transito regiao especial ponte joao dias entregue ciclovia espaco pedestres agora integra parque burle marx entorno rio pinheiros ponte construida recursos operacao urbana agua espraiada preve tambem alargamento avenida chucri zaidan,ontem inaugurei ponte laguna zona sul cidade vai aliviar transito regiao especial ponte joao dias entregue ciclovia espaco pedestres agora integra parque burle marx entorno rio pinheiros ponte construida recursos operacao urbana agua espraiada preve tambem alargamento avenida chucri zaidan,488,added_photos,https://scontent-gru2-1.xx.fbcdn.net/v/t31.0-8/s720x720/13131765_1067560259991263_2574448703086650526_o.jpg?_nc_cat=107&_nc_sid=8024bb&_nc_ohc=mBEbjt5-P1YAX-ssylf&_nc_ht=scontent-gru2-1.xx&_nc_tp=7&oh=b444c934adc7723cb80c33eb5feb04be&oe=5EACEDE1,4289,2,37,0,1,244,True
2016-05-04T22:17:36+0000,904277726319518_1067083206705635,obrigado poeta sergio vaz recepcao sarau cooperifaoficial ontem muita energia boa vontade lutar povo poesia luta pra vida inteira,obrigado poeta sergio vaz recepcao sarau cooperifaoficial ontem muita energia boa vontade lutar povo poesia luta pra vida inteira,63,added_photos,https://scontent-gru1-1.xx.fbcdn.net/v/t31.0-0/p480x480/13131287_1067083206705635_3981991121946320636_o.jpg?_nc_cat=104&_nc_sid=2d5d41&_nc_ohc=GULlDC7v3g4AX86LkHp&_nc_ht=scontent-gru1-1.xx&_nc_tp=6&oh=a0c50f98fdff5d3b9d5f7047c563d3e4&oe=5EACCE68,1447,0,4,0,0,79,True
2016-05-04T11:00:46+0000,904277726319518_1066824623398160,inauguramos fim semana laboratorio fabricacao digital sao paulo conhecido fablab passa integrar rede fablab livre sp maior tipo pais distribuida toda cidade acesso livre todos interesse melhorar conhecimentos inovacao tecnologia fablab sao espacos aprendizado interdisciplinar producao colaborativa equipados maquinas ultima geracao impressoras d cortadoras laser fresadoras precisao equipamentos eletronica etc meio cursos formacao populacao capacitada produzir forma customizada baixo custo so pra ter ideia aqui possivel fazer desde game ate proteses prototipos objetos recentemente programa fantastico fez serie reportagens destacando importancia fab labs mundo hoje acompanhando iniciativas existentes cidades barcelona sao francisco queremos mudar cabeca jovens possam inovar perceber producao outra maneira democratica criativa colaborativa nao duvidas projeto marco historia cidade,inauguramos fim semana laboratorio fabricacao digital sao paulo conhecido fablab passa integrar rede fablab livre sp maior tipo pais distribuida toda cidade acesso livre todos interesse melhorar conhecimentos inovacao tecnologia fablab sao espacos aprendizado interdisciplinar producao colaborativa equipados maquinas ultima geracao impressoras d cortadoras laser fresadoras precisao equipamentos eletronica etc meio cursos formacao populacao capacitada produzir forma customizada baixo custo so pra ter ideia aqui possivel fazer desde game ate proteses prototipos objetos recentemente programa fantastico fez serie reportagens destacando importancia fab labs mundo hoje acompanhando iniciativas existentes cidades barcelona sao francisco queremos mudar cabeca jovens possam inovar perceber producao outra maneira democratica criativa colaborativa nao duvidas projeto marco historia cidade,385,shared_story,https://external-gru1-1.xx.fbcdn.net/safe_image.php?d=AQCE_CRTTKvoy9X_&w=480&h=360&url=https%3A%2F%2Fi.ytimg.com%2Fvi%2F4j07MClXph4%2Fhqdefault.jpg&crop&sx=0&sy=0&sw=480&sh=360&_nc_hash=AQCkjj_vJzI6ysEg,1644,0,12,0,1,78,True
2016-05-02T23:49:05+0000,904277726319518_1065807226833233,sao paulo novo espaco publico lazer esporte cultura inauguramos ultimo sabado parque municipal chacara jockey zona oeste cidade area pertencia jockey club sao paulo declarada utilidade publica administracao municipal gasto dinheiro publico apenas compensando dividas iptu local conta extensa area verde pista caminhada quadra poliesportiva campo futebol playground praca piqueniques laboratorio fabricacao digital duas escolas ensino infantil skatepark tres maiores uso publico pais demolimos muros substituimos gradis forma conectar parque entorno todo espaco iluminacao led pra comemorar ontem belo espetaculo alceu valenca agora todos paulistanos donos desse parque,sao paulo novo espaco publico lazer esporte cultura inauguramos ultimo sabado parque municipal chacara jockey zona oeste cidade area pertencia jockey club sao paulo declarada utilidade publica administracao municipal gasto dinheiro publico apenas compensando dividas iptu local conta extensa area verde pista caminhada quadra poliesportiva campo futebol playground praca piqueniques laboratorio fabricacao digital duas escolas ensino infantil skatepark tres maiores uso publico pais demolimos muros substituimos gradis forma conectar parque entorno todo espaco iluminacao led pra comemorar ontem belo espetaculo alceu valenca agora todos paulistanos donos desse parque,641,added_video,https://scontent-gru1-1.xx.fbcdn.net/v/t15.5256-10/12719829_1065811686832787_1640485294_n.jpg?_nc_cat=101&_nc_sid=ad6a45&_nc_ohc=oJjT8_E-IN0AX89z_Vh&_nc_ht=scontent-gru1-1.xx&oh=1984d21b0d9bd26c8ebd3cb8d9b2c704&oe=5EAE8DB3,3148,5,22,0,0,265,True
2016-05-02T18:10:19+0000,904277726319518_1063949537019002,sido convidado participar debates estudantes varias faculdades sao paulo desta vez prazer conversar alunos insper batepapo franco falamos sobre politica gestao publica financas outros temas afetam municipio neste trecho video comento producao conhecimento pode contribuir tomada decisao politica prefeitura cada vez estudiosos todo mundo dedicam compreender problemas urbanos solucoes varios estudos convergem mesma direcao basta ter coragem mudar realidade cidade,sido convidado participar debates estudantes varias faculdades sao paulo desta vez prazer conversar alunos insper batepapo franco falamos sobre politica gestao publica financas outros temas afetam municipio neste trecho video comento producao conhecimento pode contribuir tomada decisao politica prefeitura cada vez estudiosos todo mundo dedicam compreender problemas urbanos solucoes varios estudos convergem mesma direcao basta ter coragem mudar realidade cidade,369,added_video,https://scontent-gru2-2.xx.fbcdn.net/v/t15.5256-10/12441406_1063951050352184_1137151157_n.jpg?_nc_cat=102&_nc_sid=ad6a45&_nc_ohc=moSvUr6TBhkAX9FssXx&_nc_ht=scontent-gru2-2.xx&oh=c3a95e7a6cb349f07c96ce3b44abbc45&oe=5EAF3264,2686,2,9,0,0,126,True
2016-04-28T22:59:03+0000,904277726319518_1063335097080446,ontem convidamos feras skate bmx patins street testar skate park inaugurando junto parque municipal chacara jockey neste final semana vai encarar confira programacao completa aqui,ontem convidamos feras skate bmx patins street testar skate park inaugurando junto parque municipal chacara jockey neste final semana vai encarar confira programacao completa aqui,362,added_video,https://scontent-gru2-2.xx.fbcdn.net/v/t15.5256-10/12474565_1063336730413616_1626375098_n.jpg?_nc_cat=106&_nc_sid=ad6a45&_nc_ohc=v_zysIQUdroAX8o_MIT&_nc_ht=scontent-gru2-2.xx&oh=f2f4a78f0c22ca91bcb136d84b1ab881&oe=5EACCA3D,1601,0,12,0,0,70,True
2016-04-28T21:06:29+0000,904277726319518_1063236640423625,sobre uber outros aplicativos ninguem muda parado defendo regulamentacao criar condicoes igualdade uber taxi reduzir lucro uber aumentar renda motoristas torco camara possa retomar assunto urgencia sao paulo cidade moderna brasil nao tentar fugir realidade impoe tecnologia faz parte dia dia cidades aqui nao diferente precisamos evitar aplicativos transporte representem concorrencia desleal taxis unica maneira fazer corretamente regulamentando servico enquanto nao feito perde cidade deixa arrecadar imposto aplicativos perdem taxistas continuarao lutando dura batalha todo dia quanto servicos atender pessoas oportunidades trabalho melhor paulistanos,sobre uber outros aplicativos ninguem muda parado defendo regulamentacao criar condicoes igualdade uber taxi reduzir lucro uber aumentar renda motoristas torco camara possa retomar assunto urgencia sao paulo cidade moderna brasil nao tentar fugir realidade impoe tecnologia faz parte dia dia cidades aqui nao diferente precisamos evitar aplicativos transporte representem concorrencia desleal taxis unica maneira fazer corretamente regulamentando servico enquanto nao feito perde cidade deixa arrecadar imposto aplicativos perdem taxistas continuarao lutando dura batalha todo dia quanto servicos atender pessoas oportunidades trabalho melhor paulistanos,265,shared_story,None,3666,3,8,2,24,173,True
2016-04-27T21:33:16+0000,904277726319518_1062598830487406,sancionei lei determinando minimo onibus sao paulo arcondicionado instalacao sera gradativa tera prioridade linhas maior percurso maior demanda usuarios ate inicio mandato nenhum veiculo frota contava sistema refrigeracao desde janeiro ano passado portaria prefeitura determina todo onibus novo entra circulacao ser entregue arcondicionado agora virou lei mobilidade sempre prioridades gestao nao descansaremos seguir melhorando condicoes usa transporte coletivo,sancionei lei determinando minimo onibus sao paulo arcondicionado instalacao sera gradativa tera prioridade linhas maior percurso maior demanda usuarios ate inicio mandato nenhum veiculo frota contava sistema refrigeracao desde janeiro ano passado portaria prefeitura determina todo onibus novo entra circulacao ser entregue arcondicionado agora virou lei mobilidade sempre prioridades gestao nao descansaremos seguir melhorando condicoes usa transporte coletivo,1133,shared_story,https://external-gru1-1.xx.fbcdn.net/safe_image.php?d=AQArGyC1n2iXTEQD&url=http%3A%2F%2Fimguol.com%2Fc%2Finteracao%2Ffacebook%2Fuol-noticias-600px.jpg&_nc_hash=AQCk8WL08CG4nnCc,8846,9,52,1,6,618,True
2016-04-26T23:51:22+0000,904277726319518_1062034693877153,pessoal hoje programa panico radio jovem pan falamos sobre mobilidade politica urbanismo tecnologia sobre momento pais sao paulo sempre bom poder explicar mudancas estao acontecendo aqui debater cidade ouvir criticas ouvir historias pessoas estao vivendo nova relacao sao paulo dialogo participacao so enriquecem politica assistam,pessoal hoje programa panico radio jovem pan falamos sobre mobilidade politica urbanismo tecnologia sobre momento pais sao paulo sempre bom poder explicar mudancas estao acontecendo aqui debater cidade ouvir criticas ouvir historias pessoas estao vivendo nova relacao sao paulo dialogo participacao so enriquecem politica assistam,709,added_photos,https://scontent-gru1-1.xx.fbcdn.net/v/t1.0-9/s720x720/13094187_1062034693877153_7789955071406685971_n.jpg?_nc_cat=101&_nc_sid=2d5d41&_nc_ohc=lGDkqoJpCJUAX_p38LC&_nc_ht=scontent-gru1-1.xx&_nc_tp=7&oh=4f848a29a6a521265346a668179da97b&oe=5EAF637B,8484,9,23,1,4,480,True
2016-04-26T20:58:09+0000,904277726319518_1061382783942344,andado bairros cidade recentemente itaquera quarta regiao populosa sao paulo recebera ate final deste ano r milhoes investimentos educacao saude so pra ter ideia upa iv lado comunidade paz sera equipada oito consultorios sete leitos urgencia leitos observacao dois leitos isolamento campo limpo jabaquara upas funcionarao prontossocorro ultima geracao vistoriei tambem obras dois novos ceus juntos representam criacao mil vagas educacao infantil visita area cohab jose bonifacio conversei coletivos cultura skatistas praca brasil renasceu espaco lazer agora conta circuito skate plaza wifi livre nova iluminacao playground equipamentos ginastica idosos,andado bairros cidade recentemente itaquera quarta regiao populosa sao paulo recebera ate final deste ano r milhoes investimentos educacao saude so pra ter ideia upa iv lado comunidade paz sera equipada oito consultorios sete leitos urgencia leitos observacao dois leitos isolamento campo limpo jabaquara upas funcionarao prontossocorro ultima geracao vistoriei tambem obras dois novos ceus juntos representam criacao mil vagas educacao infantil visita area cohab jose bonifacio conversei coletivos cultura skatistas praca brasil renasceu espaco lazer agora conta circuito skate plaza wifi livre nova iluminacao playground equipamentos ginastica idosos,461,added_video,https://scontent-gru2-2.xx.fbcdn.net/v/t15.5256-10/12594307_1061387640608525_1592488746_n.jpg?_nc_cat=100&_nc_sid=ad6a45&_nc_ohc=ZCfScEPXKuwAX8EySw9&_nc_ht=scontent-gru2-2.xx&oh=96e834aab9371e05e2d2372823d9de9e&oe=5EAE4409,2454,4,3,0,0,104,True
2016-04-25T18:11:57+0000,904277726319518_1061005060646783,sao paulo cidade conhecimento cultura grandes exposicoes so verdade poucos acesso grandes shows pecas cinemas cidade poucos cenario vai mudando vejam ai programacao shows pecas teatro acontecem ceus toda cidade aproveitem conhecam salas cinema instalando ceus centros culturais periferia filmes primeira capital cultura conhecimento agora todos aparecam la ocupem cidade aproveitem,sao paulo cidade conhecimento cultura grandes exposicoes so verdade poucos acesso grandes shows pecas cinemas cidade poucos cenario vai mudando vejam ai programacao shows pecas teatro acontecem ceus toda cidade aproveitem conhecam salas cinema instalando ceus centros culturais periferia filmes primeira capital cultura conhecimento agora todos aparecam la ocupem cidade aproveitem,414,shared_story,None,2896,1,5,0,1,187,True
2016-04-22T12:06:29+0000,904277726319518_1059075330839756,jardins verticais instalados empenas cegas edificios regiao central vao ganhando forma fotos mostra perspectiva vistos minhocao atendendo proposta movimentoo criacao corredor verde menos cinza verde,jardins verticais instalados empenas cegas edificios regiao central vao ganhando forma fotos mostra perspectiva vistos minhocao atendendo proposta movimentoo criacao corredor verde menos cinza verde,797,added_photos,https://scontent-gru2-2.xx.fbcdn.net/v/t1.0-9/s720x720/13015171_1059071977506758_4848614873024755678_n.jpg?_nc_cat=106&_nc_sid=8024bb&_nc_ohc=4F8GK2ddZE4AX_1Qoeb&_nc_ht=scontent-gru2-2.xx&_nc_tp=7&oh=c271f3caace7e726ecb585b66399c230&oe=5EADAABB,5459,4,45,0,1,503,True
2016-04-21T23:03:48+0000,904277726319518_1058741520873137,visitei hoje obras ja fase final futuro parque municipal chacara jockey novo espaco orgulho entregar cidade dia abril vai somar outros centro esportivo tiete antigo clube regatas parque esportes radicais bom retiro dentre outros execucao alem cei emei centro cultural parque contara maiores pistas skate cidade tecnologia ponta preparada receber melhores skatistas sao paulo encontrei daniel oristanio skatistas supervisionando construcao pista fiz filme pra mostrar voces sao paulo sempre conhecida cidade cinza concreto edificios acho poucos vamos transformando cenario fazendo sampa cidade verde acolhedora humana integrada feliz ver cidade espacos lazer,visitei hoje obras ja fase final futuro parque municipal chacara jockey novo espaco orgulho entregar cidade dia abril vai somar outros centro esportivo tiete antigo clube regatas parque esportes radicais bom retiro dentre outros execucao alem cei emei centro cultural parque contara maiores pistas skate cidade tecnologia ponta preparada receber melhores skatistas sao paulo encontrei daniel oristanio skatistas supervisionando construcao pista fiz filme pra mostrar voces sao paulo sempre conhecida cidade cinza concreto edificios acho poucos vamos transformando cenario fazendo sampa cidade verde acolhedora humana integrada feliz ver cidade espacos lazer,1071,added_video,https://scontent-gru1-1.xx.fbcdn.net/v/t15.5256-10/12441378_1058742144206408_256467250_n.jpg?_nc_cat=104&_nc_sid=ad6a45&_nc_ohc=HyuNb4xpsIwAX8klLQD&_nc_ht=scontent-gru1-1.xx&oh=c78cbbf18b2ee53ca761f90333ce1604&oe=5EAF04EA,3751,4,32,0,4,248,True
2016-04-21T12:32:41+0000,904277726319518_1058473130899976,epoca sao paulo so noticia brasil acontecia alguma tragedia mudando vejam artigo citando sao paulo nova referencia desta vez jornal ingles the guardian fala coordenacao direito cidade criamos pensar implementar politicas morador viva cidade inteiro interaja ocupe espacos novos parques pracas wifi fablabs salas cinema spcine novos ceus ciclovias led bairros novos teatros municipais carnaval rua circuito sp cultura parklets ruas abertas acho sao paulo ganhando vida mudanca todos vivem curtem cidade legal saber mundo tambem percebendo,epoca sao paulo so noticia brasil acontecia alguma tragedia mudando vejam artigo citando sao paulo nova referencia desta vez jornal ingles the guardian fala coordenacao direito cidade criamos pensar implementar politicas morador viva cidade inteiro interaja ocupe espacos novos parques pracas wifi fablabs salas cinema spcine novos ceus ciclovias led bairros novos teatros municipais carnaval rua circuito sp cultura parklets ruas abertas acho sao paulo ganhando vida mudanca todos vivem curtem cidade legal saber mundo tambem percebendo,817,shared_story,https://external-gru1-1.xx.fbcdn.net/safe_image.php?d=AQAwYL0Kwful4mUQ&url=https%3A%2F%2Fi.guim.co.uk%2Fimg%2Fmedia%2Fdf75f314811d9c82ccc688546d47c99adc4c09e2%2F227_165_3014_1808%2F3014.jpg%3Fw%3D1200%26q%3D55%26auto%3Dformat%26usm%3D12%26fit%3Dmax%26s%3D79755cf3142c5d2db37cf7d40c959e27&_nc_hash=AQBZJRXdEaaimXzC,4463,2,30,0,2,350,True
2016-04-20T12:29:41+0000,904277726319518_1057816324298990,nesta vespera feriado editorial jornal carro estadao chama atencao estudo internacional concluiu cada alta kmh limites velocidade maxima ha crescimento numero obitos galera alem melhorar transito cidade mostram numeros reducao velocidade salva vidas muitas criticado medida poderia ter deixado tudo nao jogo pra decisoes faceis populistas previsiveis mudar exige coragem pra fazer acontecer so vida salva reducao velocidade pra mim medida ja valeu pena sao paulo reducao velocidade permitiu primeira vez desde atingissemos menos mortos ano acidentes aproveito compartilhar editorial tambem link estudo completo insurance institute highway safety iihs parabenizando jornal posicao firme defesa reducao velocidade desejo tod s bom feriado pressa estradas,nesta vespera feriado editorial jornal carro estadao chama atencao estudo internacional concluiu cada alta kmh limites velocidade maxima ha crescimento numero obitos galera alem melhorar transito cidade mostram numeros reducao velocidade salva vidas muitas criticado medida poderia ter deixado tudo nao jogo pra decisoes faceis populistas previsiveis mudar exige coragem pra fazer acontecer so vida salva reducao velocidade pra mim medida ja valeu pena sao paulo reducao velocidade permitiu primeira vez desde atingissemos menos mortos ano acidentes aproveito compartilhar editorial tambem link estudo completo insurance institute highway safety iihs parabenizando jornal posicao firme defesa reducao velocidade desejo tod s bom feriado pressa estradas,590,added_photos,https://scontent-gru2-1.xx.fbcdn.net/v/t31.0-8/s720x720/13041479_1057816324298990_8006720699402392344_o.jpg?_nc_cat=107&_nc_sid=2d5d41&_nc_ohc=3gjljxOjLRUAX-VFEru&_nc_ht=scontent-gru2-1.xx&_nc_tp=7&oh=f8f611d99df6100e13075c47bd449f3e&oe=5EAE01BA,2984,2,17,0,2,179,True
2016-04-19T17:31:48+0000,904277726319518_1053992591348030,compartilho aqui materia bem bacana sobre maiores projetos iluminacao publica mundo acontece aqui sao paulo tempo cidade especial periferia viveu luz apagada autoestima baixa paulistano redescobrindo cidade mudando habitos tendo outro olhar sobre sao paulo ocupando espaco publico voltando viver harmonia lugar pra mim resume integracao cidade unida oportunidades humana programa led bairros leva seguranca aproxima vizinhos permite pessoas caminhem tranquilas ruas ocupem espaco ate julho vamos instalar algo torno mil pontos cidade sao paulo reinventando cada dia orgulho ver mudancas acontecendo pra valer,compartilho aqui materia bem bacana sobre maiores projetos iluminacao publica mundo acontece aqui sao paulo tempo cidade especial periferia viveu luz apagada autoestima baixa paulistano redescobrindo cidade mudando habitos tendo outro olhar sobre sao paulo ocupando espaco publico voltando viver harmonia lugar pra mim resume integracao cidade unida oportunidades humana programa led bairros leva seguranca aproxima vizinhos permite pessoas caminhem tranquilas ruas ocupem espaco ate julho vamos instalar algo torno mil pontos cidade sao paulo reinventando cada dia orgulho ver mudancas acontecendo pra valer,611,shared_story,https://external-gru1-1.xx.fbcdn.net/safe_image.php?d=AQDmyjLE8nsnoihT&url=https%3A%2F%2Fwww.facebook.com%2Fads%2Fimage%2F%3Fd%3DAQKFm2jVE4CHzI07VNOL8c9UAYWiFBuVekjIj7OzoU3qqQZJTgc2EvVN6ZCZ4B1IrCG19iOP87F8fzR_vtQ69h-dJIBAAKn4zPsUlBnUTvvxRAtawxShmwG4W7tsCMqO7QzYuqGMOnPbwlYfEhvtHvel&_nc_hash=AQDlSMeHCBXdFjmz,5149,8,27,0,1,260,True
2016-04-15T22:45:55+0000,904277726319518_1054801204600502,salas cinema publicas circuito spcine nesta semana prefeitura sao paulo inaugurou terceira sala cinema publica gratuita ceu jacana outras duas salas ja haviam sido inauguradas marco ceu butanta ceu meninos cidade tera circuito composto salas desse tipo envolvendo ceus onde ingressos serao gratuitos cinco zona leste cinco zona sul quatro zona norte zona oeste outras cinco salas circuito estarao galeria olido duas centro cultural sao paulo centro formacao cultural cidade tiradentes biblioteca publica roberto santos onde ingressos terao precos populares r r saber googlnidf [ inauguracao jacana ] googlrursv [ sp cine ],salas cinema publicas circuito spcine nesta semana prefeitura sao paulo inaugurou terceira sala cinema publica gratuita ceu jacana outras duas salas ja haviam sido inauguradas marco ceu butanta ceu meninos cidade tera circuito composto salas desse tipo envolvendo ceus onde ingressos serao gratuitos cinco zona leste cinco zona sul quatro zona norte zona oeste outras cinco salas circuito estarao galeria olido duas centro cultural sao paulo centro formacao cultural cidade tiradentes biblioteca publica roberto santos onde ingressos terao precos populares r r saber googlnidf [ inauguracao jacana ] googlrursv [ sp cine ],707,added_video,https://scontent-gru1-1.xx.fbcdn.net/v/t15.5256-10/12474427_1054802204600402_1865539383_n.jpg?_nc_cat=108&_nc_sid=ad6a45&_nc_ohc=zUaiy5IjW8UAX-JyJfX&_nc_ht=scontent-gru1-1.xx&oh=ee186c65a8038d7180095875898e3515&oe=5EADC533,2172,3,10,0,1,186,True
2016-04-09T21:00:00+0000,904277726319518_1048318128582143,visita lajeado extremo leste capital entreguei pontos iluminacao led irao beneficiar mil moradores alem economia lampadas led consomem ate menos energia eletrica durabilidade duram aproximadamente anos enquanto outros tipos nao passam anos iluminacao led contribui seguranca cidade iluminacao publica pessoas reconhecem longa distancia aumenta sensacao seguranca voce aumenta sensacao seguranca pessoas vao ruas bairro autoprotege pessoas apropriam espacos publicos vivenciando participando cada vez cidade meio programa led bairros ate final junho sao paulo contara mil novas luminarias saber sobre led lajeado programa led bairros bairros ruas ja receberam led ppp iluminacao,visita lajeado extremo leste capital entreguei pontos iluminacao led irao beneficiar mil moradores alem economia lampadas led consomem ate menos energia eletrica durabilidade duram aproximadamente anos enquanto outros tipos nao passam anos iluminacao led contribui seguranca cidade iluminacao publica pessoas reconhecem longa distancia aumenta sensacao seguranca voce aumenta sensacao seguranca pessoas vao ruas bairro autoprotege pessoas apropriam espacos publicos vivenciando participando cada vez cidade meio programa led bairros ate final junho sao paulo contara mil novas luminarias saber sobre led lajeado programa led bairros bairros ruas ja receberam led ppp iluminacao,537,added_video,https://scontent-gru2-1.xx.fbcdn.net/v/t15.5256-10/12419531_1048319248582031_143346981_n.jpg?_nc_cat=107&_nc_sid=ad6a45&_nc_ohc=YFE0sF8fJJAAX-Cz4IE&_nc_ht=scontent-gru2-1.xx&oh=3a356ee51082ff14eca61afdd1358bc9&oe=5EAEDC9C,3010,5,10,0,4,173,True
2016-04-08T18:09:55+0000,904277726319518_1049573961789893,apoio amiga anne hidalgo prefeita paris presidencia c cities visao papel cidades transicao climatica ha quase ano juntos vaticano prefeitos todo mundo convite papa francisco discutir mudancas climaticas escravidao moderna desde entao paris sao paulo vem trabalhando juntas busca solucoes inovadoras enfrentar questoes melhorar qualidade vida cidadaos je soutiens mon amie anne hidalgo maire paris la chair du c cities pour sa vision du role des villes dans la transition climatique il y presque un an nous avons ete ensemble au vatican avec dautres maires du monde entier sous linvitation du pape francois pour discuter les changements climatiques et lesclavage moderne depuis lors paris et sao paulo travaillent ensemble dans la recherche solutions innovantes pour faire face ces questions et ameliorer la qualite vie ses citoyens,apoio amiga anne hidalgo prefeita paris presidencia c cities visao papel cidades transicao climatica ha quase ano juntos vaticano prefeitos todo mundo convite papa francisco discutir mudancas climaticas escravidao moderna desde entao paris sao paulo vem trabalhando juntas busca solucoes inovadoras enfrentar questoes melhorar qualidade vida cidadaos je soutiens mon amie anne hidalgo maire paris la chair du c cities pour sa vision du role des villes dans la transition climatique il y presque un an nous avons ete ensemble au vatican avec dautres maires du monde entier sous linvitation du pape francois pour discuter les changements climatiques et lesclavage moderne depuis lors paris et sao paulo travaillent ensemble dans la recherche solutions innovantes pour faire face ces questions et ameliorer la qualite vie ses citoyens,184,added_photos,https://scontent-gru1-1.xx.fbcdn.net/v/t1.0-9/12920449_1049573961789893_442765851721951988_n.jpg?_nc_cat=101&_nc_sid=2d5d41&_nc_ohc=E2iBpG0l45QAX9R6s1a&_nc_ht=scontent-gru1-1.xx&oh=312fbd9abdef0ec473ed6a9026e1452a&oe=5EAF4D4D,2511,1,13,0,2,116,True
2016-04-06T21:41:34+0000,904277726319518_1048851201862169,tres anos cidade sao paulo ja recuperou cofres publicos cerca r milhoes reais acoes combinadas combate corrupcao pode ver numeros abaixo autuacoes empresas beneficiaram chamada mafia iss responsaveis entrada cerca r milhoes investigacao sobre grupo fiscais cobrava propina troca descontos calculo imposto verdadeiro escoadouro dinheiro publico deveria estar sendo usado problemas cronicos cidade primeiras operacoes controladoria geral municipio cgm coluna maior valor r milhoes referese irregularidades operacao urbana agua espraiada resultaram repatriacao cerca r milhoes us milhoes cambio dezembro ja devolvidos restando r milhoes aguardando apenas homologacao justica acordos firmados acao exitosa procuradoria geral municipio ministerio publico estado leia [ sobre cgm ] [ sobre clausula anticorrupcao ] [ sobre auditores recemingressos cgm ] [ sobre mafia iss ] [ sobre operacao agua espraiada ],tres anos cidade sao paulo ja recuperou cofres publicos cerca r milhoes reais acoes combinadas combate corrupcao pode ver numeros abaixo autuacoes empresas beneficiaram chamada mafia iss responsaveis entrada cerca r milhoes investigacao sobre grupo fiscais cobrava propina troca descontos calculo imposto verdadeiro escoadouro dinheiro publico deveria estar sendo usado problemas cronicos cidade primeiras operacoes controladoria geral municipio cgm coluna maior valor r milhoes referese irregularidades operacao urbana agua espraiada resultaram repatriacao cerca r milhoes us milhoes cambio dezembro ja devolvidos restando r milhoes aguardando apenas homologacao justica acordos firmados acao exitosa procuradoria geral municipio ministerio publico estado leia [ sobre cgm ] [ sobre clausula anticorrupcao ] [ sobre auditores recemingressos cgm ] [ sobre mafia iss ] [ sobre operacao agua espraiada ],2136,added_photos,https://scontent-gru2-2.xx.fbcdn.net/v/t31.0-8/s720x720/12967314_1048851201862169_1999604423431950557_o.jpg?_nc_cat=105&_nc_sid=2d5d41&_nc_ohc=vnF4-MMXPikAX_HnAmr&_nc_ht=scontent-gru2-2.xx&_nc_tp=7&oh=35dcf3e85b11aaacd78b8d1b1a1e3fc4&oe=5EAEC8BA,4325,7,46,0,3,177,True
2016-03-26T21:43:40+0000,904277726319518_1037818089632147,territorioceufreguesia hospitalbrasilandia lednosbairros visita regiao freguesia obrasilandia acompanhei obras territorio ceu sera maiores serem construidos sao paulo periodo serao ceus nesse novo modelo engloba universidade publica universidade aberta brasil juventude possa estudar ensino medio pagar salas cinema integradas circuito municipal cultura coisas acontecam periferia acontecem centro freguesia ainda tera cemei capacidade atender criancas zero cinco anos seguida chequei andamento obras hospital brasilandia ser inaugurado primeiro semestre espaco ja reservado estacao metro hospital leva regiao noroeste cidade novos leitos uti prontosocorro adulto pediatrico alem clinicas medica cirurgica obstetricia tambem pude ver rede hora certa funcionamento vem realizando media consultas exames mensalmente jardins paulistano elisa maria ja noite conversei criancas jogavam futebol rua agora iluminada lampadas led claras consomem menos energia seguranca prioridade numero brasilandia muda figura iluminacao adequada iluminacao forte traz seguranca voce sair casa divertir chegar tarde trabalho fim praca sete jovens agora revitalizada tambem iluminada led leia sobre freguesia brasilandia googlaccdhd googlfkmtu,territorioceufreguesia hospitalbrasilandia lednosbairros visita regiao freguesia obrasilandia acompanhei obras territorio ceu sera maiores serem construidos sao paulo periodo serao ceus nesse novo modelo engloba universidade publica universidade aberta brasil juventude possa estudar ensino medio pagar salas cinema integradas circuito municipal cultura coisas acontecam periferia acontecem centro freguesia ainda tera cemei capacidade atender criancas zero cinco anos seguida chequei andamento obras hospital brasilandia ser inaugurado primeiro semestre espaco ja reservado estacao metro hospital leva regiao noroeste cidade novos leitos uti prontosocorro adulto pediatrico alem clinicas medica cirurgica obstetricia tambem pude ver rede hora certa funcionamento vem realizando media consultas exames mensalmente jardins paulistano elisa maria ja noite conversei criancas jogavam futebol rua agora iluminada lampadas led claras consomem menos energia seguranca prioridade numero brasilandia muda figura iluminacao adequada iluminacao forte traz seguranca voce sair casa divertir chegar tarde trabalho fim praca sete jovens agora revitalizada tambem iluminada led leia sobre freguesia brasilandia googlaccdhd googlfkmtu,279,added_video,https://scontent-gru1-1.xx.fbcdn.net/v/t15.5256-10/12720066_1037823172964972_1247086967_n.jpg?_nc_cat=101&_nc_sid=ad6a45&_nc_ohc=_MrQb3RDbukAX8J9ZRs&_nc_ht=scontent-gru1-1.xx&oh=eb0cb5488bef9d3a7b222f6d16f22e24&oe=5EAD409C,1272,3,5,0,1,63,True
2016-03-22T21:46:21+0000,904277726319518_1036077393139550,vidassalvas mortes transito caem janeiro dezembro ano passado ocorreram mortes acidentes viarios periodo registradas mortes desde data inicio serie historica numero nunca ficado abaixo mil obitos vidas salvas ano dados sao estudo produzido companhia engenharia trafego cet considerados apenas pedestres queda so ciclistas chama atencao nesse caso queda coincide aumento numero ciclistas segundo ibope sao paulo aproximase meta decada seguranca viaria onu mortes mil habitantes ate dezembro chegamos mortes mil habitantes leia googlbmmtr,vidassalvas mortes transito caem janeiro dezembro ano passado ocorreram mortes acidentes viarios periodo registradas mortes desde data inicio serie historica numero nunca ficado abaixo mil obitos vidas salvas ano dados sao estudo produzido companhia engenharia trafego cet considerados apenas pedestres queda so ciclistas chama atencao nesse caso queda coincide aumento numero ciclistas segundo ibope sao paulo aproximase meta decada seguranca viaria onu mortes mil habitantes ate dezembro chegamos mortes mil habitantes leia googlbmmtr,1099,added_photos,https://scontent-gru2-1.xx.fbcdn.net/v/t1.0-9/s720x720/10329147_1036077393139550_1197894613388072952_n.png?_nc_cat=111&_nc_sid=2d5d41&_nc_ohc=VlxDwPVnAz8AX-5H5RJ&_nc_ht=scontent-gru2-1.xx&oh=1adfa9694ced70741d80f1b59e6ef748&oe=5EAF2EA4,4825,3,68,1,2,262,True
2016-03-18T18:25:11+0000,904277726319518_1032937000120256,debracosabertos voce nao amigo usa drogas vida relativamente organizada pobres tambem direito estar ruas abrigo possibilidade trabalhar exposto violencia amplificam danos causados consumo quaisquer drogas atuais participantes [ numeros marco ] programa bracos abertos conseguem dar passos importantes reestruturar vidas alem adicao vez garantidos direitos basicos moradia trabalho assistencia saude significa politica reducao danos dados abaixo mostram vale pena apostar dignidade,debracosabertos voce nao amigo usa drogas vida relativamente organizada pobres tambem direito estar ruas abrigo possibilidade trabalhar exposto violencia amplificam danos causados consumo quaisquer drogas atuais participantes [ numeros marco ] programa bracos abertos conseguem dar passos importantes reestruturar vidas alem adicao vez garantidos direitos basicos moradia trabalho assistencia saude significa politica reducao danos dados abaixo mostram vale pena apostar dignidade,1388,added_photos,https://scontent-gru2-1.xx.fbcdn.net/v/t1.0-9/s720x720/1460983_1032937000120256_2846646161435561675_n.png?_nc_cat=109&_nc_sid=2d5d41&_nc_ohc=OjmGg1E63A8AX9pXE5R&_nc_ht=scontent-gru2-1.xx&oh=76ed37e85440ef55d36c450d87d3f1ac&oe=5EAE4497,5361,2,47,0,0,382,True
2016-03-16T17:05:31+0000,904277726319518_1031451083602181,voos helicoptero muitas vezes redes sociais discute uso helicoptero autoridades absolutamente legitimo uso ser parcimonioso vistoria obras areas risco areas preservacao deslocamentos ageis funcao agenda sao algumas necessidades prefeito cidade sao paulo tudo comedimento transparencia imprensa sempre aciona lei acesso informacao questionar gestao sobre assunto curiosamente nunca publicou dados encaminhadosquis compreender comportamento so agora entendi razao ve imagem abaixo media anual horas voo mandato bem inferior antecessores,voos helicoptero muitas vezes redes sociais discute uso helicoptero autoridades absolutamente legitimo uso ser parcimonioso vistoria obras areas risco areas preservacao deslocamentos ageis funcao agenda sao algumas necessidades prefeito cidade sao paulo tudo comedimento transparencia imprensa sempre aciona lei acesso informacao questionar gestao sobre assunto curiosamente nunca publicou dados encaminhadosquis compreender comportamento so agora entendi razao ve imagem abaixo media anual horas voo mandato bem inferior antecessores,637,added_photos,https://scontent-gru2-2.xx.fbcdn.net/v/t31.0-8/s720x720/12828437_1031451083602181_5101687157659371235_o.jpg?_nc_cat=106&_nc_sid=2d5d41&_nc_ohc=PH-Km9AOS28AX8muvzw&_nc_ht=scontent-gru2-2.xx&_nc_tp=7&oh=45357852a658350beada04e9482d5831&oe=5EACB237,4841,8,45,1,2,216,True
2016-03-14T23:22:51+0000,904277726319518_1030103030403653,aula magna faculdade arquitetura urbanismo universidade sao paulo reuniu cerca mil estudantes discutindo politicas publicas cidade sao paulo desenvolvimento urbano foto leon rodriguessecom,aula magna faculdade arquitetura urbanismo universidade sao paulo reuniu cerca mil estudantes discutindo politicas publicas cidade sao paulo desenvolvimento urbano foto leon rodriguessecom,470,added_photos,https://scontent-gru2-2.xx.fbcdn.net/v/t1.0-9/1888544_1030102483737041_9011090363906020206_n.jpg?_nc_cat=100&_nc_sid=05277f&_nc_ohc=LW52_ugTBkoAX-Xqdr1&_nc_ht=scontent-gru2-2.xx&oh=1b9f5fe1105c95119c9966efec7f0b8b&oe=5EAE2330,5964,12,81,0,1,265,True
2016-03-13T17:05:55+0000,904277726319518_1029204803826809,embora nao havido fatalidades capital cidades vizinhas contaram menos mortes causadas chuvas desta semana visitei manha desse domingo cidade franco rocha manifestar pesar vitimas cidade sao paulo coloca defesa civil disposicao vizinhas qualquer ajuda necessaria,embora nao havido fatalidades capital cidades vizinhas contaram menos mortes causadas chuvas desta semana visitei manha desse domingo cidade franco rocha manifestar pesar vitimas cidade sao paulo coloca defesa civil disposicao vizinhas qualquer ajuda necessaria,1112,added_video,https://scontent-gru1-1.xx.fbcdn.net/v/t15.5256-10/11114450_1029208407159782_932258600_n.jpg?_nc_cat=103&_nc_sid=1055be&_nc_ohc=qb4Ag0zWoxAAX-wMWnm&_nc_ht=scontent-gru1-1.xx&oh=9c23f4afee64fed6d4ae58911b0e4fd0&oe=5EAEBD7C,3641,3,6,89,0,145,True
2016-03-09T18:25:31+0000,904277726319518_1026653764081913,recentemente prazer voltar universidade duas ocasioes aula magna semana politicas publicas universidade federal abc foto debate alunos arquitetura universidade presbiteriana mackenzie foto sempre interessante conversar estudantes respeito desafios governar cidade sao paulo ufabc debatemos questoes sobre participacao social programas iniciativas governo leia googlhxvlem mackenzie discutimos principalmente temas ligados planejamento urbano leia googlbeyq,recentemente prazer voltar universidade duas ocasioes aula magna semana politicas publicas universidade federal abc foto debate alunos arquitetura universidade presbiteriana mackenzie foto sempre interessante conversar estudantes respeito desafios governar cidade sao paulo ufabc debatemos questoes sobre participacao social programas iniciativas governo leia googlhxvlem mackenzie discutimos principalmente temas ligados planejamento urbano leia googlbeyq,91,added_photos,https://scontent-gru2-2.xx.fbcdn.net/v/t31.0-0/p480x480/1933619_1026652010748755_5568631164993859326_o.jpg?_nc_cat=106&_nc_sid=8024bb&_nc_ohc=vz98-Xv3NMcAX91ijdG&_nc_ht=scontent-gru2-2.xx&_nc_tp=6&oh=3dd139bed88b4baad058c83b14f0df3f&oe=5EAE9C01,1518,1,4,0,0,60,True
2016-03-08T15:22:09+0000,904277726319518_1026097204137569, , ,0,shared_story,https://scontent-gru2-1.xx.fbcdn.net/v/t45.1600-4/c0.0.500.500a/p512x512/19678105_6080995723644_3873609087044288512_n.png?_nc_ohc=HUwBNQMbOd8AX9PqQN3&_nc_ht=scontent-gru2-1.xx&oh=6a75c3a14835f475db9a48abad16e387&oe=5EAD23CF,2226,1,6,0,0,249,False
2016-03-06T13:13:23+0000,904277726319518_1024842764263013,folha spaulo denuncia falta manutencao ciclovias inadvertidamente publica justamente foto manutencao foto foto abaixo nao buraco recorte simetrico asfalto recebimento massa nao coberto pedras contrabase nova metodologia tapaburacos exigida tribunal contas municipio custoso trabalhoso duradouro bem vinda toda informacao aperfeicoarmos nova malha cicloviaria quase km feita ultimos dois anos dadas intemperies exigira reparos ajustes todo ano importante porem saber numero ciclistas aumentando numero mortes ciclistas diminuindo segue link fotos ex foto sobre alguns problemas enfrentados ciclistas londres tambem nao sao perfeitos,folha spaulo denuncia falta manutencao ciclovias inadvertidamente publica justamente foto manutencao foto foto abaixo nao buraco recorte simetrico asfalto recebimento massa nao coberto pedras contrabase nova metodologia tapaburacos exigida tribunal contas municipio custoso trabalhoso duradouro bem vinda toda informacao aperfeicoarmos nova malha cicloviaria quase km feita ultimos dois anos dadas intemperies exigira reparos ajustes todo ano importante porem saber numero ciclistas aumentando numero mortes ciclistas diminuindo segue link fotos ex foto sobre alguns problemas enfrentados ciclistas londres tambem nao sao perfeitos,641,added_photos,https://scontent-gru2-2.xx.fbcdn.net/v/t31.0-8/s720x720/12829205_1024866127594010_8863653070590153089_o.jpg?_nc_cat=100&_nc_sid=8024bb&_nc_ohc=lQ9zqQizuDEAX-Mc-um&_nc_ht=scontent-gru2-2.xx&_nc_tp=7&oh=07448c174a9fbcd2be595640c4b7d5e3&oe=5EAD2370,6305,99,8,0,13,218,True
2016-03-03T18:09:07+0000,904277726319518_1022344027846220,visita sao miguel paulista fiz vistoria varias obras serao entregues ate fim area educacao exemplo destacase aumento criancas creches sao miguel creches conveniadas matriculas hoje sao creches conveniadas matriculas outro ponto visita ubs jardim helenaromano ii serao quatro novas ubs upa so sao miguel lembrando hospitaldia rede hora certa sao miguel ja entregue pleno funcionamento subprefeitura tambem avancos mobilidade janeiro prefeitura eliminou gargalo transito regiao jardim helena cruzamento conhecido curva s agora pronta rotatoria ponte vila any liga sao paulo guarulhos sendo duplicada tera espaco reservado pedestres ciclistas alem disso obras novo ceu sao miguel iniciadas entrega prevista novembro,visita sao miguel paulista fiz vistoria varias obras serao entregues ate fim area educacao exemplo destacase aumento criancas creches sao miguel creches conveniadas matriculas hoje sao creches conveniadas matriculas outro ponto visita ubs jardim helenaromano ii serao quatro novas ubs upa so sao miguel lembrando hospitaldia rede hora certa sao miguel ja entregue pleno funcionamento subprefeitura tambem avancos mobilidade janeiro prefeitura eliminou gargalo transito regiao jardim helena cruzamento conhecido curva s agora pronta rotatoria ponte vila any liga sao paulo guarulhos sendo duplicada tera espaco reservado pedestres ciclistas alem disso obras novo ceu sao miguel iniciadas entrega prevista novembro,251,added_video,https://scontent-gru1-1.xx.fbcdn.net/v/t15.5256-10/12720066_1022345204512769_507975868_n.jpg?_nc_cat=104&_nc_sid=1055be&_nc_ohc=tbCpKazT3b4AX-5Qkqq&_nc_ht=scontent-gru1-1.xx&oh=e005328ab5aca8f387467a7087d342b7&oe=5EAEF3B0,1064,2,9,0,0,55,True
2016-03-01T13:59:39+0000,904277726319518_1021651237915499,placas oficiais prefeito nunca usou prefeitura nao usa desde relacao video disseminado redes sociais pretende atribuir mim responsabilidade usar carro placa oficial acima limite velocidade fatos sao seguintes brasao aparece carro movimento nao prefeitura sao paulo nunca usei carro placa oficial desde assumi mandato desde setembro prefeitura aboliu todas placas frota medida objetivo colocar fim distincao veiculos oficiais comuns reforcar mensagem todos carros sao iguais devem cumprir leis transito releia nota publicada resto mafe,placas oficiais prefeito nunca usou prefeitura nao usa desde relacao video disseminado redes sociais pretende atribuir mim responsabilidade usar carro placa oficial acima limite velocidade fatos sao seguintes brasao aparece carro movimento nao prefeitura sao paulo nunca usei carro placa oficial desde assumi mandato desde setembro prefeitura aboliu todas placas frota medida objetivo colocar fim distincao veiculos oficiais comuns reforcar mensagem todos carros sao iguais devem cumprir leis transito releia nota publicada resto mafe,3832,added_photos,https://scontent-gru1-1.xx.fbcdn.net/v/t1.0-9/12814773_1021651237915499_3971600111478393040_n.jpg?_nc_cat=110&_nc_sid=2d5d41&_nc_ohc=rRQpr_vu4bQAX8E12Kf&_nc_ht=scontent-gru1-1.xx&oh=c3d499803dbea6c2b5df5b3d7c7d6c99&oe=5EAD2EDB,12099,293,30,1,8,431,True
2016-02-25T19:47:27+0000,904277726319518_1018739718206651,visitei obras hospital brasilandia video reivindicacao vinte anos moradores regiao sera entregue primeiro semestre ano vem parelheiros sera inaugurado ainda ano vila santa catarina jabaquara ja funcionamento saber sobre obras,visitei obras hospital brasilandia video reivindicacao vinte anos moradores regiao sera entregue primeiro semestre ano vem parelheiros sera inaugurado ainda ano vila santa catarina jabaquara ja funcionamento saber sobre obras,981,added_video,https://scontent-gru2-2.xx.fbcdn.net/v/t15.5256-10/12594414_1018740118206611_647810437_n.jpg?_nc_cat=100&_nc_sid=1055be&_nc_ohc=2iN2sW4MmnsAX8DSdVp&_nc_ht=scontent-gru2-2.xx&oh=801fcedcb7c895468fc15bfc7b8edbb0&oe=5EAEE8CC,2190,4,37,0,3,163,True
2016-02-21T19:43:54+0000,904277726319518_1016409438439679,vivo avo foto padre igreja ortodoxa celebraria aproximacao igreja ortodoxa igreja catolica promovida papa francisco patriarca russo kirill i recebido hoje aqui sao paulo cisma oriente ocorreu ano cristaos devem reunir cultivar respeito amor mutuos quiserem triunfo amor universal essencia cristianismo,vivo avo foto padre igreja ortodoxa celebraria aproximacao igreja ortodoxa igreja catolica promovida papa francisco patriarca russo kirill i recebido hoje aqui sao paulo cisma oriente ocorreu ano cristaos devem reunir cultivar respeito amor mutuos quiserem triunfo amor universal essencia cristianismo,249,added_photos,https://scontent-gru2-2.xx.fbcdn.net/v/t31.0-8/s720x720/12593710_1016409438439679_747429855076471655_o.jpg?_nc_cat=100&_nc_sid=2d5d41&_nc_ohc=5nZXvzCruREAX_OG0Uv&_nc_ht=scontent-gru2-2.xx&_nc_tp=7&oh=9e28a6e50321ca81ddf8956259384174&oe=5EADDD03,3371,1,0,0,1,47,True
2016-02-16T21:29:39+0000,904277726319518_1011505105596779,sabado subprefeitura guaianases palco dia nacional mobilizacao combate aedes aegypti leia sobre dia d aqui ocasiao abertas primeiras tendas atendimento casos suspeitos dengue distritos penha lajeado fazem parte plano contingencia sob coordenacao secretario saude alexandre padilha,sabado subprefeitura guaianases palco dia nacional mobilizacao combate aedes aegypti leia sobre dia d aqui ocasiao abertas primeiras tendas atendimento casos suspeitos dengue distritos penha lajeado fazem parte plano contingencia sob coordenacao secretario saude alexandre padilha,151,added_video,https://scontent-gru1-1.xx.fbcdn.net/v/t15.5256-10/12672567_1515788848723810_1763636842_n.jpg?_nc_cat=108&_nc_sid=1055be&_nc_ohc=EuSWMngVEaAAX97tLe4&_nc_ht=scontent-gru1-1.xx&oh=61c9d19b3486bd815085c936d52a333b&oe=5EAD10DE,753,0,1,0,0,3,True
2016-02-15T21:25:03+0000,904277726319518_1012789818801641,concordam posicao prefeitura proregulamentacao uber sao proibicao liberalizacao nenhum tipo regulacao livre mercado bom lembrar proposta prefeitura considerada especialistas banco mundial referencia ser observada outras cidades mundo,concordam posicao prefeitura proregulamentacao uber sao proibicao liberalizacao nenhum tipo regulacao livre mercado bom lembrar proposta prefeitura considerada especialistas banco mundial referencia ser observada outras cidades mundo,311,shared_story,https://external-gru1-1.xx.fbcdn.net/safe_image.php?d=AQC89EYZ-otFsZfe&url=http%3A%2F%2Ff.i.uol.com.br%2Ffolha%2Ffurniture%2F5.2%2Fimages%2Flgo-folha_facebook.jpg&_nc_hash=AQDGeBo4EW2cqfCD,3584,0,1,0,3,8,True
2016-02-11T21:04:19+0000,904277726319518_1010456022368354,viaduto cha bloco domingo nao vai foto eduardo ogata,viaduto cha bloco domingo nao vai foto eduardo ogata,95,added_photos,https://scontent-gru1-1.xx.fbcdn.net/v/t31.0-8/s720x720/12698357_1010455659035057_1462362010627903143_o.jpg?_nc_cat=104&_nc_sid=05277f&_nc_ohc=pyGY-yvgkHoAX980Yk9&_nc_ht=scontent-gru1-1.xx&_nc_tp=7&oh=aa3a8ef1bf2be3faf839026336c6de61&oe=5EAF65F1,2359,0,0,0,0,13,True
2016-02-08T12:48:51+0000,904277726319518_1008434295903860,carnavalderuadesaopaulo tudo ser maior melhor brasil mexe cultura economia cidade poucos eventos ontem ana estela haddad ilu oba min bloco mulheres tocam tambores imaginar alguns acreditaram boutade vinicius moraes sao paulo tumulo samba quase enterraram carnaval,carnavalderuadesaopaulo tudo ser maior melhor brasil mexe cultura economia cidade poucos eventos ontem ana estela fh ilu oba min bloco mulheres tocam tambores imaginar alguns acreditaram boutade vinicius moraes sao paulo tumulo samba quase enterraram carnaval,2183,added_video,https://scontent-gru1-1.xx.fbcdn.net/v/t15.5256-10/12514310_940707995965938_741755782_n.jpg?_nc_cat=103&_nc_sid=1055be&_nc_ohc=8JZaaDE3zkwAX_m7_aD&_nc_ht=scontent-gru1-1.xx&oh=29136d5da43a571d33c6b00f4e7e77c8&oe=5EAE4243,5238,0,2,0,0,30,True
2016-02-04T20:00:00+0000,904277726319518_1005824719498151,apresentacao campus party sextafeirapassada falei sobre programas inovacao tecnologica prefeitura sao paulo alem pracas wifi livre sp fab lab livre sp programa iniciativas tecnologicas vai tec investindo novos telecentros mobilab tambem unificamos informacoes georreferencias bancos dados administracao publica cidade geosampa continuamos estimulando empreendedorismo tecnologico cidade meio tech sampa,apresentacao campus party sextafeirapassada falei sobre programas inovacao tecnologica prefeitura sao paulo alem pracas wifi livre sp fab lab livre sp programa iniciativas tecnologicas vai tec investindo novos telecentros mobilab tambem unificamos informacoes georreferencias bancos dados administracao publica cidade geosampa continuamos estimulando empreendedorismo tecnologico cidade meio tech sampa,417,added_video,https://scontent-gru1-1.xx.fbcdn.net/v/t15.5256-10/12419430_1739512392944610_1620076673_n.jpg?_nc_cat=108&_nc_sid=1055be&_nc_ohc=hmsf6VeG3zYAX_LdphL&_nc_ht=scontent-gru1-1.xx&oh=baa55f772e1eaaf8b24f1d3501fa1d95&oe=5EAC9B20,1095,0,0,0,0,1,True
2016-02-03T22:29:24+0000,904277726319518_1005880442825912,gestaourbana planodiretor prefeitura sao paulo querendo discutir grandes intervencoes urbanas podem redesenhar espacos publico cidade elaborou instrumento legal denominado piu projetos intervencao urbana interessado saber cidadaos dizer minuta decreto ja disponivel consulta discussao colaborativa entenda melhor piu reportagem jornal ggn,gestaourbana planodiretor prefeitura sao paulo querendo discutir grandes intervencoes urbanas podem redesenhar espacos publico cidade elaborou instrumento legal denominado piu projetos intervencao urbana interessado saber cidadaos dizer minuta decreto ja disponivel consulta discussao colaborativa entenda melhor piu reportagem jornal ggn,190,shared_story,https://scontent-gru1-1.xx.fbcdn.net/v/t1.0-1/p200x200/39067693_1890872174326730_929144109233340416_o.jpg?_nc_ohc=AVBfKWUotnMAX8G4T3U&_nc_ht=scontent-gru1-1.xx&oh=38cb70017b1f9d352a423262f33caf0b&oe=5EAD7D0B,1002,0,0,0,0,0,True
2016-01-27T23:30:00+0000,904277726319518_1000743873339569,sp gilberto gil encerrou programacao cultural feriado aniversario fundacao cidade sao paulo show reuniu mil pessoas parque tiete programacao cultural estendeu tres dias feriado ruasabertas teatros parques centros culturais ceus percurso trio daniela mercury faria lima centro levou cerca mil pessoas durante sete horas festa antecipando carnaval cidade esforca tanto trabalha tanto preocupa tanto brasil merece festa povo disse gil fecho ouro,sp gilberto gil encerrou programacao cultural feriado aniversario fundacao cidade sao paulo show reuniu mil pessoas parque tiete programacao cultural estendeu tres dias feriado ruasabertas teatros parques centros culturais ceus percurso trio daniela mercury faria lima centro levou cerca mil pessoas durante sete horas festa antecipando carnaval cidade esforca tanto trabalha tanto preocupa tanto brasil merece festa povo disse gil fecho ouro,121,added_video,https://scontent-gru2-1.xx.fbcdn.net/v/t15.5256-10/12419790_589684384513043_723499927_n.jpg?_nc_cat=107&_nc_sid=1055be&_nc_ohc=Au6ddlDkoZ4AX-LwGaF&_nc_ht=scontent-gru2-1.xx&oh=83aaffe4b9d3e625b8d3a6b77046860a&oe=5EAFFA56,956,0,0,0,0,3,True
2016-01-27T20:31:07+0000,904277726319518_1001501159930507,sao paulo pode tornar modelo mobilidade compartilhada mundo acordo especialista banco mundial,sao paulo pode tornar modelo mobilidade compartilhada mundo acordo especialista banco mundial,0,shared_story,https://scontent-gru2-1.xx.fbcdn.net/v/t31.0-8/p720x720/12593955_472301689634940_2597412541106031206_o.jpg?_nc_cat=109&_nc_sid=2d5d41&_nc_ohc=VzxUfBeokuAAX-gDEBl&_nc_ht=scontent-gru2-1.xx&_nc_tp=6&oh=e39138d435e1456593d88f7e4074c6aa&oe=5EAD7B7A,1293,0,0,0,0,1,True
2016-01-25T18:51:56+0000,904277726319518_1000194630061160,obrigado daniela malu aniversario precarnavalesco cidade sp,obrigado daniela malu aniversario precarnavalesco cidade sp,0,shared_story,https://scontent-gru2-2.xx.fbcdn.net/v/t1.0-9/s720x720/12540883_471442246387551_2578162112100355480_n.jpg?_nc_cat=105&_nc_sid=110474&_nc_ohc=j_1_0jSxcpYAX_tQNz7&_nc_ht=scontent-gru2-2.xx&_nc_tp=7&oh=1d7708ef69844aeb3874485ffa85bb96&oe=5EADB704,1423,0,0,0,0,5,True
2016-01-25T12:15:45+0000,904277726319518_999997543414202, , ,274,added_photos,https://scontent-gru2-2.xx.fbcdn.net/v/t31.0-8/s720x720/11058351_999997543414202_8874111943280002007_o.jpg?_nc_cat=105&_nc_sid=e007fa&_nc_ohc=RIJc4-a7URkAX8F_odT&_nc_ht=scontent-gru2-2.xx&_nc_tp=7&oh=a69d883fc7d52346d6f4b057e4c375d3&oe=5EAE207D,3505,0,1,0,0,2,False
2016-01-23T18:53:46+0000,904277726319518_999101476837142,formatura programa transcidadania praca artes ocasiao anunciei ampliacao atuais beneficiarios alcance iniciativa gerida secretaria municipal direitos humanos cidadania sao paulo pode superar alcance prouni enem mudar maneira pessoas comportarem sociedade informacoes googluurxei,formatura programa transcidadania praca artes ocasiao anunciei ampliacao atuais beneficiarios alcance iniciativa gerida secretaria municipal direitos humanos cidadania sao paulo pode superar alcance prouni enem mudar maneira pessoas comportarem sociedade informacoes googluurxei,1851,added_video,https://scontent-gru1-1.xx.fbcdn.net/v/t15.5256-10/12474407_1712511875656510_1398271282_n.jpg?_nc_cat=108&_nc_sid=1055be&_nc_ohc=UBDPcjJP6OgAX-4i3gg&_nc_ht=scontent-gru1-1.xx&oh=9c9d8b664b8eee4c87640880b6e4386e&oe=5EAFC28F,2646,0,0,0,0,11,True
2016-01-22T22:27:00+0000,904277726319518_998683113545645,apoio prefeitura corredor verde toma forma minhocao,apoio prefeitura corredor verde toma forma minhocao,153,shared_story,https://external-gru1-1.xx.fbcdn.net/safe_image.php?d=AQCo2oidYZ8i2w8M&url=http%3A%2F%2Fimg.estadao.com.br%2Fresources%2Fjpg%2F7%2F8%2F1453419798687.jpg&_nc_hash=AQC5pzmaOQg4F9vP,1817,0,0,0,0,1,True
2016-01-22T21:01:57+0000,904277726319518_998678046879485,autoridade direito publico professor dalmo dallari elogia proposta eleicao subprefeitos,autoridade direito publico professor dalmo dallari elogia proposta eleicao subprefeitos,211,shared_story,https://external-gru1-1.xx.fbcdn.net/safe_image.php?d=AQBPMsGffAEVML8F&url=http%3A%2F%2Fwww.brasil247.com%2Fimages%2Fcms-image-000478156.jpg&_nc_hash=AQDOG8XhleF_zhy9,1586,0,0,0,0,1,True
2016-01-20T19:39:47+0000,904277726319518_997558820324741,visita obras hospital municipal parelheiros secretario saude alexandre padilha,visita obras hospital municipal parelheiros secretario saude alexandre padilha,1668,added_video,https://scontent-gru1-1.xx.fbcdn.net/v/t15.5256-10/12525897_196828550670090_153339434_n.jpg?_nc_cat=103&_nc_sid=1055be&_nc_ohc=3TxMISXmR5cAX-LR_-G&_nc_ht=scontent-gru1-1.xx&oh=d708b44dd3f05ae387e790539c80b8f0&oe=5EAEF72C,1771,0,0,0,0,3,True
2016-01-18T21:49:57+0000,904277726319518_996543957092894, , ,0,shared_story,https://external-gru1-1.xx.fbcdn.net/safe_image.php?d=AQBswO6VguBMz6rC&url=https%3A%2F%2Fwww.facebook.com%2Fads%2Fimage%2F%3Fd%3DAQLJ6lH8MSI1gJnv4yOuAohwzlfuIV0E9fVmKEQTzx1oaddoS054hjaWuPsEX-YqB8OIL0jgsFHoaXEpZEewffBK1qb_J2Sk-EZWF8yUc3T0b936dGbAZQjltGxtjAFZUpmcMaZ6IGuR6HDfppXF9m0Z&_nc_hash=AQBFZ51L9vr9rih_,2056,0,0,0,0,0,False
2016-01-16T15:31:19+0000,904277726319518_994614210619202,governo municipal instalou luminarias led quilometros ruas jardim monte azul mboi mirim investimento prefeitura sao paulo faz parte programa led bairros preve outros locais beneficiados longo deste ano ja estao andamento implantacoes nova tecnologia brasilandia pontos led jardim angela jardim helena lajeado pedreira raposo tavares sapopemba bairro heliopolis ja havia ganhado pontos iluminacao dezembro tornou primeiro bairro america latina contar tecnologia alem led bairros tambem andamento edital parceria publicoprivada ppp iluminacao publica preve troca mil lampadas nova tecnologia toda cidade eficiencia economia tecnologia sustentabilidade seguranca sao paulo leia,governo municipal instalou luminarias led quilometros ruas jardim monte azul mboi mirim investimento prefeitura sao paulo faz parte programa led bairros preve outros locais beneficiados longo deste ano ja estao andamento implantacoes nova tecnologia brasilandia pontos led jardim angela jardim helena lajeado pedreira raposo tavares sapopemba bairro heliopolis ja havia ganhado pontos iluminacao dezembro tornou primeiro bairro america latina contar tecnologia alem led bairros tambem andamento edital parceria publicoprivada ppp iluminacao publica preve troca mil lampadas nova tecnologia toda cidade eficiencia economia tecnologia sustentabilidade seguranca sao paulo leia,460,added_video,https://scontent-gru2-2.xx.fbcdn.net/v/t15.5256-10/12402302_1557397101218089_499540363_n.jpg?_nc_cat=106&_nc_sid=1055be&_nc_ohc=-WhMOcslirQAX__XUbq&_nc_ht=scontent-gru2-2.xx&oh=e2eaeefd7d6636caea4b34cdcc54aa35&oe=5EACB912,1198,0,0,0,0,2,True
2016-01-15T19:14:43+0000,904277726319518_994610183952938,entrevista concedida ontem jornal valor economico falei sobre mobilizacao prefeitura sao paulo junto ministerio publico garantir livre exercicio manifestacoes sao paulo bem esforcos gestao assegurar mobilidade mil estudantes sistema publico cidade cidade hoje viagens onibus gratuitas milhoes pessoas nao pagam tarifa cheia tambem comentei sobre obras andamento hospital brasilandia parelheiros outros investimentos politicas publicas cidade,entrevista concedida ontem jornal valor economico falei sobre mobilizacao prefeitura sao paulo junto ministerio publico garantir livre exercicio manifestacoes sao paulo bem esforcos gestao assegurar mobilidade mil estudantes sistema publico cidade cidade hoje viagens onibus gratuitas milhoes pessoas nao pagam tarifa cheia tambem comentei sobre obras andamento hospital brasilandia parelheiros outros investimentos politicas publicas cidade,578,shared_story,https://external-gru1-1.xx.fbcdn.net/safe_image.php?d=AQA2W4QtAn2XqrZr&url=http%3A%2F%2Fwww.valor.com.br%2Fsites%2Fdefault%2Ffiles%2Fimagecache%2Fmedia_library_big_horizontal%2Fgn%2F16%2F01%2Ffoto15esp-101-haddad-a12.jpg&_nc_hash=AQDJy_eqfVoN25pV,2888,0,0,0,0,0,True
2016-01-07T16:21:17+0000,904277726319518_990025604411396,prefeitura sao paulo realizou obras drenagem principais areas risco enchentes alagamentos visitei tres obras macrodrenagem ja funcionamento canalizacao corregos sumareagua preta barra funda sistema ponte baixa regiao avenida mboi mirim dois piscinoes corrego cordeiro cupece,prefeitura sao paulo realizou obras drenagem principais areas risco enchentes alagamentos visitei tres obras macrodrenagem ja funcionamento canalizacao corregos sumareagua preta barra funda sistema ponte baixa regiao avenida mboi mirim dois piscinoes corrego cordeiro cupece,2076,added_video,https://scontent-gru2-2.xx.fbcdn.net/v/t15.5256-10/12474215_1524865094478055_2005217663_n.jpg?_nc_cat=105&_nc_sid=1055be&_nc_ohc=Vx6tz2IDydwAX95tQyD&_nc_ht=scontent-gru2-2.xx&oh=7eb9f1112e1cd2604587df51db785c03&oe=5EADC570,2098,0,0,0,0,0,True
2016-01-02T14:18:01+0000,904277726319518_977071945706762,vistoria fiz dia obras centro esportes radicais bom retiro sera entregue marco testei pump track pista obstaculos bicicletas bmx,vistoria fiz dia obras centro esportes radicais bom retiro sera entregue marco testei pump track pista obstaculos bicicletas bmx,2820,added_video,https://scontent-gru1-1.xx.fbcdn.net/v/t15.5256-10/12365773_1541425116179531_854638598_n.jpg?_nc_cat=103&_nc_sid=1055be&_nc_ohc=xlIff8pC6-8AX-OMXe7&_nc_ht=scontent-gru1-1.xx&oh=d00e94c8aa6c3c6054ddf1b122343931&oe=5EAEA610,8069,0,0,0,0,8,True
2015-12-31T17:40:16+0000,904277726319518_985889641491659,prefeitura sao paulo premiada portal especializado urbanismo visitado mundo archdaily categoria comprometimento urbano municipalidade selecionada inspiracao ano mudancas vem promovendo cotidiano cidade sobretudo aprovacao novo plano diretor estrategico pde redefine desenvolvimento urbano proximas decadas tratase reconhecimento internacional transformacoes urbanas garantem direito cidade pessoas,prefeitura sao paulo premiada portal especializado urbanismo visitado mundo archdaily categoria comprometimento urbano municipalidade selecionada inspiracao ano mudancas vem promovendo cotidiano cidade sobretudo aprovacao novo plano diretor estrategico pde redefine desenvolvimento urbano proximas decadas tratase reconhecimento internacional transformacoes urbanas garantem direito cidade pessoas,2122,added_photos,https://scontent-gru2-1.xx.fbcdn.net/v/t1.0-9/p720x720/992807_985889641491659_1940582941504761024_n.jpg?_nc_cat=107&_nc_sid=2d5d41&_nc_ohc=Luq5d8lBfa4AX82FmPW&_nc_ht=scontent-gru2-1.xx&_nc_tp=6&oh=e76da32f1c98e85cf26928d67ba87043&oe=5EAF06DB,6293,0,0,0,0,8,True
2015-12-29T17:38:33+0000,904277726319518_984670564946900,modelo bem inovador nunca vimos nada parecido nenhum lugar mundo afirma diretor comunicacao uber sobre proposta prefeitura sao paulo,modelo bem inovador nunca vimos nada parecido nenhum lugar mundo afirma diretor comunicacao uber sobre proposta prefeitura sao paulo,0,shared_story,https://scontent-gru2-1.xx.fbcdn.net/v/t1.0-9/10378152_463477910517318_3399536258180911078_n.jpg?_nc_cat=111&_nc_sid=2d5d41&_nc_ohc=pugOH0G2J94AX-TthlU&_nc_ht=scontent-gru2-1.xx&oh=d276cf90f0776c468232c4e95f08dc51&oe=5EAF6E53,1852,0,0,0,0,1,True
2015-12-23T22:00:00+0000,904277726319518_980030242077599,inauguracao primeira unidade tratamento residuos servicos saude utrss sao paulo itaquera ocupa area metros quadrados capacidade tratar dia cerca toneladas residuos saopaulosustentavel,inauguracao primeira unidade tratamento residuos servicos saude utrss sao paulo itaquera ocupa area metros quadrados capacidade tratar dia cerca toneladas residuos saopaulosustentavel,4378,added_video,https://scontent-gru2-2.xx.fbcdn.net/v/t15.5256-10/12365776_1687547168189826_1270844051_n.jpg?_nc_cat=106&_nc_sid=1055be&_nc_ohc=k3amhgAncg0AX9rPmHM&_nc_ht=scontent-gru2-2.xx&oh=d9515ec120f458aeffa25326db57b811&oe=5EACEC70,3773,0,0,0,0,5,True
2015-12-21T20:05:28+0000,904277726319518_978769392203684,ordem inicio obras territorio ceu sao pedro itaquera equipamento tera unidade universidade aberta brasil cursos ensino superior especializacoes posgraduacao saber sobre territorioceu sao pedro googlmtnxlb sobre sete novos ceus serem inaugurados googlexhbi,ordem inicio obras territorio ceu sao pedro itaquera equipamento tera unidade universidade aberta brasil cursos ensino superior especializacoes posgraduacao saber sobre territorioceu sao pedro googlmtnxlb sobre sete novos ceus serem inaugurados googlexhbi,2124,added_video,https://scontent-gru2-2.xx.fbcdn.net/v/t15.5256-10/12108606_1711951219023587_1920719830_n.jpg?_nc_cat=105&_nc_sid=1055be&_nc_ohc=69UBMuq7XjkAX8b9Bag&_nc_ht=scontent-gru2-2.xx&oh=408f6a446e35c67604afb5902fb381d5&oe=5EADB5A0,2255,0,0,0,0,1,True
2015-12-20T15:32:36+0000,904277726319518_978071995606757,cidade so sustenta continuamente inovando fablablivre,cidade so sustenta continuamente inovando fablablivre,1,shared_story,https://scontent-gru1-1.xx.fbcdn.net/v/t15.5256-10/12365823_1675111549395477_659340128_n.jpg?_nc_cat=101&_nc_sid=1055be&_nc_ohc=L8Ymxt1DJ6MAX-Ox3L5&_nc_ht=scontent-gru1-1.xx&oh=bbdc5d121a8a963280752728327a3f5a&oe=5EAF2A5D,1692,0,0,0,0,0,True
2015-12-20T00:05:38+0000,904277726319518_977720528975237,ruaaberta paulistaaberta,ruaaberta paulistaaberta,1,shared_story,https://scontent-gru1-1.xx.fbcdn.net/v/t31.0-8/p720x720/1933366_460154587516317_8419358365817526581_o.jpg?_nc_cat=101&_nc_sid=2d5d41&_nc_ohc=a7tslAaZZRMAX_cDsLF&_nc_ht=scontent-gru1-1.xx&_nc_tp=6&oh=ab7e3fb9640dcc27896085f094caacda&oe=5EAC6ADE,1648,0,0,0,0,0,True
2015-12-17T21:13:41+0000,904277726319518_976446799102610,pesquisadores centro brasileiro analise planejamento cebrap prefeitura sao paulo entregar edicao novos estudos cebrap entrevista realizada angela alonso carlos eduardo torres freire eduardo marques marcos nobre maria herminia tavares almeida mauricio fiore leia aqui entrevista foto eduardo ogata,pesquisadores centro brasileiro analise planejamento cebrap prefeitura sao paulo entregar edicao novos estudos cebrap entrevista realizada angela alonso carlos eduardo torres freire eduardo marques marcos nobre maria herminia tavares almeida mauricio fiore leia aqui entrevista foto eduardo ogata,43,added_photos,https://scontent-gru1-1.xx.fbcdn.net/v/t31.0-0/p480x480/10869449_976446799102610_5921182124311420346_o.jpg?_nc_cat=110&_nc_sid=2d5d41&_nc_ohc=F6hIN2i1Cw4AX-FQ83F&_nc_ht=scontent-gru1-1.xx&_nc_tp=6&oh=f0cd51a257a43b6a91dee1d6e4b9bbaf&oe=5EADB331,564,0,0,0,0,1,True
2015-12-17T17:04:02+0000,904277726319518_976395845774372,sao paulo agora onibus lcd led bateria ontem manha testei trajeto terminal transferencia itaquera ate terminal parque dom pedro leia,sao paulo agora onibus lcd led bateria ontem manha testei trajeto terminal transferencia itaquera ate terminal parque dom pedro leia,13899,added_video,https://scontent-gru2-2.xx.fbcdn.net/v/t15.5256-10/12365474_946245798764489_469474038_n.jpg?_nc_cat=105&_nc_sid=1055be&_nc_ohc=S-FxUSpDhcMAX_Qsf0Z&_nc_ht=scontent-gru2-2.xx&oh=0be8641e982e7802ed856ae14f88e6ae&oe=5EADCA9D,13991,0,0,0,0,20,True
2015-12-16T19:34:34+0000,904277726319518_975955465818410,prefeitura sao paulo inaugurou ontem central compostagem reciclar residuos feiras livres transformandoos adubo ecologico metropole importante recolher residuos feiras descartar forma correta economizando aterro sanitario estudos mostram podemos reduzir volume destinado hoje aterros patio piloto servira referencia outros patios quatro centrais compostagem serao implantados cidade,prefeitura sao paulo inaugurou ontem central compostagem reciclar residuos feiras livres transformandoos adubo ecologico metropole importante recolher residuos feiras descartar forma correta economizando aterro sanitario estudos mostram podemos reduzir volume destinado hoje aterros patio piloto servira referencia outros patios quatro centrais compostagem serao implantados cidade,1,shared_story,https://scontent-gru1-1.xx.fbcdn.net/v/t15.5256-10/12108311_458952977636478_445572132_n.jpg?_nc_cat=103&_nc_sid=1055be&_nc_ohc=Lgg430upZSAAX8MxBbL&_nc_ht=scontent-gru1-1.xx&oh=956c8940e9ed491f6d7ed1bee342c0aa&oe=5EAFFC06,1278,0,0,0,0,0,True
2015-12-15T15:02:18+0000,904277726319518_975294855884471,novo site prefeitura sao paulo permite saber posto saude remedio voce precisa,novo site prefeitura sao paulo permite saber posto saude remedio voce precisa,715,shared_story,https://scontent.frao1-1.fna.fbcdn.net/hphotos-xft1/v/t1.0-9/12359897_975294115884545_6801865841560321286_n.png?oh=34307380173972678e34f3e50cbfb12c&oe=57100318,2908,0,0,0,0,0,True
2015-12-14T22:15:00+0000,904277726319518_973314606082496,conheca melhor andre luiz isaac souza tv doc entrevistadores quarta edicao pergunteaoprefeito integra minutos conversa voce ve aqui,conheca melhor andre luiz isaac souza tv doc entrevistadores quarta edicao pergunteaoprefeito integra minutos conversa voce ve aqui,94,added_video,https://scontent-gru2-2.xx.fbcdn.net/v/t15.5256-10/12109406_973315036082453_1099094676_n.jpg?_nc_cat=106&_nc_sid=1055be&_nc_ohc=jylNso4OU5IAX8gx66X&_nc_ht=scontent-gru2-2.xx&oh=071ab42260d9dd221a6082ec0d5db342&oe=5EACE362,424,0,0,0,0,0,True
2015-12-14T20:39:26+0000,904277726319518_974876142593009,prefeitura sao paulo encaminha operacao tamanduatei alinhamento viario arco tiete revisao operacao aguas espraiadas reuniao conselho cidade,prefeitura sao paulo encaminha operacao tamanduatei alinhamento viario arco tiete revisao operacao aguas espraiadas reuniao conselho cidade,43,shared_story,https://external-gru1-1.xx.fbcdn.net/safe_image.php?d=AQAhg7EFZacQUz0X&url=http%3A%2F%2Fwww.capital.sp.gov.br%2Fstatic%2F2015%2F12%2FkHd3WfrD9nDTkE4y8zE5ZQ.jpg&_nc_hash=AQDEhuXgWKeBxCLO,498,0,0,0,0,0,True
2015-12-12T16:55:22+0000,904277726319518_973691649378125,ultima tercafeira andre luiz isaac souza tv doc entrevistadores quarta edicao pergunteaoprefeito,ultima tercafeira andre luiz isaac souza tv doc entrevistadores quarta edicao pergunteaoprefeito,29,shared_story,https://external-gru1-1.xx.fbcdn.net/safe_image.php?d=AQDyJ0gU5krb2yqP&w=480&h=360&url=https%3A%2F%2Fi.ytimg.com%2Fvi%2FsvEPGY0KEWE%2Fhqdefault.jpg&crop&sx=0&sy=0&sw=480&sh=360&_nc_hash=AQCh_EjALQH8CX4q,279,0,0,0,0,0,True
2015-12-11T23:12:00+0000,904277726319518_973309046083052,haviamos comprometido entrega tres hospitais cidade hoje primeiro hospital municipal vila santa catarina entregue construcao outros dois parelheiros brasilandia caminha marcha forcada,haviamos comprometido entrega tres hospitais cidade hoje primeiro hospital municipal vila santa catarina entregue construcao outros dois parelheiros brasilandia caminha marcha forcada,796,shared_story,https://external-gru1-1.xx.fbcdn.net/safe_image.php?d=AQCCxH-8Srpkq2pD&url=http%3A%2F%2Fwww.capital.sp.gov.br%2Fstatic%2F2015%2F12%2FYZhjiHrMN3XAOCw9PfJgGg.jpg&_nc_hash=AQBnytemPdagxul0,3779,0,0,0,0,0,True
2015-12-11T22:07:28+0000,904277726319518_973315962749027,heliopolis foto leon rodriguessecom,heliopolis foto leon rodriguessecom,20,added_photos,https://scontent-gru2-2.xx.fbcdn.net/v/t1.0-9/s720x720/12310455_973315899415700_4867071506521525315_n.jpg?_nc_cat=105&_nc_sid=05277f&_nc_ohc=E9Xfp9tK95EAX9xOyBX&_nc_ht=scontent-gru2-2.xx&_nc_tp=7&oh=28c31cc646b0bd0263c9f0cb7b081bbd&oe=5EAF750F,1003,0,0,1,0,4,True
2015-12-11T22:01:44+0000,904277726319518_973310539416236,comeca amanha jornada patrimonio abre visitacao imoveis historicos sao paulo saiba sobre locais roteiros programacao oficinas palestras,comeca amanha jornada patrimonio abre visitacao imoveis historicos sao paulo saiba sobre locais roteiros programacao oficinas palestras,85,shared_story,https://scontent-gru1-1.xx.fbcdn.net/v/t1.0-1/p200x200/39067693_1890872174326730_929144109233340416_o.jpg?_nc_ohc=AVBfKWUotnMAX8G4T3U&_nc_ht=scontent-gru1-1.xx&oh=38cb70017b1f9d352a423262f33caf0b&oe=5EAD7D0B,603,0,0,0,0,0,True
2015-12-10T22:24:54+0000,904277726319518_972728209474469,prefeitura sao paulo disponibiliza dados milhoes imoveis campea transparencia sao paulo busca equipararse nova york londres consultas podem ser feitas plataforma geosampa googluqsv,prefeitura sao paulo disponibiliza dados milhoes imoveis campea transparencia sao paulo busca equipararse nova york londres consultas podem ser feitas plataforma geosampa googluqsv,196,shared_story,https://external-gru1-1.xx.fbcdn.net/safe_image.php?url=http%3A%2F%2Ff.i.uol.com.br%2Ffolha%2Fmercado%2Fimages%2F15315527.jpeg&_nc_hash=AQB2FZLbEtgfhqdD,1779,0,0,0,0,0,True
2015-12-10T17:13:36+0000,904277726319518_972557232824900,heliopolis ontem ver ficou primeiro bairro america latina nova iluminacao led ruas travessas agora usam tecnologia consome energia eletrica ilumina dobro comparacao vapor sodio mercurio iluminacao melhor pessoas sentem seguras vida todo bairro muda sobretudo criancas mulheres leia credito foto leon rodriguessecom,heliopolis ontem ver ficou primeiro bairro america latina nova iluminacao led ruas travessas agora usam tecnologia consome energia eletrica ilumina dobro comparacao vapor sodio mercurio iluminacao melhor pessoas sentem seguras vida todo bairro muda sobretudo criancas mulheres leia credito foto leon rodriguessecom,972,added_photos,https://scontent-gru2-1.xx.fbcdn.net/v/t31.0-8/s720x720/12322579_972557232824900_2195453374868412409_o.jpg?_nc_cat=107&_nc_sid=2d5d41&_nc_ohc=4S73S4IvnDIAX8vKtzn&_nc_ht=scontent-gru2-1.xx&_nc_tp=7&oh=a4af037006c6a6e1cdc4297190ee8778&oe=5EAF62DF,4270,0,0,0,0,1,True
2015-12-09T20:11:53+0000,904277726319518_972124589534831,daqui pouco partir h comeca quarta edicao pergunteaoprefeito andre luiz isaac souza tv doc ja chegaram sede prefeitura estaremos vivo link,daqui pouco partir h comeca quarta edicao pergunteaoprefeito andre luiz isaac souza tv doc ja chegaram sede prefeitura estaremos vivo link,16,added_photos,https://scontent-gru2-2.xx.fbcdn.net/v/t1.0-9/s720x720/12341425_972124589534831_263072745773862198_n.jpg?_nc_cat=106&_nc_sid=2d5d41&_nc_ohc=4OAUuqcdC38AX__Vljn&_nc_ht=scontent-gru2-2.xx&_nc_tp=7&oh=c936cd7506c3ffe13a28b737913a524b&oe=5EAF2194,383,0,0,0,0,0,True
2015-12-08T20:52:35+0000,904277726319518_971647152915908,nesta quarta vou receber andre luiz isaac souza tv doc quarta edicao pergunteaoprefeito,nesta quarta vou receber andre luiz isaac souza tv doc quarta edicao pergunteaoprefeito,0,shared_story,https://scontent-gru2-1.xx.fbcdn.net/v/t1.0-9/12316620_456861871178922_2232090691911109988_n.jpg?_nc_cat=109&_nc_sid=2d5d41&_nc_ohc=0Gvx4oK6emQAX8r0Yhl&_nc_ht=scontent-gru2-1.xx&oh=c5ff70e2fd4f2393d43b889654bda0da&oe=5EAC8239,320,0,0,0,0,0,True
2015-12-07T12:27:56+0000,904277726319518_970988926315064,sao paulo vai trocar toda iluminacao publica lampadas led cinco anos medida economiza energia contribui seguranca publica,sao paulo vai trocar toda iluminacao publica lampadas led cinco anos medida economiza energia contribui seguranca publica,326,shared_story,https://external-gru1-1.xx.fbcdn.net/safe_image.php?d=AQC89EYZ-otFsZfe&url=http%3A%2F%2Ff.i.uol.com.br%2Ffolha%2Ffurniture%2F5.2%2Fimages%2Flgo-folha_facebook.jpg&_nc_hash=AQDGeBo4EW2cqfCD,3949,0,0,0,0,1,True
2015-12-04T22:00:00+0000,904277726319518_969786253101998,principal estudo sobre empreendedorismo realizado brasil concluiu sao paulo melhor cidade empreender pais recebi representantes endeavor brasil responsavel publicacao anual indice cidades empreendedoras ice hoje sede prefeitura sao paulo,principal estudo sobre empreendedorismo realizado brasil concluiu sao paulo melhor cidade empreender pais recebi representantes endeavor brasil responsavel publicacao anual indice cidades empreendedoras ice hoje sede prefeitura sao paulo,108,shared_story,https://external-gru1-1.xx.fbcdn.net/safe_image.php?d=AQBf1o5eQrkztJOL&url=http%3A%2F%2Fwww.capital.sp.gov.br%2Fstatic%2F2015%2F12%2FPa0KYtdecmnbc3ZiUdtJ5A.jpg&_nc_hash=AQCEid4y8t2V4-hq,1224,0,0,0,0,0,True
2015-12-04T20:26:16+0000,904277726319518_969760823104541,neste domingo acontecem eleicoes novo conselho participativo municipal formado representantes sociedade civil conselho objetivo fiscalizar gastos acoes prefeitura assegurar participacao cidadaos planejamento politicas publicas consulte locais votacao listas candidatos aqui,neste domingo acontecem eleicoes novo conselho participativo municipal formado representantes sociedade civil conselho objetivo fiscalizar gastos acoes prefeitura assegurar participacao cidadaos planejamento politicas publicas consulte locais votacao listas candidatos aqui,65,shared_story,https://external-gru1-1.xx.fbcdn.net/safe_image.php?d=AQDnfETiDuT91MJB&url=https%3A%2F%2Ffbcdn-sphotos-a-a.akamaihd.net%2Fhphotos-ak-xat1%2Ft31.0-8%2F12307327_455565044641938_5211274808296748443_o.jpg&_nc_hash=AQA40I31pY56_IOh,450,0,0,0,0,0,True
2015-11-29T15:47:22+0000,904277726319518_967049760042314,nao jornal bairrista sao paulo rio globo celebra sp algo bom acontecendo,nao jornal bairrista sao paulo rio globo celebra sp algo bom acontecendo,363,shared_story,https://external-gru1-1.xx.fbcdn.net/safe_image.php?d=AQCYocn-zmgezhxC&url=http%3A%2F%2Fog.infg.com.br%2Fin%2F18160991-24d-b6d%2FFT460B%2F220%2F2015-867185290-201511172039229634.jpg_20151117.jpg&_nc_hash=AQBt19O7Sb_9ZVMc,2420,0,0,0,0,0,True
2015-11-26T19:42:04+0000,904277726319518_965551400192150,escrevi artigo sobre trajetoria cidade sao paulo obter inedito grau investimento,escrevi artigo sobre trajetoria cidade sao paulo obter inedito grau investimento,182,shared_story,https://external-gru1-1.xx.fbcdn.net/safe_image.php?d=AQC89EYZ-otFsZfe&url=http%3A%2F%2Ff.i.uol.com.br%2Ffolha%2Ffurniture%2F5.2%2Fimages%2Flgo-folha_facebook.jpg&_nc_hash=AQDGeBo4EW2cqfCD,1542,0,0,0,0,0,True
2015-11-24T20:32:13+0000,904277726319518_964362446977712,partir hoje todos contratos assinados prefeitura sao paulo incluirao clausula inibe corrupcao agiliza rescisoes empresas envolvidas praticas ilegais,partir hoje todos contratos assinados prefeitura sao paulo incluirao clausula inibe corrupcao agiliza rescisoes empresas envolvidas praticas ilegais,1304,shared_story,https://external-gru1-1.xx.fbcdn.net/safe_image.php?d=AQCjoDOLYPVpo-Xy&url=https%3A%2F%2Ffbcdn-sphotos-g-a.akamaihd.net%2Fhphotos-ak-xfa1%2Ft31.0-8%2F12248088_453384408193335_3236205295463725248_o.jpg&_nc_hash=AQBeiiDp5T6zA_9m,3301,0,0,0,0,1,True
2015-11-22T16:02:18+0000,904277726319518_963301857083771,mortes transito capital paulista caem setembro comparacao periodo ano passado estado numero dados sao secretaria seguranca estado,mortes transito capital paulista caem setembro comparacao periodo ano passado estado numero dados sao secretaria seguranca estado,481,shared_story,https://external-gru1-1.xx.fbcdn.net/safe_image.php?d=AQCH57hXiJ674EP-&url=http%3A%2F%2Ff.i.uol.com.br%2Ffolhapress%2Fimages%2F1530725.jpeg&_nc_hash=AQBXLdrPsLkvYmFW,3057,0,0,0,0,1,True
2015-11-20T17:09:48+0000,904277726319518_962428863837737,restos feiras livres sao paulo estao virando adubo lapa,restos feiras livres sao paulo estao virando adubo lapa,140,shared_story,https://external-gru1-1.xx.fbcdn.net/safe_image.php?d=AQAKY7fEcLy4z02H&url=http%3A%2F%2Ff.i.uol.com.br%2Ffolha%2Fcotidiano%2Fimages%2F15140246.jpeg&_nc_hash=AQBVZ-kmS8dcsj3C,846,0,0,0,0,0,True
2015-11-19T21:15:47+0000,904277726319518_962056297208327,parceria inedita prefeitura sao paulo casa angela permite partos humanizados mes agora sus foto secretaria municipal politicas mulheres,parceria inedita prefeitura sao paulo casa angela permite partos humanizados mes agora sus foto secretaria municipal politicas mulheres,786,shared_story,https://scontent-gru1-1.xx.fbcdn.net/hphotos-xat1/v/t1.0-9/12274245_10153374288452901_1565258997300791797_n.jpg?oh=0494dc4ae3fba8d1ad469d950e1f11e8&oe=56B31C79,1739,0,0,0,0,0,True
2015-11-19T12:50:08+0000,904277726319518_961865307227426,semana consciencia negra malaak shabazz filha betty shabazz malcolm x mulher extraordinaria leia sobre encontro bitlymdygsw foto cesar ogatasecom,semana consciencia negra malaak shabazz filha betty shabazz malcolm x mulher extraordinaria leia sobre encontro bitlymdygsw foto cesar ogatasecom,101,added_photos,https://scontent-gru2-2.xx.fbcdn.net/v/t31.0-8/s720x720/1921119_961863777227579_5181711588906319519_o.jpg?_nc_cat=106&_nc_sid=8024bb&_nc_ohc=X2pZyFLR1TsAX94j9d5&_nc_ht=scontent-gru2-2.xx&_nc_tp=7&oh=514b76b193e887340b7cc2654915e2bb&oe=5EAE1349,1407,0,0,0,0,1,True
2015-11-18T17:36:24+0000,904277726319518_961522517261705,limites velocidade sao criticos seguranca transito brasil estimamos velocidade causa fator agravante acidentes transito graves pais questao varia acordo rua estrada tambem cidades estradas exemplo limites geral sao adequados cidades algumas excecoes sao paulo recentemente estabeleceu limite km hora todas ruas limites sao geral altos apesar nao haver limite ideal trafego urbano cidades bom desempenho mundo estabeleceram limite geral km hora chegando km hora areas trafego reduzido onde ha muitos pedestres ciclistas alem velocidade adotada aplicacao efetiva limites pode ser ainda importante tanto ruas urbanas estradas entrevista diretor banco mundial transporte pierre guislan folha spaulo,limites velocidade sao criticos seguranca transito brasil estimamos velocidade causa fator agravante acidentes transito graves pais questao varia acordo rua estrada tambem cidades estradas exemplo limites geral sao adequados cidades algumas excecoes sao paulo recentemente estabeleceu limite km hora todas ruas limites sao geral altos apesar nao haver limite ideal trafego urbano cidades bom desempenho mundo estabeleceram limite geral km hora chegando km hora areas trafego reduzido onde ha muitos pedestres ciclistas alem velocidade adotada aplicacao efetiva limites pode ser ainda importante tanto ruas urbanas estradas entrevista diretor banco mundial transporte pierre guislan folha spaulo,98,shared_story,https://external-gru1-1.xx.fbcdn.net/safe_image.php?d=AQC89EYZ-otFsZfe&url=http%3A%2F%2Ff.i.uol.com.br%2Ffolha%2Ffurniture%2F5.2%2Fimages%2Flgo-folha_facebook.jpg&_nc_hash=AQDGeBo4EW2cqfCD,925,0,0,0,0,0,True
2015-11-17T20:06:10+0000,904277726319518_961092120638078,documentario ilustra transformacao avenida maio maior mural grafite ceu aberto america latina,documentario ilustra transformacao avenida maio maior mural grafite ceu aberto america latina,158,shared_story,https://external-gru1-1.xx.fbcdn.net/safe_image.php?d=AQDH04u687mudR5v&w=1920&h=1080&url=https%3A%2F%2Fi.ytimg.com%2Fvi%2Fe_SJAsRZgTg%2Fmaxresdefault.jpg&crop&_nc_hash=AQD3oXW6Zwd-gxbw,737,0,0,0,0,0,True
2015-11-17T14:00:01+0000,904277726319518_960938147320142,semana consciencia negra mostra lado mundo queremos semana gritar bem lembrar podemos fazer melhorar convivencia cidade veja links abaixo programacao eventos shows gratuitos debates semana,semana consciencia negra mostra lado mundo queremos semana gritar bem lembrar podemos fazer melhorar convivencia cidade veja links abaixo programacao eventos shows gratuitos debates semana,0,shared_story,https://scontent-gru2-2.xx.fbcdn.net/v/t1.0-9/s720x720/12219381_451548655043577_7724647391185424268_n.jpg?_nc_cat=100&_nc_sid=2d5d41&_nc_ohc=HkJnl1ZJuxwAX9f6uPK&_nc_ht=scontent-gru2-2.xx&_nc_tp=7&oh=fb2079e7fec229d73cf712c18a40dc8f&oe=5EACA65A,463,0,0,0,0,0,True
2015-11-17T12:21:37+0000,904277726319518_960929147321042,prefeitura sao paulo vai adotar ensino integral escolas municipais recursos destinados garantem atendimento ate mil estudantes,prefeitura sao paulo vai adotar ensino integral escolas municipais recursos destinados garantem atendimento ate mil estudantes,456,shared_story,https://external-gru1-1.xx.fbcdn.net/safe_image.php?d=AQAYxOOquNMVZlJZ&url=http%3A%2F%2Fimg.estadao.com.br%2Fresources%2Fjpg%2F2%2F6%2F1447686381762.jpg&_nc_hash=AQD7pBhof1fh0bxe,1314,0,0,0,0,0,True
2015-11-14T15:00:05+0000,904277726319518_959308150816475,visita hospitaldia rede hora certa itaim paulista dobrou media mensal cirurgias secretario saude alexandre padilha leia foto fabio arantessecom,visita hospitaldia rede hora certa itaim paulista dobrou media mensal cirurgias secretario saude alexandre padilha leia foto fabio arantessecom,54,added_photos,https://scontent-gru1-1.xx.fbcdn.net/v/t1.0-9/12247028_959308150816475_7772422892540689655_n.jpg?_nc_cat=101&_nc_sid=2d5d41&_nc_ohc=NitDkts2wHcAX-yAVTM&_nc_ht=scontent-gru1-1.xx&oh=24ea54e0b3ec50bd929febd2535acf53&oe=5EAF6CD1,550,0,0,0,0,0,True
2015-11-14T13:00:01+0000,904277726319518_959306934149930,secretario educacao gabriel chalita alunos creche vila dorna regiao tremembe leia foto cesar ogatasecom,secretario educacao gabriel chalita alunos creche vila dorna regiao tremembe leia foto cesar ogatasecom,29,added_photos,https://scontent-gru2-1.xx.fbcdn.net/v/t1.0-9/12227013_959306934149930_7949613846346100617_n.jpg?_nc_cat=109&_nc_sid=2d5d41&_nc_ohc=Se9VNZVKwu0AX_d4O3S&_nc_ht=scontent-gru2-1.xx&oh=88fa6176558b4c81d7479f8974d7425a&oe=5EAD84B1,384,0,0,0,0,3,True
2015-11-14T13:00:01+0000,904277726319518_959304897483467,escritora ruth rocha ana estela haddad abertura encontro mundial invencao literaria leia foto leon rodriguessecom,escritora ruth rocha ana estela fh abertura encontro mundial invencao literaria leia foto leon rodriguessecom,20,added_photos,https://scontent-gru2-1.xx.fbcdn.net/v/t1.0-9/12243095_959304897483467_1196425065827365671_n.jpg?_nc_cat=111&_nc_sid=2d5d41&_nc_ohc=VsBzNNHOzZQAX8sgWRe&_nc_ht=scontent-gru2-1.xx&oh=6e5a544b5faaccfff68429743b3c2e1b&oe=5EAE442B,440,0,0,0,0,2,True
2015-11-14T13:00:01+0000,904277726319518_959299677483989,eduardo suplicy secretario municipal direitos humanos cidadania rogerio sottili secretario ministerio mulheres igualdade racial direitos humanos paul singer secretario nacional economia solidaria ministerio trabalho previdencia artur henrique secretario municipal desenvolvimento trabalho empreendedorismo lancamento centro economia solidaria leia foto heloisa ballarinisecom,eduardo suplicy secretario municipal direitos humanos cidadania rogerio sottili secretario ministerio mulheres igualdade racial direitos humanos paul singer secretario nacional economia solidaria ministerio trabalho previdencia artur henrique secretario municipal desenvolvimento trabalho empreendedorismo lancamento centro economia solidaria leia foto heloisa ballarinisecom,29,added_photos,https://scontent-gru2-1.xx.fbcdn.net/v/t1.0-9/12243318_959299677483989_6282530001508634720_n.jpg?_nc_cat=109&_nc_sid=2d5d41&_nc_ohc=-9a4UJcTIKkAX8slDW8&_nc_ht=scontent-gru2-1.xx&oh=94f6f97e003f28d956f0c719792a6f4b&oe=5EAC3852,427,0,0,0,0,3,True
2015-11-13T21:33:26+0000,904277726319518_959357800811510,ate india simply sao paulo how communist mayor is making city smart its people simplesmente sao paulo prefeito comunista fazendo cidade inteligente povo,ate india simply sao paulo how communist mayor is making city smart its people simplesmente sao paulo prefeito comunista fazendo cidade inteligente povo,719,shared_story,https://external-gru1-1.xx.fbcdn.net/safe_image.php?d=AQDtsEfx2Hgdwsig&url=http%3A%2F%2F128.199.141.55%2Fwp-content%2Fuploads%2F2015%2F11%2Fsao-paulo-cropped.jpg&_nc_hash=AQBG-7S7pUeQYJxN,3598,0,0,0,0,2,True
2015-11-13T18:58:07+0000,904277726319518_959276637486293,assumi sao paulo tecnicamente insolvente divida consolidada impagavel cidade atinge agora grau investimento fitch porque gestao financeira impecavel nesses tres anos contratos revistos superamos problema precatorios renegociamos divida uniao criamos secretaria combate corrupcao mandamos camara reforma previdencia trecho entrevista concedida jornalista monica bergamo publicada hoje folha spaulo,assumi sao paulo tecnicamente insolvente divida consolidada impagavel cidade atinge agora grau investimento fitch porque gestao financeira impecavel nesses tres anos contratos revistos superamos problema precatorios renegociamos divida uniao criamos secretaria combate corrupcao mandamos camara reforma previdencia trecho entrevista concedida jornalista monica bergamo publicada hoje folha spaulo,527,shared_story,https://external-gru1-1.xx.fbcdn.net/safe_image.php?d=AQDrGoEWMaXnvuma&url=http%3A%2F%2Ff.i.uol.com.br%2Ffolha%2Fpoder%2Fimages%2F15316733.jpeg&_nc_hash=AQCOHUiMnCMliYCO,2713,0,0,0,0,0,True
2015-11-11T23:36:53+0000,904277726319518_958458670901423,cidade sao paulo obtem selo investimento agencia risco,cidade sao paulo obtem selo investimento agencia risco,258,shared_story,https://external-gru1-1.xx.fbcdn.net/safe_image.php?d=AQC89EYZ-otFsZfe&url=http%3A%2F%2Ff.i.uol.com.br%2Ffolha%2Ffurniture%2F5.2%2Fimages%2Flgo-folha_facebook.jpg&_nc_hash=AQDGeBo4EW2cqfCD,1466,0,0,0,0,0,True
2015-11-10T19:30:00+0000,904277726319518_957866147627342,prefeitura sao paulo criou passe livre dias desempregados beneficio vale findo periodo coberto segurodesemprego ainda nao conseguido colocacao saiba,prefeitura sao paulo criou passe livre dias desempregados beneficio vale findo periodo coberto segurodesemprego ainda nao conseguido colocacao saiba,0,shared_story,https://scontent-gru1-1.xx.fbcdn.net/v/t31.0-8/p720x720/12232924_450036728528103_4471877000511239888_o.jpg?_nc_cat=101&_nc_sid=2d5d41&_nc_ohc=iFKGXQ3JPgQAX_tqcWS&_nc_ht=scontent-gru1-1.xx&_nc_tp=6&oh=4facb8013385acdc285998cc753fbe9b&oe=5EADAC53,1426,0,0,0,0,0,True
2015-11-08T13:38:50+0000,904277726319518_956945177719439,nesse momento mulheres homens mobilizam diante violencia contra mulher transcrevo depoimento companheira ana estela haddad sobre primeiroassedio agoraequesaoelas anos havia visto filme romantico cinema prima gostei filme resolvi assistir novo nao ninguem fazer companhia sessao tarde havia poucas pessoas senhor bem velho sentou lado intervalo cadeira durante sessao comecou masturbar nao entendi direito fazendo perturbou demais nao preparada situacao sai pouco antes terminar sessao apagado memoria mente comecei ler pouco sobre assunto [ primeiro assedio ] lembranca vindo depoimento publicado hoje revista sao paulo,nesse momento mulheres homens mobilizam diante violencia contra mulher transcrevo depoimento companheira ana estela fh sobre primeiroassedio agoraequesaoelas anos havia visto filme romantico cinema prima gostei filme resolvi assistir novo nao ninguem fazer companhia sessao tarde havia poucas pessoas senhor bem velho sentou lado intervalo cadeira durante sessao comecou masturbar nao entendi direito fazendo perturbou demais nao preparada situacao sai pouco antes terminar sessao apagado memoria mente comecei ler pouco sobre assunto [ primeiro assedio ] lembranca vindo depoimento publicado hoje revista sao paulo,167,mobile_status_update,None,2622,0,1,2,0,0,True
2015-11-06T23:33:00+0000,904277726319518_956240164456607,hospital dia hora certa sao miguel paulista foto cesar ogatasecom,hospital dia hora certa sao miguel paulista foto cesar ogatasecom,23,added_photos,https://scontent-gru2-2.xx.fbcdn.net/v/t31.0-8/s720x720/12188058_956240164456607_3039655769479773551_o.jpg?_nc_cat=106&_nc_sid=2d5d41&_nc_ohc=Bw75hkb30_0AX_ZkHBU&_nc_ht=scontent-gru2-2.xx&_nc_tp=7&oh=0584520afd10cc09b3d5c017267ed071&oe=5EADE01A,386,0,0,0,0,1,True
2015-11-06T23:32:00+0000,904277726319518_956238011123489,visita bernie ecclestone presidente ceo formula one management formula one administration autodromo interlagos foto cesar ogatasecom,visita bernie ecclestone presidente ceo formula one management formula one administration autodromo interlagos foto cesar ogatasecom,7,added_photos,https://scontent-gru2-2.xx.fbcdn.net/v/t1.0-9/12065838_956238011123489_501463733143478124_n.jpg?_nc_cat=100&_nc_sid=2d5d41&_nc_ohc=lFn1g2L9kvcAX-U5hZh&_nc_ht=scontent-gru2-2.xx&oh=7bb19748be089a9e28a6932890759bfa&oe=5EAD44EB,191,0,0,0,0,0,True
2015-11-06T22:04:56+0000,904277726319518_956236507790306,maria rita kehl debate cidade cultura construcao outro imaginario urbano centro cultural sao paulo debate tambem participacao nabil bounduki carlos vainer juca ferreira foto heloisa ballarinisecom,maria rita kehl debate cidade cultura construcao outro imaginario urbano centro cultural sao paulo debate tambem participacao nabil bounduki carlos vainer juca ferreira foto heloisa ballarinisecom,31,added_photos,https://scontent-gru2-1.xx.fbcdn.net/v/t31.0-8/s720x720/11251057_956236507790306_5039109317273056925_o.jpg?_nc_cat=111&_nc_sid=2d5d41&_nc_ohc=vCxHY2GlpjsAX9SGOMA&_nc_ht=scontent-gru2-1.xx&_nc_tp=7&oh=21dc049bbb67e1297a22d618e41bc997&oe=5EAD90D7,652,0,0,0,0,0,True
2015-11-06T22:04:55+0000,904277726319518_956167561130534,ana estela haddad coordenadora sao paulo carinhosa atriz camila mardila diretora anna muylaert horas volta camila trouxe presente lata spray frase it ll take time to restore chaos leva tempo restaurar caos referencia famosa frase george w bush bush presidente eua falava reporteres sobre situacao iraque queria dizer restaurar ordem confundiu engano entrou anedotario expresidente americano fotos heloisa ballarinisecom,ana estela fh coordenadora sao paulo carinhosa atriz camila mardila diretora anna muylaert horas volta camila trouxe presente lata spray frase it ll take time to restore chaos leva tempo restaurar caos referencia famosa frase george w bush bush presidente eua falava reporteres sobre situacao iraque queria dizer restaurar ordem confundiu engano entrou anedotario expresidente americano fotos heloisa ballarinisecom,44,added_photos,https://scontent-gru1-1.xx.fbcdn.net/v/t31.0-8/s720x720/12194707_956163584464265_5419651702867896192_o.jpg?_nc_cat=104&_nc_sid=8024bb&_nc_ohc=gtYcTvVUAAoAX9gDwy9&_nc_ht=scontent-gru1-1.xx&_nc_tp=7&oh=5713138e9c9710422a739fb233c3c16c&oe=5EAD0F2C,1097,0,0,0,0,0,True
2015-11-05T21:08:12+0000,904277726319518_955602274520396,salva vida salva mundo inteiro frase aparece talmude compilacao leis tradicoes judaicas alcorao livro sagrado isla ruas cidade sao paulo agosto mortes transito queda relacao agosto vidas salvas partir implantacao reducao velocidade parabens sao paulo juntos vamos reduzir numero ainda,salva vida salva mundo inteiro frase aparece talmude compilacao leis tradicoes judaicas alcorao livro sagrado isla ruas cidade sao paulo agosto mortes transito queda relacao agosto vidas salvas partir implantacao reducao velocidade parabens sao paulo juntos vamos reduzir numero ainda,225,added_photos,https://scontent-gru1-1.xx.fbcdn.net/v/t1.0-9/s720x720/12196320_955602274520396_6692621115391450716_n.jpg?_nc_cat=103&_nc_sid=2d5d41&_nc_ohc=rhXH98Y8z6QAX8Rfcnj&_nc_ht=scontent-gru1-1.xx&_nc_tp=7&oh=6b553719db68ccd227e1bde77778b339&oe=5EAD8C59,1531,0,0,0,0,3,True
2015-11-04T12:08:07+0000,904277726319518_955096561237634,participo hoje debate ministro cultura juca ferreira psicanalista maria rita kehl sobre cultura cidade construcao outro imaginario urbano centro cultural sao paulo evento tera transmissao vivo partir h,participo hoje debate ministro cultura juca ferreira psicanalista maria rita kehl sobre cultura cidade construcao outro imaginario urbano centro cultural sao paulo evento tera transmissao vivo partir h,22,added_photos,https://scontent-gru2-2.xx.fbcdn.net/v/t1.0-9/p720x720/12190831_955096561237634_3485610569231385691_n.png?_nc_cat=106&_nc_sid=2d5d41&_nc_ohc=fXSwg7ibAGkAX9-HVo3&_nc_ht=scontent-gru2-2.xx&oh=528f8844e3ab91b5ee2d3a0d905eeee8&oe=5EAEEE60,246,0,0,0,0,0,True
2015-11-03T22:00:00+0000,904277726319518_954869224593701,inovacao hoje segunda cidade vai sediar primeira sao paulo tech week atividades oficinas cursos debates competicoes hackatonas palestras exposicoes maioria atividades gratuita aberta publico,inovacao hoje segunda cidade vai sediar primeira sao paulo tech week atividades oficinas cursos debates competicoes hackatonas palestras exposicoes maioria atividades gratuita aberta publico,0,shared_story,https://scontent-gru2-2.xx.fbcdn.net/v/t31.0-8/s720x720/12195046_447318915466551_4301449325881334950_o.jpg?_nc_cat=105&_nc_sid=2d5d41&_nc_ohc=AuHr3aiDKLcAX_IBPa6&_nc_ht=scontent-gru2-2.xx&_nc_tp=7&oh=25c19e1dd595e0f67a275abb99a78b44&oe=5EAF990E,400,0,0,0,0,0,True
2015-10-31T12:46:53+0000,904277726319518_953386484741975,ruaaberta paulistaaberta neste domingo dia novembro cinco ruas avenidas estarao abertas pedestres ciclistas aricanduva m boi mirim cidade ademar pirituba ermelino matarazzo vai funcionar exatamente paulista dash h carros nao circulam vias escolhidas populacao audiencias publicas,ruaaberta paulistaaberta neste domingo dia novembro cinco ruas avenidas estarao abertas pedestres ciclistas aricanduva m boi mirim cidade ademar pirituba ermelino matarazzo vai funcionar exatamente paulista dash h carros nao circulam vias escolhidas populacao audiencias publicas,390,shared_story,https://external-gru1-1.xx.fbcdn.net/safe_image.php?d=AQCAqh0_KwMbNQ_W&url=https%3A%2F%2Fwww.facebook.com%2Fads%2Fimage%2F%3Fd%3DAQKPHDAql3QM_u-ZfFztftW7z3Xh8ACC0aLG1oDB2nW_E_FY52fL-tlwmWDUot5e_MMJBJxm_PLVhNooBVEa7wsvAtZjSto3EfGOpWELWXz4-ZbrVe_lJ0O0WjMThAyUrlkn-DBtEYatNXd32JqkEdX7&_nc_hash=AQANpzCjx1IrRPRD,1505,0,0,0,0,0,True
2015-10-29T21:36:12+0000,904277726319518_952757028138254,dados novo monitoramento cet divulgado hoje apontam queda quantidade acidentes atropelamentos diminuicao numero feridos mortes transito saopaulopraspessoas,dados novo monitoramento cet divulgado hoje apontam queda quantidade acidentes atropelamentos diminuicao numero feridos mortes transito saopaulopraspessoas,1003,shared_story,https://scontent-gru1-1.xx.fbcdn.net/v/t45.1600-4/12124811_6033547860887_1087015198_n.png?_nc_ohc=gZQ2B8IzsyUAX8D_9im&_nc_ht=scontent-gru1-1.xx&oh=7d52ab363221aca22cf202d84009eb66&oe=5EAECF26,2291,0,0,0,0,0,True
2015-10-28T22:30:00+0000,904277726319518_952274221519868,visita pavilhao japones parque ibirapuera principe akishino princesa kiko altezas imperiais estao cidade comemorar aniversario tratado amizade brasil japao,visita pavilhao japones parque ibirapuera principe akishino princesa kiko altezas imperiais estao cidade comemorar aniversario tratado amizade brasil japao,51,added_photos,https://scontent-gru2-1.xx.fbcdn.net/v/t1.0-9/12189763_952272858186671_5612187898491712381_n.jpg?_nc_cat=111&_nc_sid=8024bb&_nc_ohc=_zWGbnEbwSkAX_l4l1y&_nc_ht=scontent-gru2-1.xx&oh=c07c4cc61f8824f98809ec42479a51fd&oe=5EAFE420,480,0,0,0,0,0,True
2015-10-28T21:21:15+0000,904277726319518_952294264851197,terceira edicao pergunteaoprefeito conversei jornalista gilberto dimenstein sobre mobilidade ampliacao participacao popular processos decisorios cidade programa transmitido vivo ontem canal youtube realizado parceria site catraca livre,terceira edicao pergunteaoprefeito conversei jornalista gilberto dimenstein sobre mobilidade ampliacao participacao popular processos decisorios cidade programa transmitido vivo ontem canal youtube realizado parceria site catraca livre,54,shared_story,https://scontent-gru2-2.xx.fbcdn.net/v/t45.1600-4/c0.0.2048.2048a/p2048x2048/12124720_6035507258947_832169487_n.jpg?_nc_cat=105&_nc_sid=eaa83b&_nc_ohc=yRH1eutK0coAX8e9hWT&_nc_ht=scontent-gru2-2.xx&oh=04d80f50c1a9804e2e3d4ace7afc34ce&oe=5EAE4256,524,0,0,0,0,0,True
2015-10-27T17:56:53+0000,904277726319518_951794714901152,almoco chico cesar foto barbara santos,almoco chico cesar foto barbara santos,46,added_photos,https://scontent-gru1-1.xx.fbcdn.net/v/t31.0-8/s720x720/12045531_951791728234784_6116108209406216109_o.jpg?_nc_cat=101&_nc_sid=e007fa&_nc_ohc=gbWl-NVK42sAX-nMfUu&_nc_ht=scontent-gru1-1.xx&_nc_tp=7&oh=977c63f2a3e67e82b72049fc66c3a956&oe=5EAC8A29,1043,0,1,0,0,3,True
2015-10-27T11:51:14+0000,904277726319518_951679671579323,bemvind perfil oficial partir hoje aqui facebook ideia canal comunicacao contribua debate franco democratico sobre cidade sao paulo alem disso continuo usando conta haddadfernando twitter,bemvind perfil oficial partir hoje aqui facebook ideia canal comunicacao contribua debate franco democratico sobre cidade sao paulo alem disso continuo usando conta fhfh twitter,166,mobile_status_update,None,2163,0,0,0,0,0,True
2015-10-26T22:55:36+0000,904277726319518_951500671597223,estudantes ano escola municipal ensino fundamental emehf vargem grande transformaram terreno abandonado area esporte lazer kaique custodio soares souza lucas silva oliveira joao vitor santos araujo gabriel albino oliveira levaram ideia professora dalila goes motta projeto criacao bosque xerife tornouse trabalho conclusao ciclo estudantes puderam aprender aprender projeto mobilizacao participacao democracia trabalho colaborativo escola podem mudar condicao social leia sobre projeto,estudantes ano escola municipal ensino fundamental emehf vargem grande transformaram terreno abandonado area esporte lazer kaique custodio soares souza lucas silva oliveira joao vitor santos araujo gabriel albino oliveira levaram ideia professora dalila goes motta projeto criacao bosque xerife tornouse trabalho conclusao ciclo estudantes puderam aprender aprender projeto mobilizacao participacao democracia trabalho colaborativo escola podem mudar condicao social leia sobre projeto,114,added_photos,https://scontent-gru2-2.xx.fbcdn.net/v/t1.0-9/10429838_951500671597223_7738378986469932885_n.jpg?_nc_cat=102&_nc_sid=2d5d41&_nc_ohc=OTFO9CWBSIgAX9fkOKp&_nc_ht=scontent-gru2-2.xx&oh=b8b376dc87b7745afc91685bacc2b6b0&oe=5EACA792,482,0,0,0,0,9,True
2015-10-26T21:07:23+0000,904277726319518_951472934933330,homenagem dia dentista encaminhei camara pl reduz taxa residuo solido saude beneficiando mil profissionais consultorios odontologicos clinicas medicas veterinarias parabens,homenagem dia dentista encaminhei camara pl reduz taxa residuo solido saude beneficiando mil profissionais consultorios odontologicos clinicas medicas veterinarias parabens,14,shared_story,https://external-gru1-1.xx.fbcdn.net/safe_image.php?d=AQBYvfSAp2b_ndpD&url=https%3A%2F%2Fwww.facebook.com%2Fads%2Fimage%2F%3Fd%3DAQKqYWLrjC-AFyHcqx67aGOxoRt7FferVSarY2-UPR5wNJP3vF9Vhxdqdqb-EpiWSI_7aHuAPEhIYN6csmo09_vBG2T-AkUPgH4LdwaGV9sEUztfrcgLXjrF8HUUhsMbIceIQ5PdI5cT9TYVmeRJfipN&_nc_hash=AQCTSlwmKC4pj8tm,215,0,0,0,0,0,True
2015-10-26T21:02:45+0000,904277726319518_951471134933510,projeto grafita fachada predios regiao central sao paulo sampa show arte urbana,projeto grafita fachada predios regiao central sao paulo sampa show arte urbana,115,shared_story,https://external-gru1-1.xx.fbcdn.net/safe_image.php?d=AQDeCBq7ZRpm7u_A&url=https%3A%2F%2Fwww.facebook.com%2Fads%2Fimage%2F%3Fd%3DAQIm6y_SDl4q37erbp2opkWxT9CV-op0uZp0z3_sGknjcXt2RijvjC0L2rVMMe2qfOHjHGs886bUy2vfYb8mq_tt3qMac_dc8-Z8A00BninGqOe1JZCqvcuIMOsTEi4qEB7Os4v839aKCJ3KOaZCgLSQ&_nc_hash=AQB5zTxz8DF4EN6I,488,0,0,0,0,0,True
2015-10-26T21:39:03+0000,904277726319518_951480754932548,prefeitura sao paulo estudando modelos eleicoes subprefeituras ha varios caminhos populacao participe desde eleicao direta ate lista triplice estudando alternativas devemos fazer proposta novo modelo antes ano vem falei disso sabatina cbn jornalistas fabiola cidral leao serva milton abrucio renata lo prete participei manha aqui integra,prefeitura sao paulo estudando modelos eleicoes subprefeituras ha varios caminhos populacao participe desde eleicao direta ate lista triplice estudando alternativas devemos fazer proposta novo modelo antes ano vem falei disso sabatina cbn jornalistas fabiola cidral leao serva milton abrucio renata lo prete participei manha aqui integra,49,shared_story,https://external-gru1-1.xx.fbcdn.net/safe_image.php?url=https%3A%2F%2Fwww.facebook.com%2Fads%2Fimage%2F%3Fd%3DAQKAN85x_3z4qSf_KOFn_oecPcAb9PSDdV0pNlqe5wGcVjD0tQ9l0DHte0b8TddoNtaPz_Aw9RjyeqJV1zfDk96hVlwmoJr--tD9pJvRS2kdO5j5oEXiSAIsR_3fN0pgEMg2ZNoe8I3kAKzqKtAO84TX&_nc_hash=AQBFJduSmC-UMIgq,291,0,0,0,0,0,True
2015-10-16T21:25:59+0000,904277726319518_947476378666319,paulistaaberta,paulistaaberta,0,shared_story,https://scontent-gru2-2.xx.fbcdn.net/v/t1.0-9/12112187_444141562450953_8543305839089425869_n.jpg?_nc_cat=106&_nc_sid=2d5d41&_nc_ohc=PWa69obdj6QAX8DUFG2&_nc_ht=scontent-gru2-2.xx&oh=6d28a7d4e4490c0cd45133e6274cea56&oe=5EADCD25,341,0,0,0,0,0,True
